%%MatrixMarket matrix array real general
%
1023 1
1.1678998925007417e-01
1.5404504080234904e-01
1.8109821249905717e-01
2.0310444595596794e-01
2.2197958765117831e-01
2.3867942137985940e-01
2.5375988110330949e-01
2.6757703864075832e-01
2.8037467660146698e-01
2.9232808863357240e-01
3.0356815924026265e-01
3.1419557794812725e-01
3.2428970984679834e-01
3.3391438495408854e-01
3.4312181862268976e-01
3.5195534973668879e-01
3.6045140421653254e-01
3.6864093532188275e-01
3.7655050125668543e-01
3.8420308554284216e-01
3.9161873125658991e-01
3.9881503814557939e-01
4.0580755710965211e-01
4.1261010674418858e-01
4.1923502992652689e-01
4.2569340372912934e-01
4.3199521260566293e-01
4.3814949238904416e-01
4.4416445088061357e-01
4.5004756950672242e-01
4.5580568954326001e-01
4.6144508567003178e-01
4.6697152905222455e-01
4.7239034171048760e-01
4.7770644360205761e-01
4.8292439356930972e-01
4.8804842510180002e-01
4.9308247769042191e-01
4.9803022441809708e-01
5.0289509632318230e-01
5.0768030398395270e-01
5.1238885670086687e-01
5.1702357959454115e-01
5.2158712888890235e-01
5.2608200560884300e-01
5.3051056788829598e-01
5.3487504205671910e-01
5.3917753264854817e-01
5.4342003146042139e-01
5.4760442576428003e-01
5.5173250577026423e-01
5.5580597142124777e-01
5.5982643859052517e-01
5.6379544474531873e-01
5.6771445413115251e-01
5.7158486252557783e-01
5.7540800160405126e-01
5.7918514295583756e-01
5.8291750178352897e-01
5.8660624031602682e-01
5.9025247096157840e-01
5.9385725922458832e-01
5.9742162640742014e-01
6.0094655211619175e-01
6.0443297658761475e-01
6.0788180285221249e-01
6.1129389874771833e-01
6.1467009879511070e-01
6.1801120594853121e-01
6.2131799322926884e-01
6.2459120525303269e-01
6.2783155965888437e-01
6.3103974844743849e-01
6.3421643923525506e-01
6.3736227643172971e-01
6.4047788234424208e-01
6.4356385821681683e-01
6.4662078520711108e-01
6.4964922530613067e-01
6.5264972220471418e-01
6.5562280211049506e-01
6.5856897451874241e-01
6.6148873294021959e-01
6.6438255558894277e-01
6.6725090603250048e-01
6.7009423380738720e-01
6.7291297500162028e-01
6.7570755280673156e-01
6.7847837804107691e-01
6.8122584964625710e-01
6.8395035515831515e-01
6.8665227115525507e-01
6.8933196368231642e-01
6.9198978865633676e-01
6.9462609225044269e-01
6.9724121126022209e-01
6.9983547345245445e-01
7.0240919789739953e-01
7.0496269528557987e-01
7.0749626822993150e-01
7.1001021155413502e-01
7.1250481256789366e-01
7.1498035132986748e-01
7.1743710089893531e-01
7.1987532757440631e-01
7.2229529112577151e-01
7.2469724501254151e-01
7.2708143659468982e-01
7.2944810733418430e-01
7.3179749298806396e-01
7.3412982379348901e-01
7.3644532464516643e-01
7.3874421526553224e-01
7.4102671036804479e-01
7.4329301981393003e-01
7.4554334876269168e-01
7.4777789781668880e-01
7.4999686316006287e-01
7.5220043669228043e-01
7.5438880615654369e-01
7.5656215526330839e-01
7.5872066380913306e-01
7.6086450779107362e-01
7.6299385951682563e-01
7.6510888771080354e-01
7.6720975761634014e-01
7.6929663109417745e-01
7.7136966671740959e-01
7.7342901986303603e-01
7.7547484280026768e-01
7.7750728477572806e-01
7.7952649209567948e-01
7.8153260820540205e-01
7.8352577376584154e-01
7.8550612672764430e-01
7.8747380240268217e-01
7.8942893353317400e-01
7.9137165035849977e-01
7.9330208067980057e-01
7.9522034992245394e-01
7.9712658119650859e-01
7.9902089535515874e-01
8.0090341105133667e-01
8.0277424479249471e-01
8.0463351099364777e-01
8.0648132202874445e-01
8.0831778828042744e-01
8.1014301818824752e-01
8.1195711829538753e-01
8.1376019329395277e-01
8.1555234606888027e-01
8.1733367774051890e-01
8.1910428770592869e-01
8.2086427367894577e-01
8.2261373172905761e-01
8.2435275631913152e-01
8.2608144034203801e-01
8.2779987515620612e-01
8.2950815062015137e-01
8.3120635512601015e-01
8.3289457563211500e-01
8.3457289769464604e-01
8.3624140549838877e-01
8.3790018188662807e-01
8.3954930839021003e-01
8.4118886525579795e-01
8.4281893147334908e-01
8.4443958480284087e-01
8.4605090180026887e-01
8.4765295784294015e-01
8.4924582715408836e-01
8.5082958282682986e-01
8.5240429684748176e-01
8.5397004011826527e-01
8.5552688247941222e-01
8.5707489273069248e-01
8.5861413865238367e-01
8.6014468702569868e-01
8.6166660365268777e-01
8.6317995337563291e-01
8.6468480009594939e-01
8.6618120679260924e-01
8.6766923554010211e-01
8.6914894752594807e-01
8.7062040306777322e-01
8.7208366162996520e-01
8.7353878183991818e-01
8.7498582150388027e-01
8.7642483762241619e-01
8.7785588640549483e-01
8.7927902328721497e-01
8.8069430294017637e-01
8.8210177928951061e-01
8.8350150552657769e-01
8.8489353412234073e-01
8.8627791684042689e-01
8.8765470474988206e-01
8.8902394823763153e-01
8.9038569702065118e-01
8.9174000015785915e-01
8.9308690606173613e-01
8.9442646250968005e-01
8.9575871665510465e-01
8.9708371503828710e-01
8.9840150359697279e-01
8.9971212767674291e-01
9.0101563204115243e-01
9.0231206088164329e-01
9.0360145782723933e-01
9.0488386595403014e-01
9.0615932779444608e-01
9.0742788534633478e-01
9.0868958008183875e-01
9.0994445295608484e-01
9.1119254441568587e-01
9.1243389440706213e-01
9.1366854238458617e-01
9.1489652731855620e-01
9.1611788770300140e-01
9.1733266156332427e-01
9.1854088646378340e-01
9.1974259951482262e-01
9.2093783738024704e-01
9.2212663628425295e-01
9.2330903201831338e-01
9.2448505994792352e-01
9.2565475501920980e-01
9.2681815176540483e-01
9.2797528431319298e-01
9.2912618638892785e-01
9.3027089132472707e-01
9.3140943206444593e-01
9.3254184116953143e-01
9.3366815082476351e-01
9.3478839284388193e-01
9.3590259867510417e-01
9.3701079940653587e-01
9.3811302577147659e-01
9.3920930815362358e-01
9.4029967659217439e-01
9.4138416078683407e-01
9.4246279010272505e-01
9.4353559357520489e-01
9.4460259991459283e-01
9.4566383751080729e-01
9.4671933443791612e-01
9.4776911845860334e-01
9.4881321702855037e-01
9.4985165730073862e-01
9.5088446612967070e-01
9.5191167007551580e-01
9.5293329540817717e-01
9.5394936811128705e-01
9.5495991388612889e-01
9.5596495815548654e-01
9.5696452606742743e-01
9.5795864249901419e-01
9.5894733205995286e-01
9.5993061909617328e-01
9.6090852769334889e-01
9.6188108168035047e-01
9.6284830463264304e-01
9.6381021987561921e-01
9.6476685048787736e-01
9.6571821930444002e-01
9.6666434891991782e-01
9.6760526169161876e-01
9.6854097974260167e-01
9.6947152496468014e-01
9.7039691902137271e-01
9.7131718335080308e-01
9.7223233916855145e-01
9.7314240747045744e-01
9.7404740903537468e-01
9.7494736442787955e-01
9.7584229400093492e-01
9.7673221789850828e-01
9.7761715605814681e-01
9.7849712821350932e-01
9.7937215389685606e-01
9.8024225244149765e-01
9.8110744298420394e-01
9.8196774446757218e-01
9.8282317564235766e-01
9.8367375506976551e-01
9.8451950112370568e-01
9.8536043199301071e-01
9.8619656568361835e-01
9.8702792002071860e-01
9.8785451265086621e-01
9.8867636104405954e-01
9.8949348249578550e-01
9.9030589412903380e-01
9.9111361289627609e-01
9.9191665558141695e-01
9.9271503880171219e-01
9.9350877900965706e-01
9.9429789249484590e-01
9.9508239538580123e-01
9.9586230365177542e-01
9.9663763310452347e-01
9.9740839940004955e-01
9.9817461804032448e-01
9.9893630437497849e-01
9.9969347360296723e-01
1.0004461407742125e+00
1.0011943207912162e+00
1.0019380284106532e+00
1.0026772782449356e+00
1.0034120847637569e+00
1.0041424622956101e+00
1.0048684250292850e+00
1.0055899870153404e+00
1.0063071621675577e+00
1.0070199642643687e+00
1.0077284069502646e+00
1.0084325037371837e+00
1.0091322680058779e+00
1.0098277130072577e+00
1.0105188518637209e+00
1.0112056975704573e+00
1.0118882629967367e+00
1.0125665608871779e+00
1.0132406038629977e+00
1.0139104044232430e+00
1.0145759749460037e+00
1.0152373276896092e+00
1.0158944747938055e+00
1.0165474282809182e+00
1.0171962000569945e+00
1.0178408019129330e+00
1.0184812455255947e+00
1.0191175424588970e+00
1.0197497041648949e+00
1.0203777419848450e+00
1.0210016671502531e+00
1.0216214907839101e+00
1.0222372239009088e+00
1.0228488774096498e+00
1.0234564621128317e+00
1.0240599887084265e+00
1.0246594677906431e+00
1.0252549098508739e+00
1.0258463252786321e+00
1.0264337243624726e+00
1.0270171172909008e+00
1.0275965141532701e+00
1.0281719249406636e+00
1.0287433595467661e+00
1.0293108277687240e+00
1.0298743393079903e+00
1.0304339037711610e+00
1.0309895306707979e+00
1.0315412294262412e+00
1.0320890093644082e+00
1.0326328797205853e+00
1.0331728496392041e+00
1.0337089281746104e+00
1.0342411242918201e+00
1.0347694468672670e+00
1.0352939046895373e+00
1.0358145064600963e+00
1.0363312607940041e+00
1.0368441762206215e+00
1.0373532611843064e+00
1.0378585240450997e+00
1.0383599730794033e+00
1.0388576164806465e+00
1.0393514623599456e+00
1.0398415187467533e+00
1.0403277935894986e+00
1.0408102947562186e+00
1.0412890300351816e+00
1.0417640071355012e+00
1.0422352336877430e+00
1.0427027172445209e+00
1.0431664652810877e+00
1.0436264851959147e+00
1.0440827843112670e+00
1.0445353698737667e+00
1.0449842490549524e+00
1.0454294289518269e+00
1.0458709165874012e+00
1.0463087189112286e+00
1.0467428427999321e+00
1.0471732950577239e+00
1.0476000824169200e+00
1.0480232115384440e+00
1.0484426890123268e+00
1.0488585213581991e+00
1.0492707150257754e+00
1.0496792763953326e+00
1.0500842117781826e+00
1.0504855274171356e+00
1.0508832294869614e+00
1.0512773240948385e+00
1.0516678172808025e+00
1.0520547150181847e+00
1.0524380232140456e+00
1.0528177477096023e+00
1.0531938942806505e+00
1.0535664686379795e+00
1.0539354764277817e+00
1.0543009232320564e+00
1.0546628145690082e+00
1.0550211558934393e+00
1.0553759525971358e+00
1.0557272100092494e+00
1.0560749333966737e+00
1.0564191279644133e+00
1.0567597988559501e+00
1.0570969511536028e+00
1.0574305898788809e+00
1.0577607199928345e+00
1.0580873463963989e+00
1.0584104739307330e+00
1.0587301073775548e+00
1.0590462514594696e+00
1.0593589108402952e+00
1.0596680901253810e+00
1.0599737938619229e+00
1.0602760265392743e+00
1.0605747925892504e+00
1.0608700963864293e+00
1.0611619422484488e+00
1.0614503344362973e+00
1.0617352771546023e+00
1.0620167745519111e+00
1.0622948307209716e+00
1.0625694496990046e+00
1.0628406354679745e+00
1.0631083919548538e+00
1.0633727230318859e+00
1.0636336325168405e+00
1.0638911241732674e+00
1.0641452017107451e+00
1.0643958687851265e+00
1.0646431289987777e+00
1.0648869859008163e+00
1.0651274429873441e+00
1.0653645037016750e+00
1.0655981714345606e+00
1.0658284495244124e+00
1.0660553412575167e+00
1.0662788498682503e+00
1.0664989785392895e+00
1.0667157304018164e+00
1.0669291085357204e+00
1.0671391159697985e+00
1.0673457556819492e+00
1.0675490305993645e+00
1.0677489435987173e+00
1.0679454975063469e+00
1.0681386950984393e+00
1.0683285391012038e+00
1.0685150321910486e+00
1.0686981769947497e+00
1.0688779760896194e+00
1.0690544320036688e+00
1.0692275472157693e+00
1.0693973241558083e+00
1.0695637652048442e+00
1.0697268726952562e+00
1.0698866489108916e+00
1.0700430960872094e+00
1.0701962164114212e+00
1.0703460120226285e+00
1.0704924850119579e+00
1.0706356374226906e+00
1.0707754712503916e+00
1.0709119884430338e+00
1.0710451909011207e+00
1.0711750804778035e+00
1.0713016589789983e+00
1.0714249281634973e+00
1.0715448897430786e+00
1.0716615453826135e+00
1.0717748967001681e+00
1.0718849452671055e+00
1.0719916926081821e+00
1.0720951402016419e+00
1.0721952894793094e+00
1.0722921418266760e+00
1.0723856985829878e+00
1.0724759610413266e+00
1.0725629304486899e+00
1.0726466080060690e+00
1.0727269948685214e+00
1.0728040921452431e+00
1.0728779008996356e+00
1.0729484221493728e+00
1.0730156568664622e+00
1.0730796059773053e+00
1.0731402703627544e+00
1.0731976508581660e+00
1.0732517482534529e+00
1.0733025632931323e+00
1.0733500966763707e+00
1.0733943490570281e+00
1.0734353210436967e+00
1.0734730131997390e+00
1.0735074260433213e+00
1.0735385600474470e+00
1.0735664156399838e+00
1.0735909932036907e+00
1.0736122930762411e+00
1.0736303155502440e+00
1.0736450608732611e+00
1.0736565292478224e+00
1.0736647208314385e+00
1.0736696357366096e+00
1.0736712740308338e+00
1.0736696357366096e+00
1.0736647208314385e+00
1.0736565292478224e+00
1.0736450608732611e+00
1.0736303155502440e+00
1.0736122930762411e+00
1.0735909932036907e+00
1.0735664156399838e+00
1.0735385600474470e+00
1.0735074260433213e+00
1.0734730131997390e+00
1.0734353210436967e+00
1.0733943490570281e+00
1.0733500966763707e+00
1.0733025632931323e+00
1.0732517482534529e+00
1.0731976508581660e+00
1.0731402703627544e+00
1.0730796059773053e+00
1.0730156568664622e+00
1.0729484221493728e+00
1.0728779008996356e+00
1.0728040921452431e+00
1.0727269948685214e+00
1.0726466080060690e+00
1.0725629304486899e+00
1.0724759610413266e+00
1.0723856985829878e+00
1.0722921418266760e+00
1.0721952894793094e+00
1.0720951402016419e+00
1.0719916926081821e+00
1.0718849452671055e+00
1.0717748967001681e+00
1.0716615453826135e+00
1.0715448897430786e+00
1.0714249281634973e+00
1.0713016589789983e+00
1.0711750804778035e+00
1.0710451909011207e+00
1.0709119884430338e+00
1.0707754712503916e+00
1.0706356374226906e+00
1.0704924850119579e+00
1.0703460120226285e+00
1.0701962164114212e+00
1.0700430960872094e+00
1.0698866489108916e+00
1.0697268726952562e+00
1.0695637652048442e+00
1.0693973241558083e+00
1.0692275472157693e+00
1.0690544320036688e+00
1.0688779760896194e+00
1.0686981769947497e+00
1.0685150321910486e+00
1.0683285391012038e+00
1.0681386950984393e+00
1.0679454975063469e+00
1.0677489435987173e+00
1.0675490305993645e+00
1.0673457556819492e+00
1.0671391159697985e+00
1.0669291085357204e+00
1.0667157304018164e+00
1.0664989785392895e+00
1.0662788498682503e+00
1.0660553412575167e+00
1.0658284495244124e+00
1.0655981714345606e+00
1.0653645037016750e+00
1.0651274429873441e+00
1.0648869859008163e+00
1.0646431289987777e+00
1.0643958687851265e+00
1.0641452017107451e+00
1.0638911241732674e+00
1.0636336325168405e+00
1.0633727230318859e+00
1.0631083919548538e+00
1.0628406354679745e+00
1.0625694496990046e+00
1.0622948307209716e+00
1.0620167745519111e+00
1.0617352771546023e+00
1.0614503344362973e+00
1.0611619422484488e+00
1.0608700963864293e+00
1.0605747925892504e+00
1.0602760265392743e+00
1.0599737938619229e+00
1.0596680901253810e+00
1.0593589108402952e+00
1.0590462514594696e+00
1.0587301073775548e+00
1.0584104739307330e+00
1.0580873463963989e+00
1.0577607199928345e+00
1.0574305898788809e+00
1.0570969511536028e+00
1.0567597988559501e+00
1.0564191279644133e+00
1.0560749333966737e+00
1.0557272100092494e+00
1.0553759525971358e+00
1.0550211558934393e+00
1.0546628145690082e+00
1.0543009232320564e+00
1.0539354764277817e+00
1.0535664686379795e+00
1.0531938942806505e+00
1.0528177477096023e+00
1.0524380232140456e+00
1.0520547150181847e+00
1.0516678172808025e+00
1.0512773240948385e+00
1.0508832294869614e+00
1.0504855274171356e+00
1.0500842117781826e+00
1.0496792763953326e+00
1.0492707150257754e+00
1.0488585213581991e+00
1.0484426890123268e+00
1.0480232115384440e+00
1.0476000824169200e+00
1.0471732950577239e+00
1.0467428427999321e+00
1.0463087189112286e+00
1.0458709165874012e+00
1.0454294289518269e+00
1.0449842490549524e+00
1.0445353698737667e+00
1.0440827843112670e+00
1.0436264851959147e+00
1.0431664652810877e+00
1.0427027172445209e+00
1.0422352336877430e+00
1.0417640071355012e+00
1.0412890300351816e+00
1.0408102947562186e+00
1.0403277935894986e+00
1.0398415187467533e+00
1.0393514623599456e+00
1.0388576164806465e+00
1.0383599730794033e+00
1.0378585240450997e+00
1.0373532611843064e+00
1.0368441762206215e+00
1.0363312607940041e+00
1.0358145064600963e+00
1.0352939046895373e+00
1.0347694468672670e+00
1.0342411242918201e+00
1.0337089281746104e+00
1.0331728496392041e+00
1.0326328797205853e+00
1.0320890093644082e+00
1.0315412294262412e+00
1.0309895306707979e+00
1.0304339037711610e+00
1.0298743393079903e+00
1.0293108277687240e+00
1.0287433595467661e+00
1.0281719249406636e+00
1.0275965141532701e+00
1.0270171172909008e+00
1.0264337243624726e+00
1.0258463252786321e+00
1.0252549098508739e+00
1.0246594677906431e+00
1.0240599887084265e+00
1.0234564621128317e+00
1.0228488774096498e+00
1.0222372239009088e+00
1.0216214907839101e+00
1.0210016671502531e+00
1.0203777419848450e+00
1.0197497041648949e+00
1.0191175424588970e+00
1.0184812455255947e+00
1.0178408019129330e+00
1.0171962000569945e+00
1.0165474282809182e+00
1.0158944747938055e+00
1.0152373276896092e+00
1.0145759749460037e+00
1.0139104044232430e+00
1.0132406038629977e+00
1.0125665608871779e+00
1.0118882629967367e+00
1.0112056975704573e+00
1.0105188518637209e+00
1.0098277130072577e+00
1.0091322680058779e+00
1.0084325037371837e+00
1.0077284069502646e+00
1.0070199642643687e+00
1.0063071621675577e+00
1.0055899870153404e+00
1.0048684250292850e+00
1.0041424622956101e+00
1.0034120847637569e+00
1.0026772782449356e+00
1.0019380284106532e+00
1.0011943207912162e+00
1.0004461407742125e+00
9.9969347360296723e-01
9.9893630437497849e-01
9.9817461804032448e-01
9.9740839940004955e-01
9.9663763310452347e-01
9.9586230365177542e-01
9.9508239538580123e-01
9.9429789249484590e-01
9.9350877900965706e-01
9.9271503880171219e-01
9.9191665558141695e-01
9.9111361289627609e-01
9.9030589412903380e-01
9.8949348249578550e-01
9.8867636104405954e-01
9.8785451265086621e-01
9.8702792002071860e-01
9.8619656568361835e-01
9.8536043199301071e-01
9.8451950112370568e-01
9.8367375506976551e-01
9.8282317564235766e-01
9.8196774446757218e-01
9.8110744298420394e-01
9.8024225244149765e-01
9.7937215389685606e-01
9.7849712821350932e-01
9.7761715605814681e-01
9.7673221789850828e-01
9.7584229400093492e-01
9.7494736442787955e-01
9.7404740903537468e-01
9.7314240747045744e-01
9.7223233916855145e-01
9.7131718335080308e-01
9.7039691902137271e-01
9.6947152496468014e-01
9.6854097974260167e-01
9.6760526169161876e-01
9.6666434891991782e-01
9.6571821930444002e-01
9.6476685048787736e-01
9.6381021987561921e-01
9.6284830463264304e-01
9.6188108168035047e-01
9.6090852769334889e-01
9.5993061909617328e-01
9.5894733205995286e-01
9.5795864249901419e-01
9.5696452606742743e-01
9.5596495815548654e-01
9.5495991388612889e-01
9.5394936811128705e-01
9.5293329540817717e-01
9.5191167007551580e-01
9.5088446612967070e-01
9.4985165730073862e-01
9.4881321702855037e-01
9.4776911845860334e-01
9.4671933443791612e-01
9.4566383751080729e-01
9.4460259991459283e-01
9.4353559357520489e-01
9.4246279010272505e-01
9.4138416078683407e-01
9.4029967659217439e-01
9.3920930815362358e-01
9.3811302577147659e-01
9.3701079940653587e-01
9.3590259867510417e-01
9.3478839284388193e-01
9.3366815082476351e-01
9.3254184116953143e-01
9.3140943206444593e-01
9.3027089132472707e-01
9.2912618638892785e-01
9.2797528431319298e-01
9.2681815176540483e-01
9.2565475501920980e-01
9.2448505994792352e-01
9.2330903201831338e-01
9.2212663628425295e-01
9.2093783738024704e-01
9.1974259951482262e-01
9.1854088646378340e-01
9.1733266156332427e-01
9.1611788770300140e-01
9.1489652731855620e-01
9.1366854238458617e-01
9.1243389440706213e-01
9.1119254441568587e-01
9.0994445295608484e-01
9.0868958008183875e-01
9.0742788534633478e-01
9.0615932779444608e-01
9.0488386595403014e-01
9.0360145782723933e-01
9.0231206088164329e-01
9.0101563204115243e-01
8.9971212767674291e-01
8.9840150359697279e-01
8.9708371503828710e-01
8.9575871665510465e-01
8.9442646250968005e-01
8.9308690606173613e-01
8.9174000015785915e-01
8.9038569702065118e-01
8.8902394823763153e-01
8.8765470474988206e-01
8.8627791684042689e-01
8.8489353412234073e-01
8.8350150552657769e-01
8.8210177928951061e-01
8.8069430294017637e-01
8.7927902328721497e-01
8.7785588640549483e-01
8.7642483762241619e-01
8.7498582150388027e-01
8.7353878183991818e-01
8.7208366162996520e-01
8.7062040306777322e-01
8.6914894752594807e-01
8.6766923554010211e-01
8.6618120679260924e-01
8.6468480009594939e-01
8.6317995337563291e-01
8.6166660365268777e-01
8.6014468702569868e-01
8.5861413865238367e-01
8.5707489273069248e-01
8.5552688247941222e-01
8.5397004011826527e-01
8.5240429684748176e-01
8.5082958282682986e-01
8.4924582715408836e-01
8.4765295784294015e-01
8.4605090180026887e-01
8.4443958480284087e-01
8.4281893147334908e-01
8.4118886525579795e-01
8.3954930839021003e-01
8.3790018188662807e-01
8.3624140549838877e-01
8.3457289769464604e-01
8.3289457563211500e-01
8.3120635512601015e-01
8.2950815062015137e-01
8.2779987515620612e-01
8.2608144034203801e-01
8.2435275631913152e-01
8.2261373172905761e-01
8.2086427367894577e-01
8.1910428770592869e-01
8.1733367774051890e-01
8.1555234606888027e-01
8.1376019329395277e-01
8.1195711829538753e-01
8.1014301818824752e-01
8.0831778828042744e-01
8.0648132202874445e-01
8.0463351099364777e-01
8.0277424479249471e-01
8.0090341105133667e-01
7.9902089535515874e-01
7.9712658119650859e-01
7.9522034992245394e-01
7.9330208067980057e-01
7.9137165035849977e-01
7.8942893353317400e-01
7.8747380240268217e-01
7.8550612672764430e-01
7.8352577376584154e-01
7.8153260820540205e-01
7.7952649209567948e-01
7.7750728477572806e-01
7.7547484280026768e-01
7.7342901986303603e-01
7.7136966671740959e-01
7.6929663109417745e-01
7.6720975761634014e-01
7.6510888771080354e-01
7.6299385951682563e-01
7.6086450779107362e-01
7.5872066380913306e-01
7.5656215526330839e-01
7.5438880615654369e-01
7.5220043669228043e-01
7.4999686316006287e-01
7.4777789781668880e-01
7.4554334876269168e-01
7.4329301981393003e-01
7.4102671036804479e-01
7.3874421526553224e-01
7.3644532464516643e-01
7.3412982379348901e-01
7.3179749298806396e-01
7.2944810733418430e-01
7.2708143659468982e-01
7.2469724501254151e-01
7.2229529112577151e-01
7.1987532757440631e-01
7.1743710089893531e-01
7.1498035132986748e-01
7.1250481256789366e-01
7.1001021155413502e-01
7.0749626822993150e-01
7.0496269528557987e-01
7.0240919789739953e-01
6.9983547345245445e-01
6.9724121126022209e-01
6.9462609225044269e-01
6.9198978865633676e-01
6.8933196368231642e-01
6.8665227115525507e-01
6.8395035515831515e-01
6.8122584964625710e-01
6.7847837804107691e-01
6.7570755280673156e-01
6.7291297500162028e-01
6.7009423380738720e-01
6.6725090603250048e-01
6.6438255558894277e-01
6.6148873294021959e-01
6.5856897451874241e-01
6.5562280211049506e-01
6.5264972220471418e-01
6.4964922530613067e-01
6.4662078520711108e-01
6.4356385821681683e-01
6.4047788234424208e-01
6.3736227643172971e-01
6.3421643923525506e-01
6.3103974844743849e-01
6.2783155965888437e-01
6.2459120525303269e-01
6.2131799322926884e-01
6.1801120594853121e-01
6.1467009879511070e-01
6.1129389874771833e-01
6.0788180285221249e-01
6.0443297658761475e-01
6.0094655211619175e-01
5.9742162640742014e-01
5.9385725922458832e-01
5.9025247096157840e-01
5.8660624031602682e-01
5.8291750178352897e-01
5.7918514295583756e-01
5.7540800160405126e-01
5.7158486252557783e-01
5.6771445413115251e-01
5.6379544474531873e-01
5.5982643859052517e-01
5.5580597142124777e-01
5.5173250577026423e-01
5.4760442576428003e-01
5.4342003146042139e-01
5.3917753264854817e-01
5.3487504205671910e-01
5.3051056788829598e-01
5.2608200560884300e-01
5.2158712888890235e-01
5.1702357959454115e-01
5.1238885670086687e-01
5.0768030398395270e-01
5.0289509632318230e-01
4.9803022441809708e-01
4.9308247769042191e-01
4.8804842510180002e-01
4.8292439356930972e-01
4.7770644360205761e-01
4.7239034171048760e-01
4.6697152905222455e-01
4.6144508567003178e-01
4.5580568954326001e-01
4.5004756950672242e-01
4.4416445088061357e-01
4.3814949238904416e-01
4.3199521260566293e-01
4.2569340372912934e-01
4.1923502992652689e-01
4.1261010674418858e-01
4.0580755710965211e-01
3.9881503814557939e-01
3.9161873125658991e-01
3.8420308554284216e-01
3.7655050125668543e-01
3.6864093532188275e-01
3.6045140421653254e-01
3.5195534973668879e-01
3.4312181862268976e-01
3.3391438495408854e-01
3.2428970984679834e-01
3.1419557794812725e-01
3.0356815924026265e-01
2.9232808863357240e-01
2.8037467660146698e-01
2.6757703864075832e-01
2.5375988110330949e-01
2.3867942137985940e-01
2.2197958765117831e-01
2.0310444595596794e-01
1.8109821249905717e-01
1.5404504080234904e-01
1.1678998925007417e-01
