366
0 184 189
187 184 0
190 187 0
195 190 0
0 189 194
12 1 3
1 141 3
1 19 141
150 19 1
14 150 1
14 1 12
196 193 2
196 2 15
15 2 118
2 10 118
193 10 2
3 193 18
3 141 193
16 12 3
16 3 21
21 3 18
4 119 188
7 119 4
8 7 4
13 8 4
13 4 22
4 9 22
4 188 9
25 118 5
25 5 26
27 6 28
28 6 20
20 6 7
6 119 7
17 7 13
13 7 8
20 7 17
22 9 14
9 150 14
9 188 150
141 10 193
19 10 141
150 11 19
119 11 188
188 11 150
24 12 16
14 12 24
23 17 13
23 13 33
33 13 22
29 22 14
35 29 14
36 35 14
36 14 24
32 18 15
32 15 31
15 25 31
15 118 25
18 196 15
24 16 21
20 17 23
193 196 18
21 18 32
28 20 23
24 21 34
34 21 32
33 22 30
30 22 29
43 23 33
45 28 23
45 23 43
38 36 24
38 24 39
39 24 34
31 25 42
42 25 26
42 26 56
56 26 53
54 27 50
50 27 28
50 28 45
30 29 35
37 30 41
41 30 35
37 33 30
46 32 31
46 31 44
44 31 42
34 32 47
47 32 46
43 33 40
40 33 37
39 34 55
55 34 47
41 35 36
41 36 48
48 36 38
40 37 41
48 38 66
38 39 66
66 39 62
62 39 55
43 40 65
65 40 52
40 41 52
52 41 48
67 44 42
67 42 64
42 58 64
42 56 58
72 43 65
45 43 49
49 43 72
46 44 60
60 44 67
51 45 59
59 45 49
50 45 51
68 61 46
68 46 70
70 46 60
61 47 46
55 47 61
52 48 80
80 48 66
59 49 57
57 49 71
71 49 72
50 51 69
54 50 69
69 51 74
74 51 59
76 65 52
76 52 77
77 52 80
56 53 85
86 54 89
89 54 69
73 62 55
73 55 61
64 58 56
75 64 56
75 56 85
59 57 71
74 59 71
70 60 63
63 60 67
73 61 68
66 62 73
70 63 83
83 63 67
67 64 75
72 65 76
79 66 73
80 66 79
83 67 90
90 67 88
67 84 88
67 75 84
87 73 68
87 68 96
96 68 70
89 69 94
94 69 74
96 70 83
81 74 71
81 71 92
92 71 72
92 72 76
79 73 87
94 74 78
78 74 81
84 75 104
104 75 108
108 75 85
76 77 82
92 76 82
82 77 80
94 78 91
91 78 81
99 79 87
80 79 99
100 82 80
100 80 109
109 80 99
91 81 92
112 92 82
112 82 100
96 83 102
102 83 97
83 90 97
88 84 101
101 84 104
111 108 85
111 85 116
86 89 95
117 86 95
103 99 87
103 87 113
87 96 113
93 90 88
93 88 101
95 89 94
97 90 93
98 94 91
98 91 105
105 91 92
105 92 112
97 93 101
95 94 98
117 95 98
113 96 124
124 96 102
102 97 106
106 97 101
117 98 142
98 123 142
98 107 123
98 105 107
109 99 103
110 100 109
112 100 110
115 106 101
115 101 120
120 101 104
128 124 102
128 102 115
102 106 115
125 103 129
103 113 129
109 103 126
125 126 103
114 104 108
120 104 114
107 105 112
127 107 112
123 107 127
114 108 111
110 109 133
133 109 126
112 110 122
122 110 133
114 111 137
137 111 116
121 112 122
127 112 121
129 113 124
120 114 137
128 115 130
130 115 135
135 115 131
131 115 120
137 116 147
148 117 142
132 131 120
132 120 137
127 121 136
136 121 122
136 122 140
122 133 140
142 123 127
134 129 124
134 124 128
133 126 125
133 125 145
125 129 145
142 127 144
127 136 144
134 128 138
138 128 130
145 129 143
143 129 134
146 130 135
146 138 130
139 131 132
135 131 139
139 132 151
132 137 151
158 140 133
158 133 145
143 134 152
134 138 152
146 135 153
153 135 139
149 136 140
144 136 149
151 137 147
152 138 146
153 139 156
156 139 151
149 140 158
148 142 154
154 142 165
165 142 157
142 144 157
143 152 155
145 143 155
157 144 149
158 145 172
172 145 159
145 155 159
152 146 164
164 146 153
166 151 147
148 154 167
157 149 168
168 149 158
160 156 151
160 151 166
155 152 164
164 153 160
153 156 160
167 154 165
159 155 164
161 157 170
170 157 168
169 165 157
169 157 161
168 158 179
179 158 174
158 172 174
162 159 164
172 159 162
164 160 163
163 160 166
169 161 170
172 162 176
176 162 164
171 164 163
173 171 163
173 163 180
180 163 166
164 171 173
176 164 177
164 173 177
167 165 181
181 165 169
170 168 183
168 182 183
168 179 182
181 169 170
181 170 192
192 170 183
175 172 178
178 172 176
175 174 172
177 173 180
184 174 175
179 174 184
184 175 178
178 176 186
186 176 185
176 177 185
185 177 191
191 177 180
184 178 189
178 186 189
182 179 187
187 179 184
183 182 190
190 182 187
192 183 190
194 186 185
194 185 191
189 186 194
192 190 195
197
 1.0000000000000e+00  5.0000000000000e-01
 1.0357720000000e-01  4.7803720000000e-01
 1.0414820000000e-01  3.3128290000000e-01
 1.1511130000000e-01  4.3484260000000e-01
 1.2401720000000e-01  6.9852330000000e-01
 1.2574354305151e-01  1.6843989318320e-01
 1.2574530270581e-01  8.3156209305835e-01
 1.2621240000000e-01  7.2631720000000e-01
 1.4041180000000e-01  7.1657150000000e-01
 1.4050500000000e-01  6.1932990000000e-01
 1.4528749341323e-02  3.8034355519279e-01
 1.4529384386402e-02  6.1965902128863e-01
 1.5911600000000e-01  4.6493210000000e-01
 1.6063250000000e-01  7.2165130000000e-01
 1.6111560000000e-01  5.3374420000000e-01
 1.6642840000000e-01  3.2931010000000e-01
 1.6819100000000e-01  4.5498260000000e-01
 1.6917650000000e-01  7.3750530000000e-01
 1.7559980000000e-01  3.4884150000000e-01
 1.7603696278457e-12  5.0000132679490e-01
 1.7917440000000e-01  7.9450320000000e-01
 1.8144150000000e-01  4.2963640000000e-01
 1.8974230000000e-01  6.1971810000000e-01
 1.9221600000000e-01  7.4612380000000e-01
 1.9401390000000e-01  4.8303710000000e-01
 2.1278270000000e-01  2.3978950000000e-01
 2.1596619872663e-01  8.8509052670412e-02
 2.1596838258699e-01  9.1149245474218e-01
 2.1802380000000e-01  8.3127050000000e-01
 2.2192490000000e-01  5.9754130000000e-01
 2.2324160000000e-01  6.2551030000000e-01
 2.3113750000000e-01  2.4678550000000e-01
 2.3929460000000e-01  3.6492470000000e-01
 2.4019760000000e-01  6.8454910000000e-01
 2.4500070000000e-01  4.3607870000000e-01
 2.4623250000000e-01  5.7848870000000e-01
 2.5095770000000e-01  5.7207080000000e-01
 2.5486930000000e-01  6.6198520000000e-01
 2.7208270000000e-01  5.5043570000000e-01
 2.7390100000000e-01  5.0119630000000e-01
 2.8021550000000e-01  6.8712000000000e-01
 2.8029300000000e-01  6.2938930000000e-01
 2.8530430000000e-01  1.6901010000000e-01
 2.8569230000000e-01  7.1763400000000e-01
 2.8774270000000e-01  2.3215290000000e-01
 2.9601130000000e-01  8.1344610000000e-01
 2.9689200000000e-01  3.2745650000000e-01
 3.0983920000000e-01  3.8427320000000e-01
 3.1233150000000e-01  5.7764860000000e-01
 3.1818020000000e-01  7.6433700000000e-01
 3.1966020000000e-01  9.0140280000000e-01
 3.2058760000000e-01  8.3602620000000e-01
 3.2132300000000e-01  6.2766010000000e-01
 3.2269583876100e-01  3.2492530105308e-02
 3.2269831990960e-01  9.6750841087313e-01
 3.2342460000000e-01  4.2307360000000e-01
 3.2734880000000e-01  8.7953270000000e-02
 3.3070650000000e-01  7.7511980000000e-01
 3.3112710000000e-01  1.2187590000000e-01
 3.3227220000000e-01  7.9545260000000e-01
 3.3778500000000e-01  2.7671960000000e-01
 3.4032130000000e-01  3.6257020000000e-01
 3.4940980000000e-01  4.8141050000000e-01
 3.5322260000000e-01  2.7132930000000e-01
 3.5454580000000e-01  1.4408650000000e-01
 3.6105810000000e-01  6.8353020000000e-01
 3.6145780000000e-01  5.0474060000000e-01
 3.6454940000000e-01  2.4346930000000e-01
 3.6598520000000e-01  3.4853190000000e-01
 3.7293270000000e-01  8.6796120000000e-01
 3.7379290000000e-01  3.0690020000000e-01
 3.7432780000000e-01  7.5019000000000e-01
 3.7466670000000e-01  7.2902520000000e-01
 3.7879190000000e-01  4.5718800000000e-01
 3.9507200000000e-01  8.4297320000000e-01
 3.9790560000000e-01  1.5018890000000e-01
 4.0413190000000e-01  6.6173400000000e-01
 4.1730030000000e-01  6.4107330000000e-01
 4.1735680000000e-01  8.3415500000000e-01
 4.2152760000000e-01  5.2113210000000e-01
 4.2569640000000e-01  5.5304650000000e-01
 4.2760460000000e-01  8.1384810000000e-01
 4.3042470000000e-01  6.3099380000000e-01
 4.3057310000000e-01  2.7479270000000e-01
 4.3372890000000e-01  1.8114450000000e-01
 4.3972973484969e-01  3.6457966948284e-03
 4.3973236909144e-01  9.9635452316330e-01
 4.4156750000000e-01  4.3671020000000e-01
 4.4319550000000e-01  2.0366480000000e-01
 4.4776480000000e-01  9.2809310000000e-01
 4.5006280000000e-01  2.2673610000000e-01
 4.5626530000000e-01  8.4614910000000e-01
 4.6076150000000e-01  7.5891730000000e-01
 4.6726740000000e-01  2.1586520000000e-01
 4.6855320000000e-01  8.8936240000000e-01
 4.7582210000000e-01  9.4375250000000e-01
 4.7969950000000e-01  3.4612330000000e-01
 4.8741310000000e-01  2.4601420000000e-01
 4.9004810000000e-01  8.8013540000000e-01
 4.9374920000000e-01  4.9797590000000e-01
 4.9435010000000e-01  6.0390910000000e-01
 4.9777770000000e-01  1.7905740000000e-01
 5.0434200000000e-01  2.6705710000000e-01
 5.0996860000000e-01  4.8483500000000e-01
 5.1954700000000e-01  1.4702000000000e-01
 5.2335610000000e-01  8.0778940000000e-01
 5.2465460000000e-01  2.4333910000000e-01
 5.2469610000000e-01  8.0795910000000e-01
 5.2890100000000e-01  1.1357380000000e-01
 5.2911010000000e-01  5.6391340000000e-01
 5.3671960000000e-01  6.2671340000000e-01
 5.4160150000000e-01  9.7497170000000e-02
 5.4288700000000e-01  7.0037530000000e-01
 5.5290360000000e-01  3.7953470000000e-01
 5.5406680000000e-01  1.4197050000000e-01
 5.5884740000000e-01  2.3468390000000e-01
 5.6026631378706e-01  3.6453169128751e-03
 5.6026894802965e-01  9.9635436323598e-01
 5.7271275722778e-02  2.6763976953905e-01
 5.7272508906485e-02  7.3236258009852e-01
 5.7385160000000e-01  1.6788380000000e-01
 5.7719470000000e-01  6.9184370000000e-01
 5.7843310000000e-01  6.5755210000000e-01
 5.7999130000000e-01  8.0393020000000e-01
 5.8443700000000e-01  3.5123610000000e-01
 5.8500400000000e-01  5.0458990000000e-01
 5.8671100000000e-01  5.1975270000000e-01
 5.9074880000000e-01  7.8174440000000e-01
 5.9491800000000e-01  3.3498450000000e-01
 6.1125480000000e-01  4.0662380000000e-01
 6.1603220000000e-01  2.7081380000000e-01
 6.2511320000000e-01  2.0584960000000e-01
 6.2632220000000e-01  1.9164540000000e-01
 6.3071070000000e-01  5.6388010000000e-01
 6.3531280000000e-01  3.8987510000000e-01
 6.3614200000000e-01  2.4752340000000e-01
 6.3619750000000e-01  6.8511830000000e-01
 6.3928740000000e-01  1.0117440000000e-01
 6.4329560000000e-01  3.1547150000000e-01
 6.4494900000000e-01  2.0124830000000e-01
 6.4960830000000e-01  5.8720210000000e-01
 6.5033560000000e-02  4.2200830000000e-01
 6.5285070000000e-01  8.3197390000000e-01
 6.6503750000000e-01  4.0980050000000e-01
 6.6995150000000e-01  7.2950910000000e-01
 6.7418370000000e-01  4.2247660000000e-01
 6.7656460000000e-01  2.9822980000000e-01
 6.7730043951423e-01  3.2491118642584e-02
 6.7730292066532e-01  9.6750794038556e-01
 6.8052210000000e-01  6.6009040000000e-01
 6.8336730000000e-02  5.8749510000000e-01
 6.9328710000000e-01  1.2904380000000e-01
 7.0519970000000e-01  3.4904300000000e-01
 7.0682590000000e-01  2.2524660000000e-01
 7.1524040000000e-01  8.8676290000000e-01
 7.1683540000000e-01  3.6078440000000e-01
 7.1718400000000e-01  1.9929740000000e-01
 7.3749500000000e-01  7.3187830000000e-01
 7.4693600000000e-01  5.9083870000000e-01
 7.5152190000000e-01  3.8684680000000e-01
 7.5847540000000e-01  2.1185760000000e-01
 7.6692100000000e-01  7.3213470000000e-01
 7.6696930000000e-01  3.9131410000000e-01
 7.6826140000000e-01  2.1760980000000e-01
 7.7311850000000e-01  2.7921290000000e-01
 7.7356640000000e-01  8.2110990000000e-01
 7.8403052547983e-01  8.8506791555863e-02
 7.8403270934419e-01  9.1149170103734e-01
 7.8496250000000e-01  6.5220050000000e-01
 7.8545820000000e-01  7.8999820000000e-01
 7.8937420000000e-01  7.0686200000000e-01
 7.8961950000000e-01  2.4994960000000e-01
 7.9286790000000e-01  4.5382600000000e-01
 8.0250590000000e-01  2.5356840000000e-01
 8.1394040000000e-01  5.1450990000000e-01
 8.1644620000000e-01  4.8446350000000e-01
 8.2000240000000e-01  3.9929090000000e-01
 8.5012710000000e-01  2.6609500000000e-01
 8.5393830000000e-01  4.6032330000000e-01
 8.6883120000000e-01  5.7551390000000e-01
 8.7425381746308e-01  1.6843691382437e-01
 8.7425557712266e-01  8.3156109993874e-01
 8.7455790000000e-01  6.0933350000000e-01
 8.7659210000000e-01  6.2453040000000e-01
 8.8175300000000e-01  5.0233220000000e-01
 8.8972010000000e-01  3.1072660000000e-01
 9.0146880000000e-01  3.8563100000000e-01
 9.0167260000000e-01  5.8826920000000e-01
 9.0177300000000e-02  6.4049600000000e-01
 9.2026010000000e-01  3.9749990000000e-01
 9.2382250000000e-01  6.1118380000000e-01
 9.4272687449699e-01  2.6763624508514e-01
 9.4272810768693e-01  7.3236140528055e-01
 9.5174010000000e-02  3.6215540000000e-01
 9.8547029808593e-01  3.8033969047192e-01
 9.8547093313785e-01  6.1965773304834e-01
 9.9269210000000e-02  3.5534880000000e-01
