132                       
1 141 3
1 19 141
15 2 118
2 10 118
3 141 193
4 119 188
7 119 4
25 118 5
6 119 7
141 10 193
19 10 141
119 11 188
15 118 25
84 75 104
104 75 108
108 75 85
99 79 87
80 79 99
100 82 80
100 80 109
109 80 99
112 92 82
112 82 100
96 83 102
102 83 97
88 84 101
101 84 104
111 108 85
111 85 116
117 86 95
103 99 87
103 87 113
87 96 113
93 88 101
98 91 105
105 91 92
105 92 112
97 93 101
117 95 98
113 96 124
124 96 102
102 97 106
106 97 101
117 98 142
98 123 142
98 107 123
98 105 107
109 99 103
110 100 109
112 100 110
115 106 101
115 101 120
120 101 104
128 124 102
128 102 115
102 106 115
125 103 129
103 113 129
109 103 126
125 126 103
114 104 108
120 104 114
107 105 112
127 107 112
123 107 127
114 108 111
110 109 133
133 109 126
112 110 122
122 110 133
114 111 137
137 111 116
121 112 122
127 112 121
129 113 124
120 114 137
128 115 130
130 115 135
135 115 131
131 115 120
137 116 147
148 117 142
132 131 120
132 120 137
127 121 136
136 121 122
136 122 140
122 133 140
142 123 127
134 129 124
134 124 128
133 126 125
133 125 145
125 129 145
142 127 144
127 136 144
134 128 138
138 128 130
145 129 143
143 129 134
146 130 135
146 138 130
139 131 132
135 131 139
139 132 151
132 137 151
158 140 133
158 133 145
143 134 152
134 138 152
146 135 153
153 135 139
149 136 140
144 136 149
151 137 147
152 138 146
153 139 156
156 139 151
149 140 158
148 142 154
154 142 165
165 142 157
142 144 157
143 152 155
145 143 155
157 144 149
158 145 172
172 145 159
145 155 159
152 146 164
164 146 153
166 151 147
49
4.937492e-01 4.979759e-01
4.943501e-01 6.039091e-01
4.977777e-01 1.790574e-01
5.043420e-01 2.670571e-01
5.099686e-01 4.848350e-01
5.195470e-01 1.470200e-01
5.233561e-01 8.077894e-01
5.246546e-01 2.433391e-01
5.246961e-01 8.079591e-01
5.289010e-01 1.135738e-01
5.291101e-01 5.639134e-01
5.367196e-01 6.267134e-01
5.416015e-01 9.749717e-02
5.428870e-01 7.003753e-01
5.529036e-01 3.795347e-01
5.540668e-01 1.419705e-01
5.588474e-01 2.346839e-01
5.602663e-01 3.645317e-03
5.602689e-01 9.963544e-01
5.727128e-02 2.676398e-01
5.727251e-02 7.323626e-01
5.738516e-01 1.678838e-01
5.771947e-01 6.918437e-01
5.784331e-01 6.575521e-01
5.799913e-01 8.039302e-01
5.844370e-01 3.512361e-01
5.850040e-01 5.045899e-01
5.867110e-01 5.197527e-01
5.907488e-01 7.817444e-01
5.949180e-01 3.349845e-01
6.112548e-01 4.066238e-01
6.160322e-01 2.708138e-01
6.251132e-01 2.058496e-01
6.263222e-01 1.916454e-01
6.307107e-01 5.638801e-01
6.353128e-01 3.898751e-01
6.361420e-01 2.475234e-01
6.361975e-01 6.851183e-01
6.392874e-01 1.011744e-01
6.432956e-01 3.154715e-01
6.449490e-01 2.012483e-01
6.496083e-01 5.872021e-01
6.503356e-02 4.220083e-01
6.528507e-01 8.319739e-01
6.650375e-01 4.098005e-01
6.699515e-01 7.295091e-01
6.741837e-01 4.224766e-01
6.765646e-01 2.982298e-01
6.773004e-01 3.249112e-02
