128                       
0 184 189
187 184 0
190 187 0
195 190 0
0 189 194
12 1 3
1 141 3
1 19 141
150 19 1
14 150 1
14 1 12
196 193 2
196 2 15
15 2 118
2 10 118
193 10 2
3 193 18
3 141 193
16 12 3
16 3 21
21 3 18
4 119 188
7 119 4
8 7 4
13 8 4
13 4 22
4 9 22
4 188 9
25 118 5
25 5 26
27 6 28
28 6 20
20 6 7
6 119 7
17 7 13
13 7 8
20 7 17
22 9 14
9 150 14
9 188 150
141 10 193
19 10 141
150 11 19
119 11 188
188 11 150
24 12 16
14 12 24
23 17 13
23 13 33
33 13 22
29 22 14
35 29 14
36 35 14
36 14 24
32 18 15
32 15 31
15 25 31
15 118 25
18 196 15
24 16 21
20 17 23
193 196 18
21 18 32
28 20 23
24 21 34
34 21 32
33 22 30
30 22 29
43 23 33
45 28 23
45 23 43
38 36 24
38 24 39
39 24 34
31 25 42
42 25 26
42 26 56
56 26 53
54 27 50
50 27 28
50 28 45
30 29 35
37 30 41
41 30 35
37 33 30
46 32 31
46 31 44
44 31 42
34 32 47
47 32 46
43 33 40
40 33 37
39 34 55
55 34 47
41 35 36
41 36 48
48 36 38
40 37 41
48 38 66
38 39 66
66 39 62
62 39 55
43 40 65
65 40 52
40 41 52
52 41 48
67 44 42
67 42 64
42 58 64
42 56 58
72 43 65
45 43 49
49 43 72
46 44 60
60 44 67
51 45 59
59 45 49
50 45 51
68 61 46
68 46 70
70 46 60
61 47 46
55 47 61
52 48 80
80 48 66
59 49 57
57 49 71
71 49 72
50
1.000000e+00 5.000000e-01
1.035772e-01 4.780372e-01
1.041482e-01 3.312829e-01
1.151113e-01 4.348426e-01
1.240172e-01 6.985233e-01
1.257435e-01 1.684399e-01
1.257453e-01 8.315621e-01
1.262124e-01 7.263172e-01
1.404118e-01 7.165715e-01
1.405050e-01 6.193299e-01
1.452875e-02 3.803436e-01
1.452938e-02 6.196590e-01
1.591160e-01 4.649321e-01
1.606325e-01 7.216513e-01
1.611156e-01 5.337442e-01
1.664284e-01 3.293101e-01
1.681910e-01 4.549826e-01
1.691765e-01 7.375053e-01
1.755998e-01 3.488415e-01
1.760370e-12 5.000013e-01
1.791744e-01 7.945032e-01
1.814415e-01 4.296364e-01
1.897423e-01 6.197181e-01
1.922160e-01 7.461238e-01
1.940139e-01 4.830371e-01
2.127827e-01 2.397895e-01
2.159662e-01 8.850905e-02
2.159684e-01 9.114925e-01
2.180238e-01 8.312705e-01
2.219249e-01 5.975413e-01
2.232416e-01 6.255103e-01
2.311375e-01 2.467855e-01
2.392946e-01 3.649247e-01
2.401976e-01 6.845491e-01
2.450007e-01 4.360787e-01
2.462325e-01 5.784887e-01
2.509577e-01 5.720708e-01
2.548693e-01 6.619852e-01
2.720827e-01 5.504357e-01
2.739010e-01 5.011963e-01
2.802155e-01 6.871200e-01
2.802930e-01 6.293893e-01
2.853043e-01 1.690101e-01
2.856923e-01 7.176340e-01
2.877427e-01 2.321529e-01
2.960113e-01 8.134461e-01
2.968920e-01 3.274565e-01
3.098392e-01 3.842732e-01
3.123315e-01 5.776486e-01
3.181802e-01 7.643370e-01
