113                       
0 184 189
187 184 0
190 187 0
195 190 0
0 189 194
150 19 1
14 150 1
196 193 2
196 2 15
193 10 2
3 193 18
3 141 193
4 119 188
4 188 9
9 150 14
9 188 150
141 10 193
150 11 19
119 11 188
188 11 150
18 196 15
193 196 18
148 117 142
139 132 151
132 137 151
158 140 133
158 133 145
143 134 152
134 138 152
146 135 153
153 135 139
149 136 140
144 136 149
151 137 147
152 138 146
153 139 156
156 139 151
149 140 158
148 142 154
154 142 165
165 142 157
142 144 157
143 152 155
145 143 155
157 144 149
158 145 172
172 145 159
145 155 159
152 146 164
164 146 153
166 151 147
148 154 167
157 149 168
168 149 158
160 156 151
160 151 166
155 152 164
164 153 160
153 156 160
167 154 165
159 155 164
161 157 170
170 157 168
169 165 157
169 157 161
168 158 179
179 158 174
158 172 174
162 159 164
172 159 162
164 160 163
163 160 166
169 161 170
172 162 176
176 162 164
171 164 163
173 171 163
173 163 180
180 163 166
164 171 173
176 164 177
164 173 177
167 165 181
181 165 169
170 168 183
168 182 183
168 179 182
181 169 170
181 170 192
192 170 183
175 172 178
178 172 176
175 174 172
177 173 180
184 174 175
179 174 184
184 175 178
178 176 186
186 176 185
176 177 185
185 177 191
191 177 180
184 178 189
178 186 189
182 179 187
187 179 184
183 182 190
190 182 187
192 183 190
194 186 185
194 185 191
189 186 194
192 190 195
49
6.773029e-01 9.675079e-01
6.805221e-01 6.600904e-01
6.833673e-02 5.874951e-01
6.932871e-01 1.290438e-01
7.051997e-01 3.490430e-01
7.068259e-01 2.252466e-01
7.152404e-01 8.867629e-01
7.168354e-01 3.607844e-01
7.171840e-01 1.992974e-01
7.374950e-01 7.318783e-01
7.469360e-01 5.908387e-01
7.515219e-01 3.868468e-01
7.584754e-01 2.118576e-01
7.669210e-01 7.321347e-01
7.669693e-01 3.913141e-01
7.682614e-01 2.176098e-01
7.731185e-01 2.792129e-01
7.735664e-01 8.211099e-01
7.840305e-01 8.850679e-02
7.840327e-01 9.114917e-01
7.849625e-01 6.522005e-01
7.854582e-01 7.899982e-01
7.893742e-01 7.068620e-01
7.896195e-01 2.499496e-01
7.928679e-01 4.538260e-01
8.025059e-01 2.535684e-01
8.139404e-01 5.145099e-01
8.164462e-01 4.844635e-01
8.200024e-01 3.992909e-01
8.501271e-01 2.660950e-01
8.539383e-01 4.603233e-01
8.688312e-01 5.755139e-01
8.742538e-01 1.684369e-01
8.742556e-01 8.315611e-01
8.745579e-01 6.093335e-01
8.765921e-01 6.245304e-01
8.817530e-01 5.023322e-01
8.897201e-01 3.107266e-01
9.014688e-01 3.856310e-01
9.016726e-01 5.882692e-01
9.017730e-02 6.404960e-01
9.202601e-01 3.974999e-01
9.238225e-01 6.111838e-01
9.427269e-01 2.676362e-01
9.427281e-01 7.323614e-01
9.517401e-02 3.621554e-01
9.854703e-01 3.803397e-01
9.854709e-01 6.196577e-01
9.926921e-02 3.553488e-01
