127                       
42 26 56
56 26 53
54 27 50
50 27 28
50 28 45
39 34 55
55 34 47
48 38 66
38 39 66
66 39 62
62 39 55
43 40 65
65 40 52
40 41 52
52 41 48
67 44 42
67 42 64
42 58 64
42 56 58
72 43 65
49 43 72
46 44 60
60 44 67
51 45 59
59 45 49
50 45 51
68 61 46
68 46 70
70 46 60
61 47 46
55 47 61
52 48 80
80 48 66
59 49 57
57 49 71
71 49 72
50 51 69
54 50 69
69 51 74
74 51 59
76 65 52
76 52 77
77 52 80
56 53 85
86 54 89
89 54 69
73 62 55
73 55 61
64 58 56
75 64 56
75 56 85
59 57 71
74 59 71
70 60 63
63 60 67
73 61 68
66 62 73
70 63 83
83 63 67
67 64 75
72 65 76
79 66 73
80 66 79
83 67 90
90 67 88
67 84 88
67 75 84
87 73 68
87 68 96
96 68 70
89 69 94
94 69 74
96 70 83
81 74 71
81 71 92
92 71 72
92 72 76
79 73 87
94 74 78
78 74 81
84 75 104
104 75 108
108 75 85
76 77 82
92 76 82
82 77 80
94 78 91
91 78 81
99 79 87
80 79 99
100 82 80
100 80 109
109 80 99
91 81 92
112 92 82
112 82 100
96 83 102
102 83 97
83 90 97
88 84 101
101 84 104
111 108 85
111 85 116
86 89 95
117 86 95
103 99 87
103 87 113
87 96 113
93 90 88
93 88 101
95 89 94
97 90 93
98 94 91
98 91 105
105 91 92
105 92 112
97 93 101
95 94 98
117 95 98
113 96 124
124 96 102
102 97 106
106 97 101
117 98 142
98 123 142
98 107 123
98 105 107
49
3.196602e-01 9.014028e-01
3.205876e-01 8.360262e-01
3.213230e-01 6.276601e-01
3.226958e-01 3.249253e-02
3.226983e-01 9.675084e-01
3.234246e-01 4.230736e-01
3.273488e-01 8.795327e-02
3.307065e-01 7.751198e-01
3.311271e-01 1.218759e-01
3.322722e-01 7.954526e-01
3.377850e-01 2.767196e-01
3.403213e-01 3.625702e-01
3.494098e-01 4.814105e-01
3.532226e-01 2.713293e-01
3.545458e-01 1.440865e-01
3.610581e-01 6.835302e-01
3.614578e-01 5.047406e-01
3.645494e-01 2.434693e-01
3.659852e-01 3.485319e-01
3.729327e-01 8.679612e-01
3.737929e-01 3.069002e-01
3.743278e-01 7.501900e-01
3.746667e-01 7.290252e-01
3.787919e-01 4.571880e-01
3.950720e-01 8.429732e-01
3.979056e-01 1.501889e-01
4.041319e-01 6.617340e-01
4.173003e-01 6.410733e-01
4.173568e-01 8.341550e-01
4.215276e-01 5.211321e-01
4.256964e-01 5.530465e-01
4.276046e-01 8.138481e-01
4.304247e-01 6.309938e-01
4.305731e-01 2.747927e-01
4.337289e-01 1.811445e-01
4.397297e-01 3.645797e-03
4.397324e-01 9.963545e-01
4.415675e-01 4.367102e-01
4.431955e-01 2.036648e-01
4.477648e-01 9.280931e-01
4.500628e-01 2.267361e-01
4.562653e-01 8.461491e-01
4.607615e-01 7.589173e-01
4.672674e-01 2.158652e-01
4.685532e-01 8.893624e-01
4.758221e-01 9.437525e-01
4.796995e-01 3.461233e-01
4.874131e-01 2.460142e-01
4.900481e-01 8.801354e-01
