%%MatrixMarket matrix array real general
3402 1
                     0
                     0
                     0
                     0
 -1.77635683940025e-14
                     0
 5.329070518200751e-14
-2.753353101070388e-14
                     0
                     0
 1.243449787580175e-13
 1.376676550535194e-13
                     0
                     0
 8.171241461241152e-14
 7.105427357601002e-15
                     0
                     0
 6.927791673660977e-14
 3.597122599785507e-13
                     0
                     0
 2.842170943040401e-14
 6.217248937900877e-15
                     0
                     0
 5.151434834260726e-14
 1.270095140171179e-13
                     0
                     0
 8.881784197001252e-14
-1.785238623597252e-13
                     0
                     0
-7.105427357601002e-15
 1.648681191568357e-14
                     0
                     0
-3.219646771412954e-14
-2.817746036498647e-13
                     0
                     0
 2.398081733190338e-14
-6.084022174945858e-14
                     0
                     0
-5.950795411990839e-14
 4.287681321102355e-13
                     0
                     0
-1.598721155460225e-14
-5.213607323639735e-13
                     0
                     0
-5.684341886080801e-14
 2.984279490192421e-13
                     0
                     0
-2.664535259100376e-14
-4.081179838522075e-13
                     0
                     0
-1.953992523340276e-14
 -2.05613304160579e-13
                     0
                     0
 1.953992523340276e-14
 8.735234757750732e-13
                     0
                     0
 6.750155989720952e-14
-1.296296403552333e-12
                     0
                     0
  1.13686837721616e-13
 4.232170169871097e-13
                     0
                     0
-3.197442310920451e-14
-1.798561299892754e-13
                     0
                     0
 -1.63424829224823e-13
 4.884981308350689e-15
 1.030286966852145e-13
-3.019806626980426e-14
-1.314504061156185e-13
 1.110223024625157e-14
-2.131628207280301e-14
 5.417888360170764e-14
 -1.77635683940025e-14
 2.664535259100376e-15
-8.704148513061227e-14
-4.263256414560601e-14
-7.283063041541027e-14
-2.371436380599334e-13
-1.723066134218243e-13
-2.220446049250313e-14
-6.483702463810914e-14
 1.243449787580175e-13
-1.452171716209705e-13
-4.554134847012392e-13
-4.135580766728708e-14
 3.138600490615318e-13
 1.556532680524469e-13
 4.440892098500626e-14
 7.904787935331115e-14
-1.376676550535194e-13
-4.352074256530614e-14
-1.334488075599438e-13
  1.77635683940025e-15
  1.77635683940025e-14
-2.842170943040401e-14
-1.931788062847772e-13
 1.865174681370263e-13
 4.494182803682634e-13
 6.039613253960852e-14
 2.251532293939817e-13
-1.723066134218243e-13
 2.233768725545815e-13
-6.039613253960852e-14
 2.620126338115369e-14
 3.907985046680551e-14
-9.334755191048316e-13
 -1.06581410364015e-14
 5.029310301551959e-13
-1.385558334732195e-13
 6.217248937900877e-14
-3.552713678800501e-15
 3.375077994860476e-14
 6.750155989720952e-14
-1.199040866595169e-13
 1.385558334732195e-13
-1.403321903126198e-13
 1.225686219186173e-13
 1.438849039914203e-13
 1.936228954946273e-13
 1.687538997430238e-14
-9.059419880941277e-14
 1.105782132526656e-13
 1.287858708565182e-13
-1.230127111284673e-13
 1.243449787580175e-14
 7.738254481637341e-14
 2.118305530984799e-13
 3.020916850005051e-13
-1.096900348329655e-13
 1.759703494030873e-14
-1.905142710256769e-13
-4.971578704271451e-13
 1.243449787580175e-14
    3.548272786702e-13
 3.996802888650564e-14
-1.449951270160454e-13
 9.059419880941277e-14
-1.119104808822158e-13
 5.506706202140776e-14
 6.401545959988653e-13
 8.881784197001252e-15
-8.757439218243235e-13
-1.367794766338193e-13
-9.297007608211061e-13
-8.526512829121202e-14
 1.069588861923876e-12
 2.629008122312371e-13
 1.592059817312474e-13
  1.77635683940025e-14
-1.676436767183986e-13
 3.090860900556436e-13
-3.819167204710538e-14
 -1.20792265079217e-13
 8.881784197001252e-15
-9.237055564881302e-14
 2.957634137601417e-13
 3.161915174132446e-13
-1.483257960899209e-13
-2.930988785010413e-13
 1.896260926059767e-13
-3.819167204710538e-13
 -2.90434343241941e-13
 3.854694341498544e-13
 2.149391775674303e-13
-1.785238623597252e-13
-2.313704783318826e-13
-1.110223024625157e-14
-9.758860386455126e-14
 -1.77635683940025e-13
 3.375633106372788e-13
 8.837375276016246e-14
-2.685074385055941e-13
  1.77635683940025e-14
 3.863576125695545e-14
  1.77635683940025e-15
 3.561595462997502e-13
 4.884981308350689e-14
-4.529709940470639e-14
 3.907985046680551e-14
 9.992007221626409e-14
-2.184918912462308e-13
 1.196820420545919e-13
 -1.70530256582424e-13
-2.222666495299563e-13
 3.836930773104541e-13
 -2.19824158875781e-13
 3.907985046680551e-14
 1.472155730652958e-12
-7.105427357601002e-15
-1.328714915871387e-12
 -1.35003119794419e-13
 3.623767952376511e-13
 7.105427357601002e-15
-1.070254995738651e-13
 -1.06581410364015e-13
 1.354472090042691e-13
 1.101341240428155e-13
 1.190159082398168e-13
-2.522426711948356e-13
-6.217248937900877e-15
-7.105427357601002e-14
-5.284661597215745e-14
 1.083577672034153e-13
 3.597122599785507e-14
 3.552713678800501e-15
-8.881784197001252e-14
 6.838973831690964e-14
 1.836308882730009e-13
 2.926547892911913e-13
-4.136690989753333e-13
 1.101341240428155e-13
 4.177769241664464e-13
-2.686739719592879e-14
 1.290079154614432e-13
-4.440892098500626e-15
 1.221245327087672e-14
 1.936228954946273e-13
-1.081357225984902e-13
 2.398081733190338e-14
 6.439293542825908e-15
  1.06581410364015e-13
 2.355893258254582e-13
 6.394884621840902e-14
-7.613909502879324e-13
-6.039613253960852e-14
 9.978684545330907e-13
 1.598721155460225e-14
-6.608047442568932e-13
-1.811883976188255e-13
 1.918465386552271e-13
 9.237055564881302e-14
 -5.24913446042774e-13
 6.750155989720952e-14
 3.006483950684924e-13
 6.750155989720952e-14
 2.353672812205332e-14
-3.197442310920451e-14
 4.263256414560601e-14
 2.380318164796336e-13
 1.194599974496668e-13
-7.105427357601002e-14
-6.217248937900877e-15
 9.059419880941277e-14
-1.798561299892754e-13
 3.002043058586423e-13
 1.918465386552271e-13
-1.083577672034153e-13
-1.099120794378905e-13
 6.039613253960852e-14
 3.101963130802687e-13
 2.575717417130363e-14
 1.931788062847772e-14
 3.019806626980426e-14
-3.577693696854567e-13
 6.883382752675971e-15
-3.308464613382966e-13
-3.019806626980426e-14
 2.871036741680655e-13
 4.440892098500626e-15
-1.796340853843503e-13
-2.655653474903374e-13
 2.648992136755624e-13
-1.225686219186173e-13
-1.021405182655144e-13
 3.250733016102458e-13
-1.965094753586527e-13
 4.085620730620576e-14
 7.767120280277595e-13
-2.131628207280301e-14
-1.598721155460225e-14
-8.171241461241152e-14
-8.961720254774264e-13
-1.385558334732195e-13
 1.048050535246148e-12
 2.842170943040401e-14
-5.471179065352771e-13
-1.740829702612245e-13
 1.931788062847772e-13
 -1.77635683940025e-13
-8.881784197001252e-16
 3.872457909892546e-13
-7.949196856316121e-14
   1.4210854715202e-14
 8.837375276016246e-14
 1.261213355974178e-13
 9.903189379656396e-14
 3.375077994860476e-13
-5.639932965095795e-14
  1.63424829224823e-13
-1.958433415438776e-13
-1.376676550535194e-13
 1.649791414592983e-13
-4.227729277772596e-13
-3.681499549657019e-13
-2.089439732344545e-13
 5.843658890114511e-13
  2.16382467499443e-13
-1.999511667349907e-13
 1.176836406102666e-13
-3.486655408835304e-13
-2.930988785010413e-14
-5.384581669432009e-14
 2.735589532676386e-13
 2.680078381445128e-13
-5.506706202140776e-14
 1.201261312644419e-13
-4.796163466380676e-14
-6.463718449367661e-13
-7.638334409421077e-14
-3.645972412869014e-13
-1.794120407794253e-13
 1.461053500406706e-13
 3.215205879314453e-13
-1.152855588770763e-12
 -1.84741111297626e-13
 1.748379219179697e-12
  1.13686837721616e-13
-8.268941087408166e-13
 3.552713678800501e-15
  1.06581410364015e-14
 3.943512183468556e-13
 3.197442310920451e-14
-8.348877145181177e-13
-1.283417816466681e-13
-3.552713678800501e-13
-7.371880883511039e-14
-2.327027459614328e-13
 7.460698725481052e-14
-1.021405182655144e-12
-2.233768725545815e-13
-2.344791028008331e-13
 1.054711873393899e-13
 1.829647544582258e-13
-4.085620730620576e-14
 2.708944180085382e-13
-5.551115123125783e-16
 -1.48769885299771e-14
 2.765565554341265e-13
-1.318944953254686e-13
-1.743050148661496e-13
-1.221245327087672e-13
 2.400857290751901e-13
 -9.50350909079134e-14
 3.768096945577781e-13
-7.105427357601002e-15
-7.904787935331115e-14
-1.172395514004165e-13
 5.839773109528323e-13
 1.723066134218243e-13
-5.146993942162226e-13
-9.592326932761353e-14
 2.935429677108914e-13
-1.385558334732195e-13
  1.70485847661439e-12
 4.884981308350689e-13
-9.197087535994797e-13
  1.27897692436818e-13
 1.400657367867097e-12
 3.197442310920451e-14
-8.095746295566641e-13
 9.059419880941277e-13
-3.996802888650564e-14
-2.948752353404416e-13
 3.996802888650564e-14
 2.238209617644316e-13
 1.669775429036235e-13
-2.025046796916286e-13
-3.907985046680551e-14
 2.149391775674303e-13
 1.909583602355269e-13
 7.958078640513122e-13
-2.287059430727822e-13
 1.172395514004165e-13
 2.016165012719284e-13
-1.305622276959184e-13
 2.700062395888381e-13
 7.052136652418994e-13
-3.881339694089547e-13
 9.237055564881302e-14
-1.298960938811433e-14
 7.222000775186643e-14
-1.831867990631508e-14
 5.893063814710331e-13
-5.023759186428833e-14
 1.039168751049147e-13
  1.69864122767649e-13
 3.002043058586423e-13
  -6.7346128673762e-13
-1.225686219186173e-13
 2.748912208971888e-13
 6.039613253960852e-14
-3.153033389935445e-14
 2.486899575160351e-13
-1.409983241273949e-12
-3.002043058586423e-13
 1.241673430740775e-12
-3.499422973618493e-13
-1.161293283757914e-12
-2.984279490192421e-13
 3.166356066230946e-13
-1.953992523340276e-13
-4.050093593832571e-13
-2.557953848736361e-13
-1.527666881884215e-13
-3.730349362740526e-13
 9.325873406851315e-14
 1.243449787580175e-13
 1.456612608308205e-13
 5.968558980384842e-13
 5.417888360170764e-14
-2.877698079828406e-13
 -1.77635683940025e-15
 3.907985046680551e-14
 1.110223024625157e-14
 5.258016244624741e-13
-1.287858708565182e-14
 4.014566457044566e-13
 2.151612221723553e-13
-8.766321002440236e-13
  5.10702591327572e-14
-5.684341886080801e-14
-1.312283615106935e-13
-1.156297280147101e-13
 1.251221348752551e-13
-3.672617765460018e-13
 -1.13686837721616e-13
-1.545430450278218e-13
 3.066435994014682e-13
 2.957634137601417e-13
-4.709566070459914e-13
-2.664535259100376e-13
 1.498801083243961e-13
 7.460698725481052e-14
-2.673417043297377e-13
 3.730349362740526e-14
 6.590283874174929e-13
 4.547473508864641e-13
-7.838174553853605e-13
 4.920508445138694e-13
  6.17284001691587e-13
 6.039613253960852e-14
 -8.44213587924969e-13
-1.456612608308205e-13
 8.970602038971265e-14
 6.501466032204917e-13
 1.643130076445232e-13
-2.842170943040401e-14
 1.856292897173262e-13
 2.806643806252396e-13
 2.531308496145357e-13
-1.598721155460225e-13
-3.721467578543525e-13
-6.927791673660977e-14
 2.122746423083299e-13
-2.664535259100376e-13
-3.304023721284466e-13
-3.801403636316536e-13
  1.55875312657372e-13
 3.455014052633487e-13
 3.035349749325178e-13
   3.5438318946035e-13
 -4.53637127861839e-13
-3.061995101916182e-13
-8.637535131583718e-14
  4.66571226098722e-14
  3.90354415458205e-13
 3.215205879314453e-13
-1.021405182655144e-13
-2.593480985524366e-13
 2.063904602778166e-13
-5.488942633746774e-13
 5.440092820663267e-13
 5.169198402654729e-13
-4.884981308350689e-13
-1.527666881884215e-13
 1.104005775687256e-12
 -1.77635683940025e-15
-5.644373857194296e-13
-3.552713678800501e-13
  6.24389429049188e-13
-2.646771690706373e-13
 2.287059430727822e-13
 9.237055564881302e-14
-7.291944825738028e-13
 6.394884621840902e-14
 5.115907697472721e-13
-5.044853423896711e-13
-5.417888360170764e-14
-4.085620730620576e-13
 1.287858708565182e-13
-1.030286966852145e-12
-4.094502514817577e-13
 3.890221478286549e-13
-4.263256414560601e-14
-2.184918912462308e-13
 2.038369473211787e-13
 3.375077994860476e-14
-9.459100169806334e-14
 5.577760475716786e-13
 2.735589532676386e-13
-8.624212455288216e-13
 1.147970607462412e-13
-1.163513729807164e-13
-5.440092820663267e-13
 4.383160501220118e-13
 7.540634783254063e-13
-2.398081733190338e-14
-6.628031457012185e-13
-8.171241461241152e-14
 6.367129046225273e-14
 9.636735853746359e-14
-3.034239526300553e-13
 1.687538997430238e-13
 7.993605777301127e-15
-6.146194664324867e-13
-5.564437799421285e-13
 3.108624468950438e-13
 -1.27453603226968e-13
-7.105427357601002e-15
 3.850253449400043e-13
 1.225686219186173e-13
-8.526512829121202e-13
-5.329070518200751e-14
 5.524469770534779e-13
-9.237055564881302e-14
-1.086242207293253e-12
 6.750155989720952e-14
 2.922107000813412e-13
 8.846257060213247e-13
-3.730349362740526e-14
  1.13686837721616e-13
 3.481659405224491e-13
 8.490985692333197e-13
 1.856292897173262e-13
-3.232969447708456e-13
  3.33066907387547e-13
 5.773159728050814e-13
 2.930988785010413e-14
 3.801403636316536e-13
 -1.84741111297626e-13
-2.433608869978343e-13
  1.06581410364015e-13
 9.601208716958354e-13
 -4.39648317751562e-13
 1.554312234475219e-13
 3.397282455352979e-13
 -4.89386309254769e-13
 7.460698725481052e-14
 -2.41591469052338e-13
 1.437738816889578e-14
 5.433431482515516e-13
  1.75248704437081e-13
-4.702904732312163e-13
 2.035038804137912e-13
-7.815970093361102e-14
  4.53637127861839e-13
 8.713030297258229e-13
-7.682743330406083e-14
-9.769962616701378e-14
 2.993161274389422e-13
-3.179678742526448e-13
 9.485745522397337e-13
 5.435651928564766e-13
-1.120881165661558e-12
-3.108624468950438e-13
 2.602362769721367e-13
 5.506706202140776e-14
-3.810285420513537e-13
-5.861977570020827e-14
 4.432010314303625e-13
-1.211475364470971e-12
-2.504663143554353e-13
-3.517186542012496e-13
 2.930988785010413e-14
 2.664535259100376e-13
 4.583000645652646e-13
 6.377121053446899e-13
 1.456612608308205e-13
-3.819167204710538e-13
-1.660893644839234e-13
 4.281019982954604e-13
 -3.12194714524594e-13
  1.77635683940025e-14
 6.012967901369848e-13
-2.939870569207415e-13
-5.555556015224283e-13
 1.829647544582258e-13
-1.554312234475219e-14
  3.68594044175552e-14
-1.831867990631508e-13
 3.019806626980426e-14
 3.322897512703094e-13
 2.460254222569347e-13
-4.276579090856103e-13
 6.190603585309873e-13
-3.392841563254478e-13
-2.158273559871304e-13
 6.998845947236987e-13
 -4.46753745109163e-13
-5.970779426434092e-13
 4.192202140984591e-13
-1.763034163104749e-13
-5.329070518200751e-15
 4.618527782440651e-13
 1.918465386552271e-13
-5.861977570020827e-13
 2.184918912462308e-13
 7.638334409421077e-14
 2.984279490192421e-13
 8.375522497772181e-13
 1.953992523340276e-14
-3.383959779057477e-13
   1.4210854715202e-12
 2.282618538629322e-13
 1.314504061156185e-13
 1.918465386552271e-13
-1.154631945610163e-12
-4.600764214046649e-13
  7.65609797781508e-13
 4.627409566637652e-13
-9.237055564881302e-13
-1.456612608308205e-13
-1.598721155460225e-14
-5.639932965095795e-14
 3.197442310920451e-14
-1.896260926059767e-13
 -4.11226608321158e-13
 5.773159728050814e-13
 2.811084698350896e-13
-1.341149413747189e-13
 1.829647544582258e-13
 3.863576125695545e-14
 1.604133492705273e-13
 6.006306563222097e-14
-4.347633364432113e-13
-3.265165915422585e-13
 -2.48245868306185e-13
  2.94542168433054e-13
 4.076738946423575e-13
-4.907185768843192e-14
 1.731947918415244e-13
 7.858158568296858e-13
-1.083577672034153e-13
-9.725553695716371e-13
-2.984279490192421e-13
 1.572075802869222e-13
-5.044853423896711e-13
 1.025846074753645e-12
 6.501466032204917e-13
-1.412203687323199e-12
-3.712585794346523e-13
   8.5087492607272e-13
   1.4210854715202e-14
-8.322231792590173e-13
 2.202682480856311e-13
 -3.89910326248355e-13
-1.261213355974178e-12
 1.545430450278218e-13
-1.243449787580175e-13
 6.750155989720952e-14
-5.648814749292796e-13
-2.042810365310288e-14
-8.402167850363185e-13
-2.131628207280301e-14
 -8.36664071357518e-13
-3.241851231905457e-13
 1.874056465567264e-13
 2.651212582804874e-13
 5.417888360170764e-13
-8.526512829121202e-14
-4.711786516509164e-13
 3.774758283725532e-14
 9.956480084838404e-13
  8.57980353430321e-13
 1.147609784979409e-12
 3.824718319833664e-13
 9.492406860545088e-13
-2.009503674571533e-13
 -1.06137321154165e-13
 4.444222767574502e-13
-2.744471316873387e-13
-2.320366121466577e-13
-8.553158181712206e-13
-2.651212582804874e-13
 4.369837824924616e-13
-5.839773109528323e-13
 2.042810365310288e-13
  1.20436993711337e-12
 2.078337502098293e-13
  5.38680211548126e-13
 1.225686219186173e-13
-6.812328479099961e-13
 1.225686219186173e-13
 5.515587986337778e-13
 1.811883976188255e-13
-5.453415496958769e-13
 9.556799795973347e-13
 3.126388037344441e-13
 3.979039320256561e-13
 5.480060849549773e-13
 3.748112931134528e-13
  9.85878045867139e-14
 1.424638185199001e-12
 2.771116669464391e-13
 1.280753281207581e-12
-2.300382107023324e-13
 5.808686864838819e-13
 1.041833286308247e-12
 4.058975378029572e-13
 2.673417043297377e-13
  5.17808018685173e-13
-3.423927807943983e-13
-1.580957587066223e-13
-6.927791673660977e-14
-1.864730592160413e-12
 2.664535259100376e-15
 -1.59805502164545e-12
-1.269317984053941e-12
-9.081624341433781e-13
  2.02171612784241e-13
-2.833289158843399e-13
-4.463096558993129e-13
 4.662936703425657e-13
-4.547473508864641e-13
  7.72715225139109e-14
 1.395772386558747e-12
 4.121147867408581e-13
-3.415046023746982e-13
-1.456612608308205e-13
 8.020251129892131e-13
-2.522426711948356e-13
-1.020072915025594e-12
-6.572520305780927e-14
-9.769962616701378e-15
  1.27897692436818e-13
-4.405364961712621e-13
-1.296740492762183e-13
-2.620126338115369e-13
  1.77635683940025e-13
  -1.4210854715202e-13
-1.314504061156185e-13
 2.744471316873387e-13
-9.698908343125368e-13
 2.486899575160351e-14
 2.078337502098293e-13
 1.456612608308205e-13
-2.131628207280301e-13
-5.622169396701793e-13
-1.829647544582258e-13
 -2.19824158875781e-13
-1.338484878488089e-12
 2.464695114667848e-13
 3.037570195374428e-13
-7.194245199571014e-14
 1.067590460479551e-12
-4.556355293061642e-13
  3.61710661422876e-13
 1.261879489788953e-12
 1.371791569226843e-12
-5.595524044110789e-14
  1.62891922173003e-12
 7.294165271787278e-14
 1.638689184346731e-13
-3.178568519501823e-13
 9.769962616701378e-15
 6.012967901369848e-13
-6.590283874174929e-13
-9.676703882632864e-13
-1.723066134218243e-13
 1.115108005933507e-12
 2.451372438372346e-13
-1.943334382303874e-12
-1.794120407794253e-13
 6.954437026251981e-13
-1.296740492762183e-13
 7.585043704239069e-13
 2.664535259100376e-13
-7.318590178329032e-13
 1.332267629550188e-13
 -8.43769498715119e-14
-9.734435479913373e-13
-2.646771690706373e-13
-1.104893954106956e-12
 8.171241461241152e-14
 1.403321903126198e-13
-1.412203687323199e-13
  1.77635683940025e-13
 2.033928581113287e-13
-2.362554596402333e-13
-2.238209617644316e-13
-1.616484723854228e-13
 1.731947918415244e-14
 -9.29034627006331e-13
-5.417888360170764e-14
-4.058975378029572e-13
-7.860379014346108e-14
-1.150635142721512e-12
-9.516831767086842e-13
-8.464340339742193e-13
 3.295141937087465e-13
-1.160849194548064e-12
  3.25961480029946e-13
-5.240252676230739e-14
-6.762368442991828e-13
-6.270539643082884e-13
-5.333511410299252e-13
 8.606448886894214e-13
 1.039834884863922e-12
 1.334932164809288e-12
-4.471978343190131e-13
-6.989964163039986e-13
  1.70441438740454e-12
 5.009326287108706e-13
-1.669775429036235e-13
  1.49213974509621e-13
 3.641531520770513e-13
-8.117950756059145e-13
 3.055333763768431e-13
 6.217248937900877e-14
-3.463895836830488e-13
-8.881784197001252e-15
-1.456612608308205e-13
 3.730349362740526e-13
 4.583000645652646e-13
-1.598721155460225e-13
 1.252331571777177e-13
-4.298783551348606e-13
-1.048050535246148e-13
-3.481659405224491e-13
 4.032330025438569e-13
 3.357314426466473e-13
-2.202682480856311e-13
 1.511679670329613e-12
 2.415845301584341e-13
 5.551115123125783e-13
 4.534150832569139e-13
 4.263256414560601e-14
  1.13686837721616e-13
 1.194599974496668e-12
  7.73159314348959e-13
 1.874944643986964e-12
 3.512745649913995e-13
  4.32542890393961e-13
  3.43836070726411e-13
-7.394085344003543e-14
 9.275913370743183e-13
 3.428368700042483e-13
-7.553957459549565e-13
-1.405098259965598e-12
 1.578959185621898e-12
  7.72715225139109e-14
-1.606270672027676e-12
-4.991562718714704e-13
  1.77635683940025e-13
-2.238209617644316e-13
-2.282618538629322e-13
 1.072919530997751e-12
 1.509903313490213e-14
 1.008970684779342e-12
-8.704148513061227e-13
-6.590283874174929e-13
 3.872457909892546e-13
-1.740829702612245e-13
-3.534950110406498e-13
 5.222489107836736e-13
 3.641531520770513e-14
 1.740829702612245e-13
 3.455014052633487e-13
 2.167155344068306e-13
 4.050093593832571e-13
 8.348877145181177e-13
 5.595524044110789e-13
-2.966515921798418e-13
 1.243449787580175e-14
 5.826450433232822e-13
 -4.46753745109163e-13
 9.476863738200336e-13
 2.460254222569347e-13
 7.913669719528116e-13
 1.496580637194711e-13
 -1.06581410364015e-14
 3.339550858072471e-13
-1.240785252321075e-12
-5.988542994828094e-13
 2.063349491265853e-13
 4.227729277772596e-13
-7.172040739078511e-14
-5.476730180475897e-13
 7.194245199571014e-13
-1.138311667148173e-12
-8.881784197001252e-15
 1.795008586213953e-12
 1.290523243824282e-12
-1.110000980020232e-12
 1.811883976188255e-13
 2.677857935395878e-13
-4.334310688136611e-13
-7.549516567451064e-14
   -1.415756401002e-12
 1.697308960046939e-12
 4.742872761198669e-13
-1.716848885280342e-12
   7.7982065249671e-13
 2.753353101070388e-14
 1.243449787580175e-14
-3.206324095117452e-13
 4.263256414560601e-13
-2.415845301584341e-13
 2.096101070492296e-13
 5.364597654988756e-13
-1.453059894629405e-12
-2.060573933704291e-13
-1.971756091734278e-13
 3.392841563254478e-13
-5.933031843596837e-13
-3.366196210663475e-13
 4.103384299014579e-13
 2.042810365310288e-13
-2.629008122312371e-13
 2.318145675417327e-13
-4.352074256530614e-14
-7.283063041541027e-13
-3.104183576851938e-13
 4.440892098500626e-14
 7.838174553853605e-14
 9.237055564881302e-14
-4.579114865066458e-13
 -1.91180404840452e-13
-1.036948304999896e-13
 7.676081992258332e-13
 9.499068198692839e-13
-2.209343819004062e-13
-3.499422973618493e-13
 5.710987238671805e-13
-8.402167850363185e-13
-4.216627047526345e-13
-6.235012506294879e-13
 2.882138971926906e-13
 3.996802888650564e-13
-4.480860127387132e-13
-5.115907697472721e-13
-2.557953848736361e-13
 6.217248937900877e-14
 1.698197138466639e-12
  9.43245481721533e-13
-8.339995360984176e-13
 3.197442310920451e-14
-4.511946372076636e-13
 6.021849685566849e-13
-1.474376176702208e-13
-1.108446667785756e-12
 1.971756091734278e-13
 1.076472244676552e-12
   6.3860028376439e-13
-3.055333763768431e-13
 7.904787935331115e-14
 -8.36664071357518e-13
 3.463895836830488e-14
-9.912071163853398e-13
 4.236611061969597e-13
-9.601208716958354e-13
-9.130474154517287e-13
  1.20348175869367e-12
-1.110223024625157e-14
-4.902744876744691e-13
-5.195843755245733e-13
-7.882583474838611e-13
 2.704503287986881e-13
 3.630429290524262e-13
-7.793765632868599e-14
-1.280753281207581e-12
 5.450639939397206e-13
-4.529709940470639e-13
-1.809330463231618e-12
 2.273736754432321e-13
-6.106226635438361e-13
  8.22453216642316e-13
-8.215650382226158e-15
 7.593925488436071e-13
 7.185363415374013e-13
 3.375077994860476e-14
-7.136513602290506e-13
-4.032330025438569e-13
-3.774758283725532e-13
-1.872280108727864e-12
 1.499245172453811e-12
 4.156675004196586e-13
-1.393551940509496e-12
 3.961275751862559e-13
-2.673417043297377e-13
-2.877698079828406e-13
-1.119104808822158e-13
-6.039613253960852e-14
 5.666578317686799e-13
-9.894307595459395e-13
 7.815970093361102e-14
 1.215028078149771e-12
-1.243449787580175e-13
 4.245492846166599e-13
-5.018208071305708e-13
 3.552713678800501e-15
 1.009858863199042e-12
 1.334043986389588e-12
-2.868816295631405e-13
 2.149391775674303e-13
  1.06581410364015e-13
-6.235012506294879e-13
 9.596767824859853e-13
 1.625810597261079e-12
 3.352873534367973e-14
-1.673661209622423e-13
 4.718447854656915e-14
 3.659295089164516e-13
 3.193556530334263e-13
 7.993605777301127e-13
 5.037081862724335e-13
-1.284305994886381e-12
 1.117994585797533e-12
-5.524469770534779e-13
 1.909583602355269e-14
-5.870859354217828e-13
-8.117950756059145e-13
 1.045385999987047e-12
-1.056932319443149e-13
 1.495692458775011e-12
-6.421529974431905e-13
   8.5087492607272e-13
 8.197886813832156e-13
-3.392841563254478e-13
  7.86926079854311e-13
 3.055333763768431e-13
-1.042721464727947e-12
 2.664535259100376e-14
 1.216804434989172e-13
-8.526512829121202e-14
  1.77635683940025e-13
-8.615330671091215e-13
-8.828493491819245e-13
-1.355360268462391e-12
  5.60440582830779e-13
 1.030286966852145e-12
-4.121147867408581e-13
-4.725109192804666e-13
 5.568878691519785e-13
-1.545430450278218e-13
-1.807443084089755e-13
 2.309263891220326e-14
-2.842170943040401e-14
-7.238654120556021e-14
-2.859934511434403e-13
 2.076117056049043e-13
-5.044853423896711e-13
-5.699885008425554e-13
 2.922107000813412e-13
 9.232614672782802e-13
-1.012523398458143e-13
 4.796163466380676e-13
 8.150702335285587e-13
   8.5131901528257e-13
-1.685540595985913e-12
-1.234568003383174e-13
  1.20747856158232e-12
   4.9649173661237e-13
-4.085620730620576e-13
-2.007283228522283e-13
 5.053735208093713e-13
-9.627854069549358e-13
 7.389644451905042e-13
-5.826450433232822e-13
 4.130029651605582e-13
-4.156675004196586e-13
-8.526512829121202e-14
 6.004086117172847e-13
-1.040056929468847e-12
 1.085354028873553e-12
 5.737632591262809e-13
-4.831690603168681e-13
 4.014566457044566e-13
 2.799538378894795e-12
  8.79296635503124e-13
-2.344791028008331e-13
 2.264854970235319e-13
-7.105427357601002e-14
 6.474820679613913e-13
 6.838973831690964e-14
-2.176037128265307e-13
 1.936228954946273e-13
 3.015365734881925e-13
-1.296740492762183e-12
-2.402522625288839e-13
 9.237055564881302e-14
 2.455813330470846e-13
 1.173283692423865e-12
-8.637535131583718e-13
 -1.06670228205985e-12
 9.321432514752814e-13
 7.849276784099857e-14
 -6.89837076350841e-13
-1.003641614261142e-12
 1.289912621160738e-12
 1.077360423096252e-12
-8.291145547900669e-13
-1.145750161413162e-13
 1.265654248072678e-12
 2.797762022055394e-13
 1.299405028021283e-12
 4.281019982954604e-13
-9.525713551283843e-13
 7.780442956573097e-13
-5.400124791776761e-13
-6.039613253960852e-14
 2.842170943040401e-14
-1.882938249764265e-13
 8.268941087408166e-13
 6.252776074688882e-13
 -8.29558643999917e-13
-2.682298827494378e-13
-6.270539643082884e-13
-8.313350008393172e-13
 3.907985046680551e-13
-1.721289777378843e-12
 2.682298827494378e-13
 6.981082378842984e-13
-1.059596854702249e-12
 1.989519660128281e-13
 3.277378368693462e-13
 6.812328479099961e-13
-3.090860900556436e-13
 4.352074256530614e-14
 5.702105454474804e-13
 6.759037773917953e-13
-4.392042285417119e-13
-2.517985819849855e-13
 8.952838470577262e-13
-2.333688797762079e-13
-2.575717417130363e-13
 1.036060126580196e-12
 7.489564524121306e-13
 1.349920175641728e-12
 7.210343433428079e-13
-7.900347043232614e-13
 -4.11670697531008e-13
 7.904787935331115e-14
-7.158718062783009e-13
-6.492584248007915e-13
 -2.19824158875781e-13
 2.238209617644316e-13
-1.376676550535194e-13
-1.080024958355352e-12
 -5.59996493620929e-13
-9.414691248821327e-14
 5.702105454474804e-13
 5.542233338928781e-13
-1.291411422243982e-12
-4.529709940470639e-13
 4.298783551348606e-13
 3.090860900556436e-13
-9.459100169806334e-13
 9.805489753489383e-13
-1.803002191991254e-13
-5.346834086594754e-13
 8.846257060213247e-13
-6.004086117172847e-13
 2.984279490192421e-13
-4.973799150320701e-14
 8.490985692333197e-13
 1.286082351725781e-12
-3.872457909892546e-13
-1.302069563280384e-12
 1.376676550535194e-13
 7.478462293875054e-13
-1.323385845353187e-13
 1.687538997430238e-14
-1.020961093445294e-12
-1.025401985543795e-12
  7.58948459633757e-13
  2.19602114270856e-13
-2.873257187729905e-13
-7.981948435542563e-13
 -1.98285832198053e-13
-2.612354776942993e-13
 4.867217739956686e-13
 1.465494392505207e-14
 3.073097332162433e-13
 5.595524044110789e-14
-1.200595178829644e-12
  -5.6754601018838e-13
 1.090683099391754e-12
 5.933031843596837e-13
-3.392841563254478e-13
 3.561595462997502e-13
-1.007194327939942e-12
-1.499245172453811e-12
 1.327826737451687e-12
 9.663381206337363e-13
-2.380318164796336e-13
-2.113864638886298e-13
 5.231370892033738e-13
 6.536993168992922e-13
-8.686384944667225e-13
  1.27364785384998e-12
 3.481659405224491e-13
-8.562039965909207e-13
 7.496225862269057e-13
 3.019806626980426e-13
-4.094502514817577e-13
-5.115907697472721e-13
 5.302425165609748e-13
-7.176481631177012e-13
-6.297184995673888e-13
-7.309708394132031e-13
 7.140954494389007e-13
 1.218580791828572e-12
 3.126388037344441e-13
 1.088906742552354e-12
-3.925748615074554e-13
 3.375077994860476e-14
 1.942446203884174e-12
 8.699707620962727e-13
-2.449151992323095e-13
-3.858025010572419e-13
 2.799982468104645e-13
 3.499422973618493e-13
-1.512956426807932e-12
-1.030286966852145e-12
-5.850875339774575e-14
 1.384226067102645e-12
 2.280398092580072e-13
 1.527666881884215e-13
  5.38902256153051e-13
-6.723510637129948e-13
  2.55351295663786e-13
 4.511946372076636e-13
-7.296385717836529e-13
 3.135269821541442e-13
 7.274181257344026e-13
-8.668621376273222e-13
  1.56319401867222e-13
-1.314504061156185e-13
 5.790923296444817e-13
 4.121147867408581e-13
-1.057820497862849e-12
-4.476419235288631e-12
 3.508304757815495e-13
-1.241673430740775e-12
-3.144151605738443e-13
 1.438849039914203e-12
-9.663381206337363e-13
 1.527666881884215e-13
 1.643130076445232e-13
 -1.77635683940025e-13
-3.650413304967515e-13
 3.135269821541442e-13
 3.641531520770513e-13
-6.901146321069973e-13
 -5.46229728115577e-13
-8.197886813832156e-13
 5.644373857194296e-13
-2.442490654175344e-13
-7.300826609935029e-13
 3.694822225952521e-13
-4.316547119742609e-13
 4.591882429849647e-13
-3.799183190267286e-13
-1.229238932864973e-12
 7.803757640090225e-13
  6.52145004664817e-13
-2.967071033310731e-14
-1.146638339832862e-12
 8.517631044924201e-13
 3.295141937087465e-13
-5.995204332975845e-14
 7.771561172376096e-13
 4.289901767151605e-13
-1.341149413747189e-13
-2.966515921798418e-13
 8.881784197001252e-15
 4.329869796038111e-13
 7.460698725481052e-13
-1.447730824111204e-13
  1.63424829224823e-13
 4.849454171562684e-13
 4.085620730620576e-14
-8.748557434046234e-13
-7.975842208907125e-13
 1.853628361914161e-12
 1.577404873387422e-12
-6.927791673660977e-14
 3.144151605738443e-13
 -1.77635683940025e-14
-5.329070518200751e-15
  4.11226608321158e-13
 5.080380560684716e-13
-5.657696533489798e-13
-9.316991622654314e-13
-6.306066779870889e-14
 4.440892098500626e-14
 3.224087663511455e-13
 1.527666881884215e-13
-3.486100297322992e-13
-1.165290086646564e-12
  7.72715225139109e-13
 1.015854067532018e-12
 2.753353101070388e-14
 1.033395591321096e-12
 4.485301019485632e-13
 4.459765889919254e-13
 1.529887327933466e-13
 1.200373134224719e-12
 1.858790898978668e-13
  7.02105040772949e-13
 1.405542349175448e-12
 8.464340339742193e-13
-5.682121440031551e-13
-2.664535259100376e-15
-8.051337374581635e-13
 9.947598300641403e-14
 1.638689184346731e-13
 6.430411758628907e-13
 4.329869796038111e-13
-7.993605777301127e-13
-3.419486915845482e-13
 5.382361223382759e-13
-6.039613253960852e-14
 7.105427357601002e-14
-1.399769189447397e-12
 4.341416115494212e-12
 1.147526518252562e-12
 1.080024958355352e-12
 1.387334691571596e-12
 1.209699007631571e-12
-2.522426711948356e-13
-1.639577362766431e-12
 4.565237077258644e-13
 3.135269821541442e-12
 1.221245327087672e-12
 1.178612762942066e-12
 1.465494392505207e-13
-3.206324095117452e-13
 5.204725539442734e-13
 1.746158773130446e-12
 5.937472735695337e-13
-5.075939668586216e-13
 7.669420654110581e-13
-3.299582829185965e-13
-1.142641536944211e-12
-6.148415110374117e-13
-9.630074515598608e-13
-9.934275624345901e-13
 3.075317778211684e-14
-1.320499265489161e-12
-2.927658115936538e-13
-1.219024881038422e-12
-6.883382752675971e-15
-1.119104808822158e-12
 -4.39870362356487e-13
 9.769962616701378e-15
-1.830091633792108e-12
-9.201528428093297e-13
 6.781242234410456e-13
 3.561595462997502e-13
-5.062616992290714e-13
-3.179678742526448e-13
-4.263256414560601e-14
-2.344791028008331e-13
 1.331379451130488e-12
 8.739675649849232e-13
-1.521449632946315e-12
  -2.1298518504409e-12
-1.267430604912079e-12
-3.607780740821909e-12
 7.815970093361102e-14
-3.087308186877635e-12
 -1.49125156667651e-12
-7.549516567451064e-13
-4.272138198757602e-13
-1.553424056055519e-12
-7.611689056830073e-13
 8.046896482483135e-13
-2.335909243811329e-13
 4.307665335545607e-13
 -8.86402062860725e-13
-1.656452752740734e-12
 1.509903313490213e-14
-3.592681707687007e-13
-2.398081733190338e-13
 4.793943020331426e-13
-5.559996907322784e-13
 4.318767565791859e-13
 5.297984273511247e-13
 2.079447725122918e-13
 7.215339437038892e-13
 8.835154829966996e-13
 3.729794251228213e-13
 9.023892744153272e-13
  1.84297022087776e-13
 1.262101534393878e-12
-5.873079800267078e-13
 4.387601393318619e-13
 1.259436999134778e-12
 3.232969447708456e-13
 1.544098182648668e-12
 2.913225216616411e-13
-6.652456363553938e-13
 6.812328479099961e-13
 1.227462576025573e-12
 3.002043058586423e-13
 2.353672812205332e-13
 6.270539643082884e-13
 -1.55786494815402e-12
 2.149391775674303e-12
 8.943956686380261e-13
 1.971756091734278e-13
  1.20792265079217e-12
 2.406963517387339e-12
 6.181721801112872e-13
-5.861977570020827e-14
 5.879741138414829e-13
-1.588063014423824e-12
 4.938272013532696e-13
-6.634692795159935e-13
 8.251177519014163e-13
-2.123634601502999e-12
 -8.79296635503124e-13
  2.05702122002549e-12
 5.280220705117245e-13
-4.654054919228656e-13
-1.018740647396044e-12
 1.393329895904571e-12
 2.512212660121804e-12
-5.860867346996201e-13
-8.022471575941381e-13
-9.596767824859853e-13
 2.133848653329551e-13
-7.129852264142755e-13
-1.162958618294851e-14
-6.257216966787382e-13
-7.842615445952106e-13
-5.053735208093713e-13
 1.749711486809247e-13
-8.881784197001252e-14
-1.398881011027697e-12
-3.588240815588506e-13
 7.491784970170556e-13
 2.184918912462308e-13
 1.540989558179717e-13
 -3.47277762102749e-13
-5.897504706808832e-13
-1.721289777378843e-12
-1.547206807117618e-12
 1.238120717061975e-12
-7.966960424710123e-13
-2.323474745935528e-12
-1.025846074753645e-12
-1.167066443485965e-12
  1.06403774680075e-12
  1.20259358027397e-12
 -1.70530256582424e-13
 1.740829702612245e-12
 1.195488152916369e-12
 3.941735826629156e-12
-1.785238623597252e-13
-4.423128530106624e-13
-7.185363415374013e-13
 9.734435479913373e-13
 1.294964135922783e-12
 8.886225089099753e-13
-1.878497357665765e-13
-1.283417816466681e-13
   1.7714718580919e-12
 9.876544027065393e-13
-3.255173908200959e-13
 9.628964292573983e-13
-2.710942581529707e-12
-8.365530490550555e-13
 1.302846719397621e-12
 1.449063091740754e-12
-8.521794381266545e-13
 4.023448241241567e-13
 2.551181488286147e-12
-3.601563491884008e-13
 2.104982854689297e-13
 8.553158181712206e-13
 -4.82280881897168e-13
-6.910028105266974e-13
 8.708589405159728e-13
-1.580957587066223e-13
-1.093791723860704e-12
 2.948752353404416e-13
-7.878142582740111e-13
-3.730349362740526e-14
 1.622701972792129e-12
 4.991562718714704e-13
-3.383959779057477e-13
 1.641353719605831e-12
 1.474376176702208e-13
-3.002043058586423e-13
 1.081801315194753e-12
 -1.84741111297626e-12
-8.393286066166183e-13
-4.051869950671971e-12
-1.829647544582258e-13
-4.813927034774679e-13
-1.048050535246148e-12
 1.217692613408872e-12
  1.13509202037676e-12
-5.702105454474804e-13
-3.668176873361517e-13
 6.132871988029365e-13
 2.651212582804874e-13
 -2.62456723021387e-12
  3.97459842815806e-13
 3.768096945577781e-13
 5.329070518200751e-15
 2.038813562421637e-12
 7.813749647311852e-13
-6.284972542403011e-13
 9.423573033018329e-13
 1.931788062847772e-14
 3.816391647148976e-14
-2.134292742539401e-12
-1.022515405679769e-12
 9.769962616701378e-13
 1.443289932012704e-13
 2.993161274389422e-13
 -2.05613304160579e-13
 4.547473508864641e-13
 6.088463067044358e-13
 6.448175327022909e-13
-4.405364961712621e-13
 9.388045896230324e-13
 1.077360423096252e-12
-4.920508445138694e-13
-1.226574397605873e-12
 3.197442310920451e-13
-1.254996107036277e-12
-2.982503133353021e-12
 1.456612608308205e-13
-2.065903004222491e-12
 3.232969447708456e-13
 4.281019982954604e-12
-8.881784197001252e-14
 1.447730824111204e-12
  1.55786494815402e-12
  7.72715225139109e-14
-7.398526236102043e-13
-4.778399897986674e-13
 1.225686219186173e-13
-1.874944643986964e-12
-3.099742684753437e-13
-5.511147094239277e-13
-2.255973186038318e-13
 4.494182803682634e-13
 1.410427330483799e-12
 1.010524997013817e-12
-4.036770917537069e-13
-1.107114400156206e-12
-2.255085007618618e-12
 1.925459791607409e-12
 1.729061338551219e-12
 1.034727858950646e-12
-7.124856260531942e-13
  2.34123831432953e-12
-8.244516180866412e-13
-3.181011010155999e-12
 1.000532989792191e-12
 2.016165012719284e-13
-1.098676705169055e-12
-1.102229418847855e-12
-4.654054919228656e-13
 1.518785097687214e-13
-2.087219286295294e-14
-7.984723993104126e-13
 9.725553695716371e-13
 2.735589532676386e-13
 8.038014698286133e-13
  1.91491267287347e-12
-4.423128530106624e-13
 5.169198402654729e-13
 1.362465695819992e-12
   7.7982065249671e-13
 1.189270903978468e-12
 9.734435479913373e-13
 1.367794766338193e-13
-6.998845947236987e-13
-4.298783551348606e-13
-9.059419880941277e-14
 2.010835942201084e-12
 1.715960706860642e-12
-2.403410803708539e-12
 2.193800696659309e-12
 3.872457909892546e-13
 -7.23421322845752e-13
 2.576605595550063e-12
-1.024069717914244e-12
-1.600941601509476e-12
 -1.48725476378786e-12
-4.800604358479177e-13
 6.076250613773482e-13
 5.047073869945962e-13
-1.525835013893584e-12
 1.258881887622465e-12
-2.569500168192462e-12
-1.466715637832294e-12
 2.328803816453728e-12
-1.107336444761131e-12
 1.652011860642233e-13
 2.641442620188172e-12
 8.286704655802168e-13
 1.732392007625094e-12
 1.334932164809288e-12
-5.653255641391297e-13
 1.181277298201167e-13
 2.060573933704291e-13
-4.298783551348606e-13
-5.115907697472721e-13
 1.625366508051229e-13
-6.448175327022909e-13
-4.742872761198669e-13
-1.254107928616577e-12
-1.779909553079051e-12
-8.881784197001252e-14
-1.517008740847814e-12
 4.458655666894629e-13
 1.865174681370263e-13
-9.565681580170349e-13
 4.440892098500626e-13
 2.193800696659309e-13
-2.388311770573637e-12
 1.472599819862808e-12
 1.835864793520159e-12
-9.041656312547275e-13
-1.020517004235444e-12
 2.276401289691421e-12
 1.620925615952729e-13
-1.708855279503041e-12
-5.200284647344233e-13
-1.820765760385257e-13
 1.717070929885267e-12
 1.318056774834986e-12
-5.718758799844181e-13
 6.132871988029365e-13
 3.280153926255025e-13
-3.432809592140984e-13
 1.672439964295336e-12
 9.086620345044594e-13
 2.065014825802791e-12
-8.386624728018433e-13
-2.070343896320992e-12
-4.589661983800397e-13
-2.859934511434403e-13
-2.273736754432321e-13
-1.938005311785673e-12
-6.683542608243442e-13
 1.152855588770763e-12
  6.17284001691587e-13
 2.318145675417327e-13
 1.531219595563016e-12
 2.611244553918368e-13
 -1.27897692436818e-12
 5.373479439185758e-13
-1.194599974496668e-12
-2.176037128265307e-12
  9.85878045867139e-14
  -1.4210854715202e-13
 6.856737400084967e-13
-6.767919558114954e-13
-7.558398351648066e-13
 5.657696533489798e-13
 2.146727240415203e-12
 8.286704655802168e-13
-1.521449632946315e-12
-1.074695887837152e-12
-1.165290086646564e-12
-1.636024649087631e-12
 1.114663916723657e-12
 9.925393840148899e-13
-7.287503933639528e-13
 1.373123836856394e-12
-2.398081733190338e-13
-1.766808921388474e-12
 4.765077221691172e-13
 -3.26183524634871e-13
-2.660094367001875e-13
 1.832423102143821e-13
 8.644196469731469e-13
-2.182254377203208e-12
-1.963929019410671e-12
-2.207123372954811e-13
 3.141931159689193e-14
 1.302957741700084e-12
 8.637535131583718e-13
  7.94031507211912e-13
 1.258104731505227e-12
-2.584599201327364e-13
 4.032330025438569e-13
 1.389111048410996e-12
 4.440892098500626e-13
-1.165290086646564e-12
-1.976196983832779e-12
 9.192646643896296e-13
 1.497468815614411e-12
 2.381206343216036e-12
 -5.39124300757976e-13
 1.636024649087631e-12
 3.224087663511455e-13
-2.557953848736361e-13
 7.807088309164101e-13
 1.287858708565182e-12
 8.970602038971265e-13
-1.028510610012745e-12
-2.335909243811329e-13
 2.169819879327406e-12
-8.943956686380261e-13
 1.161737372967764e-12
 3.925748615074554e-13
 1.262989712813578e-12
 1.403321903126198e-12
 2.168487611697856e-12
-4.529709940470639e-14
-1.121325254871408e-12
 4.178879464689089e-13
 2.688960165642129e-13
-1.229238932864973e-12
-3.380629109983602e-13
-1.076250200071627e-12
-1.406597061048842e-12
-8.506528814677949e-13
 8.379963389870682e-13
 5.218048215738236e-14
-4.480860127387132e-13
 1.950772876568863e-12
-1.165290086646564e-12
-2.693623102345555e-12
-2.628564033102521e-12
-1.586286657584424e-12
-2.470912363605748e-12
 -1.13242748511766e-13
-2.033928581113287e-13
-1.245670233629426e-12
 1.810107619348855e-12
 3.854694341498544e-13
-3.723243935382925e-12
 2.781774810500792e-12
  1.91313631603407e-12
 -3.47544215628659e-12
 3.819167204710538e-13
-1.403321903126198e-13
-2.192024339819909e-12
 1.162625551387464e-12
-2.824407374646398e-13
 4.902744876744691e-13
-1.067590460479551e-12
 5.861977570020827e-14
-1.584510300745023e-12
 6.750155989720952e-14
-2.957634137601417e-13
 -9.29034627006331e-13
-2.214228800312412e-12
 2.424727085781342e-13
 9.356959651540819e-13
-7.918110611626616e-13
-1.449063091740754e-12
 1.181277298201167e-12
 4.307665335545607e-13
 7.034373084024992e-13
 1.941558025464474e-12
 2.339684002095055e-12
 3.701539075251503e-12
 2.970956813896919e-13
-5.928590951498336e-14
 1.907696223213406e-12
 1.990407838547981e-12
-4.711786516509164e-13
  1.91269222682422e-12
 2.882138971926906e-13
 2.541522547971908e-12
 2.336353333021179e-12
  2.69206879011108e-12
 1.251443393357476e-12
  1.77635683940025e-15
-4.343192472333612e-13
-1.397104654188297e-12
 3.410605131648481e-13
-7.380762667708041e-13
 2.788880237858393e-13
 1.688427175849938e-12
-2.186695269301708e-12
-4.654054919228656e-13
 3.810285420513537e-13
-1.829647544582258e-13
 3.943512183468556e-13
-6.181721801112872e-13
-5.915268275202834e-13
 5.684341886080801e-14
-9.805489753489383e-13
-2.042810365310288e-13
-6.110667527536862e-13
 1.265654248072678e-12
 1.552535877635819e-12
 2.912337038196711e-12
  1.70530256582424e-13
-1.256772463875677e-13
-5.968558980384842e-13
-2.726707748479384e-13
 7.278622149442526e-13
 -7.94253551816837e-13
-2.671196597248127e-12
-3.152478278423132e-12
 9.447997939560082e-13
-1.302902230548852e-12
-1.818989403545856e-12
-3.000488746351948e-12
-9.690026558928366e-13
-1.245670233629426e-13
 1.353889222954763e-12
-6.235012506294879e-13
-2.205680083022798e-12
  2.97539770599542e-13
 7.489564524121306e-13
-1.785238623597252e-13
 4.924949337237194e-13
 1.039168751049147e-13
 -1.42152956073005e-12
-7.132072710192006e-13
 2.900790718740609e-12
 1.891820033961267e-12
-4.130029651605582e-13
  7.94031507211912e-13
-1.194599974496668e-12
 1.936228954946273e-12
 1.353583911622991e-12
-2.561506562415161e-12
  8.15347789284715e-13
 4.094502514817577e-13
 1.199040866595169e-12
 3.064215547965432e-13
 4.654054919228656e-13
 3.521627434110997e-12
 8.730793865652231e-13
-4.316547119742609e-12
 1.234568003383174e-13
-2.185363001672158e-12
-9.459100169806334e-13
 1.578293051807123e-12
-1.483257960899209e-12
-1.745270594710746e-13
 9.490186414495838e-13
 2.029043599804936e-12
-3.019806626980426e-14
 2.329247905663578e-13
 8.764100556390986e-13
 2.214339822614875e-12
  5.25135490647699e-13
-1.758593271006248e-13
 6.806777363976835e-13
 1.540767513574792e-12
 1.225991530517945e-12
-2.096101070492296e-13
-3.017586180931175e-13
-1.084465850453853e-12
 1.119326853427083e-12
 1.476152533541608e-12
-2.220446049250313e-14
-1.891820033961267e-13
-5.693223670277803e-13
 9.192646643896296e-13
 4.529709940470639e-14
-1.505462421391712e-12
 8.517631044924201e-13
 2.094324713652895e-12
  -1.4219736499399e-12
-6.270539643082884e-13
-5.160316618457728e-13
-3.286260152890463e-13
 1.180389119781466e-12
-4.547473508864641e-13
-1.442401753593003e-12
-1.713296171601542e-12
 8.686384944667225e-13
-2.922107000813412e-13
-1.885602785023366e-12
 2.918554287134612e-12
 1.765698698363849e-12
 1.625366508051229e-13
-6.306066779870889e-14
-5.591083152012288e-13
 1.238564806271825e-12
 1.852740183494461e-12
 1.016964290556643e-13
-1.183497744250417e-12
 1.460165321987006e-12
 1.024735851729019e-12
-4.585221091701897e-13
-1.508709823738741e-12
-5.511147094239277e-13
-1.274425009967217e-12
-3.630429290524262e-13
-1.048050535246148e-13
-1.016020600985712e-12
-1.199484955805019e-12
-1.501909707712912e-12
-2.079669769727843e-12
 2.326805415009403e-12
-1.624478329631529e-12
 1.709743457922741e-13
 1.696420781627239e-13
-2.176037128265307e-12
 1.751487843648647e-12
-1.305622276959184e-12
-1.195488152916369e-12
-1.656452752740734e-12
-5.551115123125783e-13
-1.553424056055519e-12
-1.019628825815744e-12
 1.909583602355269e-13
 -9.57456336436735e-13
 1.142197447734361e-12
 8.286704655802168e-13
 6.865619184281968e-13
 1.253219750196877e-12
 3.561595462997502e-13
-1.215028078149771e-12
-9.166001291305292e-13
-3.157474282033945e-12
-1.110223024625157e-13
 1.305178187749334e-12
-4.733990977001667e-13
-2.273736754432321e-12
-1.043609643147647e-13
 1.116440273563057e-12
-1.353583911622991e-12
-2.404743071338089e-12
 4.485301019485632e-13
 3.135269821541442e-13
-7.032152637975742e-13
 2.373823360102278e-12
  1.13598019879646e-12
 1.234234936475787e-12
 1.127986593019159e-12
 1.869837618073689e-12
 2.046085523232932e-12
 2.464695114667848e-12
-1.641131675000906e-12
-2.575717417130363e-14
 9.103828801926284e-15
-9.530154443382344e-13
-1.678657213233237e-12
-1.151967410351062e-12
-7.642775301519578e-13
 8.881784197001252e-15
 1.954436612550126e-12
 3.043787444312329e-12
-1.607602939657227e-13
 1.272759675430279e-12
 7.682743330406083e-13
-7.540634783254063e-13
-7.096545573404001e-13
-1.879385536085465e-12
 3.721467578543525e-13
-3.268496584496461e-13
 1.358912982141192e-13
 9.983125437429408e-13
-7.300826609935029e-13
 2.314592961738526e-12
 3.774758283725532e-13
-1.643130076445232e-13
 1.468158927764307e-12
 1.616040634644378e-12
 3.579359031391505e-13
-2.106315122318847e-12
 -8.44213587924969e-13
-9.237055564881302e-14
 4.765077221691172e-13
 1.139088823265411e-12
-5.235811784132238e-13
-2.571942658846638e-12
 2.067235271852041e-13
-2.791766817722419e-12
 7.100986465502501e-13
-1.155298079424938e-12
-3.458788810917213e-12
-1.842748176272835e-12
-4.600764214046649e-13
-6.776801342311956e-13
 1.133537708142285e-13
 2.426059353410892e-12
-6.912248551316225e-13
 6.137312880127865e-13
  4.18642898125654e-12
 1.376676550535194e-12
-3.534506021196648e-12
-2.804867449412995e-12
 3.867572928584195e-12
 4.076738946423575e-13
 2.664535259100376e-15
 1.330491272710788e-12
-1.254996107036277e-12
 4.813927034774679e-13
 1.743494237871346e-12
-8.695266728864226e-13
 1.365130231079092e-12
 2.026823153755686e-12
-6.119549311733863e-13
 -1.34736666268509e-12
 2.611244553918368e-13
 -1.49213974509621e-13
 5.808686864838819e-13
-6.084022174945858e-13
 1.713296171601542e-12
 2.251088204729967e-12
-1.653788217481633e-12
  2.34079422511968e-12
 1.475264355121908e-12
-1.332267629550188e-13
 1.010747041618743e-12
 2.154276756982654e-12
-5.067057884389214e-13
 1.320277220884236e-12
 1.018296558186194e-12
 2.672029264516596e-13
 2.113864638886298e-12
 1.628586154822642e-12
-3.452793606584237e-14
 5.970779426434092e-13
-3.718136909469649e-13
 1.145750161413162e-13
-3.341771304121721e-14
-1.834976615100459e-12
 1.142197447734361e-12
-2.106759211528697e-12
-6.981082378842984e-13
 2.792432951537194e-12
 7.647216193618078e-13
-7.460698725481052e-14
 2.778222096821992e-12
-1.445954467271804e-12
-3.016253913301625e-12
 5.639932965095795e-13
-2.637001728089672e-12
 7.283063041541027e-13
-3.703704010149522e-13
-7.256417688950023e-13
 1.165290086646564e-12
-1.549871342376719e-12
 6.012967901369848e-13
-5.906386491005833e-13
-4.796163466380676e-14
-7.469580509678053e-13
-9.316991622654314e-13
-1.392219672879946e-12
 4.707345624410664e-13
-8.730793865652231e-13
 1.687538997430238e-13
-8.890665981198254e-13
-8.570921750106208e-13
-4.245492846166599e-13
 -5.74207348336131e-13
-1.398658966422772e-12
-6.559197629485425e-13
-6.572520305780927e-14
 5.329070518200751e-15
-5.023759186428833e-13
 3.914646384828302e-13
 -1.70308211977499e-13
 -2.26929586233382e-12
 1.262545623603728e-12
-1.427774565243567e-12
-1.171507335584465e-12
 2.072064742009161e-12
 2.891464845333758e-12
 7.205347429817266e-13
-1.554756323685069e-12
-5.409006575973763e-13
-2.318589764627177e-12
 1.032063323691546e-12
 1.890043677121866e-12
-1.084021761244003e-12
 4.352074256530614e-14
 3.517186542012496e-13
 2.927436071331613e-12
-2.185807090882008e-12
 -1.35003119794419e-13
-3.819167204710538e-14
-2.710720536924782e-12
 6.510347816401918e-13
-1.537436844500917e-12
-1.114663916723657e-12
 2.783551167340192e-12
 2.700062395888381e-13
 6.403766406037903e-13
 1.331379451130488e-12
  1.98241423277068e-12
  7.65609797781508e-13
 1.382893799473095e-12
 -1.13331566353736e-12
 7.083222897108499e-13
-1.287858708565182e-13
-1.114663916723657e-12
-3.348432642269472e-13
-1.013855666087693e-12
 2.682298827494378e-13
  2.87214696470528e-13
 2.655653474903374e-13
-6.204758928873844e-13
 -2.97539770599542e-14
   1.4193091146808e-12
 7.682743330406083e-14
 1.769917545857425e-12
 1.989630682430743e-12
-8.426592756904938e-13
 1.727840093224131e-12
-7.904787935331115e-14
  1.06226138996135e-12
  1.84696702376641e-12
-7.962519532611623e-13
-2.725819570059684e-12
-3.823608096809039e-13
  1.56052948341312e-12
 4.858335955759685e-13
-4.121147867408581e-13
 9.814371537686384e-14
 1.012523398458143e-12
-5.968558980384842e-13
 2.770228491044691e-12
 8.890665981198254e-13
-1.335820343228988e-12
 1.232791646543774e-12
 2.829736445164599e-12
 1.268318783331779e-12
 -3.68594044175552e-13
 -6.03073146976385e-13
-4.689582056016661e-13
 6.510347816401918e-13
-1.452171716209705e-12
-5.089262344881718e-13
-1.500577440083362e-12
 -2.19824158875781e-13
-3.650413304967515e-13
 2.406963517387339e-13
 3.237632384411882e-12
  1.63424829224823e-13
 2.355893258254582e-13
 1.129762949858559e-12
-5.887512699587205e-13
-1.460165321987006e-12
 7.153999614928352e-13
 1.243449787580175e-12
-1.728284182433981e-12
 6.568079413682426e-13
 1.029842877642295e-12
 -1.68187686000465e-12
-1.763034163104749e-12
-9.336975637097567e-14
 -2.55173659979846e-12
 7.772671395400721e-13
 2.943423282886215e-12
-4.525935182186913e-12
 1.338484878488089e-12
 1.003641614261142e-12
-5.702105454474804e-13
 1.059152765492399e-12
-3.268496584496461e-13
 1.481481604059809e-12
 1.604050225978426e-12
-3.185007813044649e-12
-3.008260307524324e-12
-1.453059894629405e-12
-2.145839061995503e-12
 1.308286812218284e-12
-1.615596545434528e-12
-1.310951347477385e-12
-7.158718062783009e-13
-1.247890679678676e-12
 -2.55528931347726e-12
-6.572520305780927e-14
  2.97539770599542e-14
-2.030375867434486e-12
 -8.36664071357518e-13
-4.907185768843192e-13
-1.323385845353187e-12
 1.465494392505207e-13
  -1.4210854715202e-13
-1.247002501258976e-12
-4.489741911584133e-13
 1.822986206434507e-12
 2.219779915435538e-12
-1.156408302449563e-12
-2.320740821737388e-12
 3.063993503360507e-12
-6.324940571289517e-13
-2.942091015256665e-13
 1.623146062001979e-12
-1.735056542884195e-12
 3.870237463843296e-13
 2.539746191132508e-12
 1.338928967697939e-12
 8.781864124784988e-13
-2.104094676269597e-12
-1.923350367860621e-12
 -3.61488616817951e-13
 1.178168673732216e-12
-7.216449660063518e-13
 5.688782778179302e-13
-3.597122599785507e-13
 1.400213278657247e-12
 2.368771845340234e-12
-1.993960552226781e-12
-1.074695887837152e-13
 1.566746732351021e-12
-8.952838470577262e-13
-4.050093593832571e-13
 6.066258606551855e-13
 1.270095140171179e-12
 1.648459146963432e-12
 9.485745522397337e-13
 1.306510455378884e-12
 9.592326932761353e-14
-1.327826737451687e-13
 1.687538997430238e-13
 1.326938559031987e-12
 1.648903236173282e-12
 1.459277143567306e-12
 1.751931932858497e-12
  3.51341178372877e-12
 1.372235658436693e-13
-2.714273250603583e-12
 3.392841563254478e-13
 -1.68365321684405e-12
-1.098676705169055e-12
 2.749037109062158e-12
 9.638956299795609e-13
 2.390310172017962e-13
 6.794564910705958e-14
-1.448174913321054e-12
-1.671440763573173e-12
-2.210009952818837e-12
 -3.00232061434258e-13
-2.028599510595086e-12
-2.936317855528614e-12
 4.818367926873179e-13
-3.959277350418233e-12
 1.390887405250396e-12
 2.891908934543608e-12
-1.008082506359642e-12
 6.723510637129948e-13
 6.306066779870889e-13
-5.688782778179302e-13
 1.161737372967764e-12
-2.571276525031863e-12
-2.291500322826323e-13
 1.280753281207581e-12
-5.861977570020827e-13
   1.4166445794217e-12
 2.282618538629322e-12
 7.167599846980011e-13
-2.176037128265307e-13
 8.100187187665142e-13
 1.359357071351042e-12
 5.417888360170764e-14
 1.677769034813537e-12
  4.53859172466764e-13
-2.263966791815619e-12
-1.727507026316744e-13
-2.133848653329551e-12
 9.814371537686384e-14
 5.360156762890256e-13
 -9.00612917575927e-13
 3.033129303275928e-13
 2.282618538629322e-13
 8.416600749683312e-13
 3.138378446010393e-12
 1.107516856002633e-12
-3.054889674558581e-12
-1.759037360216098e-12
-8.688605390716475e-13
 1.078026556911027e-13
 2.160494005920555e-13
 1.152633544165838e-12
 2.497724249650446e-12
 2.374100915858435e-12
 1.771360835789437e-12
 4.499955963410684e-12
  1.45550238528358e-12
-6.750155989720952e-13
 2.947642130379791e-12
-2.026823153755686e-12
 -3.26272342476841e-12
-2.851052727237402e-13
 1.165734175856414e-12
 1.111111203044857e-12
 -2.13118411807045e-12
-3.277378368693462e-13
 -2.34035013590983e-12
-1.887379141862766e-12
 2.497557716196752e-12
 -2.90700796767851e-12
-1.101341240428155e-13
-1.543654093438818e-12
 2.842170943040401e-14
 8.038014698286133e-13
-3.641531520770513e-14
 2.261746345766369e-12
 1.616484723854228e-13
 6.905587213168474e-13
  2.97983859809392e-13
 3.890221478286549e-13
-9.383605004131823e-13
 8.859579736508749e-14
 7.225331444260519e-13
-2.209343819004062e-12
 -2.48157050464215e-12
 5.819789095085071e-13
-3.357314426466473e-12
 2.952221800356369e-13
 2.224886941348814e-13
 1.118105608099995e-12
 5.726530361016557e-13
-9.126033262418787e-13
 2.174815882938219e-12
-1.551869743821044e-12
 3.113620472561252e-12
-1.120437076451708e-12
-4.052091995276896e-12
-4.337863401815412e-12
 1.973754493178603e-12
  3.26139115713886e-12
-3.994360397996388e-12
-4.392042285417119e-13
 5.937472735695337e-13
 2.500222251455853e-13
  1.20792265079217e-12
 2.223110584509413e-12
-1.022737450284694e-12
-8.517631044924201e-13
-6.830092047493963e-13
-2.164490808809205e-12
  1.34647848426539e-12
 2.045474900569388e-12
-6.572520305780927e-14
-1.565858553931321e-12
 1.727507026316744e-12
 1.964650664376677e-12
-8.171241461241152e-14
-2.264410881025469e-12
-8.393286066166183e-13
-9.090506125630782e-13
-1.149302875091962e-12
 8.637535131583718e-13
 -5.38680211548126e-13
 1.406652572200073e-12
 8.388845174067683e-13
-3.070876886113183e-13
 3.248068480843358e-12
 5.704325900524054e-13
 5.431211036466266e-13
-2.226108186675901e-12
 1.711741859367066e-12
 2.063349491265853e-12
-1.241673430740775e-12
-5.231370892033738e-13
-3.115840918610502e-12
-2.430944334719243e-12
 5.257738688868585e-13
 3.000710790956873e-12
-2.555122780023567e-12
-7.087663789206999e-13
 6.372680161348399e-13
-1.115552095143357e-12
-4.169997680492088e-13
 4.583000645652646e-13
-2.566835632933362e-12
-1.834976615100459e-12
 1.812772154607956e-12
 2.049915792667889e-12
-2.253752739989068e-12
-8.286704655802168e-13
 2.984279490192421e-13
-8.970602038971265e-13
 1.004529792680842e-12
 2.922107000813412e-13
-8.038014698286133e-13
-9.316991622654314e-13
-9.539036227579345e-13
-3.288924688149564e-12
-5.933031843596837e-13
 1.362021606610142e-12
-5.089262344881718e-13
 9.063860773039778e-13
-9.316991622654314e-13
 -2.26751950549442e-12
 2.802647003363745e-12
 4.094502514817577e-13
-3.268496584496461e-13
-1.039612840258997e-12
 5.666578317686799e-13
 7.358558207215538e-13
-1.918909475762121e-12
-2.994271497414047e-13
-3.315570040740567e-12
 -1.43784983919204e-12
-3.370637102761975e-13
 9.903189379656396e-13
 1.323385845353187e-12
-4.261035968511351e-13
 1.926542259056419e-12
-1.878053268455915e-12
 1.203370736391207e-12
 2.421618461312391e-12
 2.422506639732092e-13
-6.705747068735946e-14
  3.04734015799113e-12
 1.310951347477385e-12
 1.787903158856352e-12
 1.743938327081196e-12
 9.143796830812789e-13
 1.584510300745023e-12
-2.186251180091858e-12
 1.144861982993461e-12
 1.156408302449563e-12
-8.251177519014163e-13
 8.073541835074138e-13
 1.890931855541567e-12
 2.957634137601417e-13
 7.558398351648066e-13
 2.372324559019034e-12
 3.199662756969701e-12
  1.13598019879646e-12
-2.160049916710705e-12
-2.416289390794191e-12
-2.287947609147523e-12
 9.303668946358812e-13
 1.528555060303916e-12
-5.644373857194296e-13
-1.543210004228968e-13
 5.431211036466266e-13
 1.682431971516962e-12
-2.875033544569305e-12
-2.043476499125063e-12
 3.518518809642046e-12
  2.77416978278211e-12
-1.107780533970981e-12
 7.795986078917849e-13
 5.026423721687934e-12
 9.897638264533271e-13
-5.359046539865631e-13
 4.596323321948148e-13
-2.227773521212839e-12
-9.052758542793526e-13
 9.874323581016142e-13
-4.432010314303625e-13
-4.856115509710435e-13
-2.886579864025407e-14
-2.401634446869139e-12
-9.872103134966892e-13
  2.48157050464215e-12
-4.165556788393587e-13
-6.465938895416912e-13
 1.256772463875677e-12
-3.161915174132446e-13
-1.794120407794253e-12
-1.056932319443149e-12
-1.864286502950563e-12
 1.590727549682924e-12
-1.931788062847772e-12
-9.618972285352356e-13
-9.130474154517287e-13
-3.055333763768431e-13
-2.833289158843399e-13
 4.902744876744691e-13
 3.213429522475053e-12
-2.705835555616432e-12
-9.112710586123285e-13
 2.242206420532966e-12
-1.807887173299605e-12
 1.997069176695732e-12
-8.415490526658687e-14
 7.047695760320494e-13
 2.031486090459111e-12
 3.925748615074554e-13
-6.701306176637445e-13
 8.877343304902752e-13
-3.236855228294644e-13
-9.527933997333093e-13
  -3.9013237085328e-13
-1.375344282905644e-12
-3.410605131648481e-13
-1.678879257838162e-12
 1.723066134218243e-13
-8.981704269217516e-13
 1.893152301590817e-12
    2.726735504055e-12
 3.044231533522179e-13
 1.040278974073772e-12
-4.272138198757602e-13
-2.830624623584299e-12
-1.964650664376677e-12
  -1.0653700144303e-12
 2.079669769727843e-12
 -4.60875781982395e-12
 -2.62456723021387e-13
-4.400924069614121e-13
-3.215205879314453e-13
-6.963318810448982e-13
-1.353583911622991e-12
 1.432631790976302e-12
 5.750955267558311e-13
  1.20614629395277e-12
-4.884981308350689e-15
 3.232969447708456e-13
 6.084022174945858e-13
 2.319922032256727e-12
 1.951772077291025e-12
 1.082245404404603e-12
 2.814637412029697e-12
-1.052491427344648e-13
-1.371791569226843e-12
-3.028688411177427e-13
 1.445066288852104e-12
 6.776801342311956e-13
 3.340661081097096e-13
 3.295141937087465e-13
-4.316547119742609e-13
  1.20303766948382e-12
 1.372651992070928e-12
-9.490186414495838e-13
-2.094435735955358e-13
  2.94630986275024e-12
 4.140021658827209e-13
-7.885914143912487e-13
-5.893063814710331e-13
 3.431588346813896e-12
-7.878142582740111e-13
-3.875233467454109e-13
 1.285860307120856e-12
-9.341416529196067e-13
 6.248335182590381e-13
 1.297628671181883e-12
 1.511235581119763e-12
 9.547918011776346e-15
-8.673062268371723e-13
 1.782129999128301e-12
  3.40305561508103e-12
 3.348432642269472e-13
-6.679101716144942e-13
-9.947598300641403e-14
-8.899547765395255e-13
 3.241851231905457e-13
-4.982680934517703e-13
 1.405986438385298e-12
  1.98641103565933e-12
-8.908429549592256e-13
 -3.82671672127799e-12
-3.958611216603458e-12
-1.101341240428155e-12
-2.275513111271721e-12
-7.962519532611623e-13
-1.041389197098397e-12
-1.028066520802895e-13
 1.088018564132653e-12
-5.440092820663267e-13
 -1.55919721578357e-12
-1.110667113835007e-12
 7.536193891155563e-13
 -1.43918210682159e-12
-2.801758824944045e-12
 2.103872631664672e-14
-2.147393374229978e-12
-3.266276138447211e-13
 1.041389197098397e-12
  -1.0671463712697e-12
-3.750333377183779e-13
-1.870614774190926e-12
 1.456612608308205e-13
  1.13686837721616e-13
-2.284228362015028e-12
 -1.73971947958762e-12
-4.126698982531707e-13
 9.019451852054772e-13
 -5.39346345362901e-13
 1.096900348329655e-12
-1.224131906951698e-12
-2.853717262496502e-12
 1.429523166507352e-12
 1.943778471513724e-12
-2.042366276100438e-12
 1.595168441781425e-12
 1.187938636348917e-12
-4.494182803682634e-13
 1.921129921811371e-12
-5.204725539442734e-13
 2.606803661819868e-12
-8.211209490127658e-13
-4.769518113789672e-13
 1.389999226830696e-12
 1.569411267610121e-12
 7.913669719528116e-13
 7.238654120556021e-14
-7.220890552162018e-13
 1.850075648235361e-12
 1.411315508903499e-12
 3.703704010149522e-13
-2.280398092580072e-13
 2.691180611691379e-13
 1.992850329202156e-12
  -1.7750245717707e-12
-9.050538096744276e-13
 1.592503906522325e-12
 2.754185768338857e-13
 7.238654120556021e-14
 1.461303300587247e-12
 4.864997293907436e-13
 6.574740751830177e-13
 2.035038804137912e-12
 2.034372670323137e-12
-1.355582313067316e-12
 -2.05657713081564e-12
 1.566774487926637e-12
 2.147171329625053e-12
 1.148081629764874e-12
-1.502353796922762e-12
 2.963185252724543e-13
 1.429079077297501e-12
-2.933209231059664e-12
-2.259525899717119e-12
 1.831867990631508e-12
 1.360689338980592e-12
 -2.26796359470427e-12
-1.974864716203228e-12
-2.168931700907706e-12
-2.780442542871242e-12
  3.40172334745148e-13
-6.705747068735946e-14
 1.413535954952749e-12
 2.060573933704291e-13
-1.998845533535132e-12
 2.052136238717139e-12
 2.595257342363766e-12
 1.669775429036235e-13
 2.219113781620763e-12
-1.837641150359559e-12
-1.384226067102645e-12
-1.091349233206529e-12
 4.278799536905353e-12
 2.915223618060736e-12
 3.494982081519993e-13
-5.481171072574398e-13
-2.779998453661392e-13
  1.52566848043989e-12
-3.214761790104603e-12
-2.427946732552755e-12
 5.514255718708228e-12
 1.171313046555156e-12
-2.728928194528635e-12
-3.754996313887204e-12
-5.837552663479073e-13
 2.386535413734236e-12
 2.069011628691442e-12
-1.930677839823147e-12
-1.308508856823209e-12
 9.263700917472306e-13
-2.609440441503352e-12
-3.130828929442941e-14
-2.897349027364271e-12
-1.169730978745065e-12
 2.870148563260955e-12
 1.304290009329634e-12
  2.65898414397725e-12
 2.466915560717098e-12
-2.256861364458018e-12
 3.365308032243775e-12
 2.846167745929051e-12
-1.442845842802853e-12
 2.560618383995461e-12
-4.654054919228656e-13
-3.836930773104541e-13
-1.123989790130508e-12
-2.446931546273845e-12
-7.469580509678053e-13
-2.222222406089713e-12
-9.801048861390882e-13
-3.575362228502854e-12
  2.09543493667752e-12
-1.224353951556623e-12
 -3.37041505815705e-12
-1.478372979590858e-12
-9.556799795973347e-13
-5.044409334686861e-12
-2.966626944100881e-12
  1.56008539420327e-12
 3.590683306242681e-12
-3.388400671155978e-13
-4.429789868254375e-14
 2.029043599804936e-12
 5.573319583618286e-13
-3.192335285007175e-12
 1.585731546072111e-12
 8.748557434046234e-13
-2.759570350008289e-12
-1.588396081331211e-12
  8.01136934569513e-13
-1.940114735532461e-12
 5.921929613350585e-13
 5.176414852314792e-14
 2.675637489346627e-13
   4.2570391656227e-12
 2.136069099378801e-12
 2.099209694961246e-12
-8.544276397515205e-13
-2.702060797332706e-12
 1.864286502950563e-12
-1.393996029719347e-12
-3.764544231898981e-12
 2.366995488500834e-13
-1.765254609153999e-12
 2.176037128265307e-13
 5.901945598907332e-13
  7.72715225139109e-14
 1.535216398451666e-12
 1.676436767183986e-12
 1.995736909066181e-12
 1.328714915871387e-12
-2.233768725545815e-12
 4.320988011841109e-13
 9.343636975245317e-13
 1.261657445184028e-12
 1.837863194964484e-12
 3.431921413721284e-12
  1.24322774297525e-12
 1.227906665235423e-12
 4.602984660095899e-13
 2.061462112123991e-12
-2.461475467896435e-12
 4.027889133340068e-13
-1.221245327087672e-14
-2.004618693263183e-12
  4.50570136756312e-13
 1.248556813493451e-12
-2.509659147165166e-13
 2.226885342793139e-12
 1.771693902696825e-12
 2.470246229790973e-13
-7.046585537295869e-13
-5.561107130347409e-13
   -5.322409180053e-13
 3.002931237006123e-12
-2.577937863179613e-12
-1.864064458345638e-12
-7.331912854624534e-13
-4.189315561120566e-12
-8.708589405159728e-13
 2.335021065391629e-12
 1.881605982134715e-12
-2.256861364458018e-12
 -8.57980353430321e-13
 1.453948073049105e-12
-1.325162202192587e-12
 1.235456181802874e-12
-1.725730669477343e-12
-2.605915483400167e-12
 3.392841563254478e-13
-1.195488152916369e-12
 1.439293129124053e-12
 -1.84474657771716e-12
-1.219691014853197e-12
-8.313350008393172e-13
-1.867173082814588e-12
 9.161560399206792e-13
 1.241673430740775e-12
-1.937117133365973e-12
-1.055378007208674e-12
-7.078782005009998e-13
 1.875610777801739e-12
-1.496136547984861e-12
 1.344480082821065e-13
-2.237321439224615e-12
-2.160605028223017e-12
-1.749267397599397e-12
 1.204356059325562e-12
 7.787104294720848e-13
-3.213262989021359e-13
-2.275957200481571e-13
    2.927769138239e-12
-3.315903107647955e-12
-3.348876731479322e-12
 1.189937037793243e-12
 3.006483950684924e-12
 1.016742245951718e-12
  2.73314704202221e-12
-3.637090628672013e-13
-7.878142582740111e-13
 2.335243109996554e-12
-3.246292124003958e-13
 2.709166224690307e-12
 3.946176718727656e-12
-2.873701276939755e-12
 1.753708289697897e-12
 6.221689829999377e-13
 3.597122599785507e-13
 2.237321439224615e-12
-7.309708394132031e-13
 9.299228054260311e-13
-3.907985046680551e-13
 1.119992987241858e-12
 1.597832977040525e-12
 1.954436612550126e-12
 3.500533196643119e-12
-2.469136006766348e-13
 -1.27364785384998e-12
 2.213340621892712e-12
 1.856959030988037e-12
-1.016076112136943e-12
-2.485345262925875e-12
-3.010924842783425e-13
-2.465805337692473e-13
 2.726707748479384e-13
 5.149214388211476e-13
 3.583355834280155e-12
-5.371258993136507e-13
 1.317168596415286e-12
 8.215650382226158e-13
   4.2588155224621e-13
-1.455474629707965e-12
  5.67323965583455e-13
 1.778799330054426e-12
-2.315259095553301e-12
-2.416733480004041e-12
 2.754796391002401e-12
 1.250000103425464e-12
 -5.63660229602192e-13
 4.938272013532696e-13
-7.673861546209082e-13
-2.822408973202073e-12
-2.117528374867561e-12
-2.169375790117556e-12
 1.358024803721491e-12
 2.653210984249199e-12
 -2.58792987040124e-12
 2.774669383143191e-12
 3.166356066230946e-13
-4.402256337243671e-12
 1.096456259119805e-12
 2.880362615087506e-12
-7.465139617579553e-13
-1.183497744250417e-12
 3.708144902248023e-13
-3.783418023317608e-12
-2.970956813896919e-13
 1.673772231924886e-12
-1.953548434130425e-12
-1.620925615952729e-12
 2.246203223421617e-12
 1.569855356819971e-13
-1.101341240428155e-13
 1.741273791822096e-12
-1.231015289704374e-12
-2.580935465346101e-12
 1.200817223434569e-12
-6.153966225497243e-13
-1.717737063700042e-12
-9.943712520055215e-13
-5.719869022868806e-13
-1.128985793741322e-12
 1.141753358524511e-12
 2.180977620724889e-12
 6.399325513939402e-13
 5.164757510556228e-13
 -2.90878432451791e-13
-1.435407348537865e-12
 4.151012866770998e-12
 8.703038290036602e-13
-5.033640171347997e-12
 -2.02349248468181e-12
 2.105898788684613e-12
 2.158495604476229e-12
 1.277422612133705e-12
 6.126210649881614e-13
 2.644551244657123e-13
 3.683719995706269e-13
-1.923572412465546e-12
-5.442757355922367e-12
  5.53335155473178e-13
-1.864730592160413e-12
-5.537792446830281e-13
 1.033395591321096e-12
-1.641353719605831e-12
-1.268762872541629e-12
-1.568078999980571e-12
-1.139532912475261e-12
-6.692424392440444e-13
 1.307842723008434e-13
-4.840572387365683e-13
-1.146860384437787e-12
  7.86926079854311e-13
 6.068479052601106e-13
-2.138733634637902e-12
 1.763922341524449e-12
 7.620570841027074e-13
 2.247868557958554e-12
 7.096545573404001e-13
 3.599343045834758e-13
 1.049382802875698e-12
 2.987610159266296e-12
-1.456168519098355e-12
-4.704459044546638e-12
-4.807265696626928e-13
 1.795882886845845e-12
-2.083000438801719e-12
-2.839395385478838e-14
-2.131628207280301e-14
-2.807976073881946e-12
-6.049605261182478e-13
 3.122946345968103e-12
 1.971312002524428e-12
 1.560196416505732e-12
-1.770944502155203e-12
-1.738609256562995e-13
-2.993161274389422e-13
-1.150191053511662e-12
 1.336708521648688e-13
 2.121192110848824e-12
-1.572963981288922e-12
-5.766498389903063e-12
 3.323119557308019e-12
 1.824318474064057e-12
-4.662936703425657e-13
 1.885158695813516e-12
-5.893063814710331e-13
 4.783506923899949e-12
 9.441336601412331e-13
 3.244071677954707e-13
 3.991473818132363e-12
 2.884803507186007e-12
 3.557154570899002e-13
-8.972822485020515e-13
-8.886225089099753e-13
-2.067013227247116e-12
-1.994404641436631e-12
-2.276290267388958e-12
-2.353672812205332e-14
 5.134781488891349e-13
-3.752553823233029e-13
-2.885025551790932e-12
 1.017408379766493e-12
 3.873401599463477e-12
-8.020251129892131e-13
-1.191602372330181e-12
 2.084998840246044e-12
-1.154909501366319e-12
-1.717737063700042e-12
 9.439116155363081e-13
-7.913669719528116e-13
 1.885824829628291e-12
-2.563504963859486e-13
-2.671252108399358e-12
 2.570610391217087e-12
-2.329025861058653e-12
-2.103706098210978e-12
 4.068634318343811e-12
 1.325217713343818e-12
 1.129540905253634e-12
-4.838351941316432e-13
 1.255218151641202e-12
-2.604583215770617e-13
-4.729994174113017e-12
  1.48769885299771e-12
 9.903189379656396e-14
 8.659739592076221e-14
  2.05702122002549e-12
 -2.26929586233382e-13
-2.434719093002968e-12
-2.643218977027573e-12
-6.279865516489735e-12
 6.137312880127865e-13
 1.318722908649761e-12
-2.140065902267452e-12
 6.363798377151397e-13
-3.286260152890463e-14
 1.384226067102645e-12
 1.957545237019076e-12
 8.073541835074138e-13
-3.765876499528531e-13
 5.839773109528323e-14
 2.757793993168889e-13
-1.840194663316197e-12
 1.751043754438797e-12
 2.990496739130322e-12
-2.317701586207477e-12
 1.053268583461886e-12
 3.272937476594961e-12
 -1.20811693982148e-12
-8.464340339742193e-13
 3.733124920302089e-14
 -3.40172334745148e-13
-3.803957149273174e-12
 3.681499549657019e-13
 1.444400155037329e-12
 3.510525203864745e-13
 6.656897255652439e-13
-1.870614774190926e-12
-3.025024675196164e-12
 2.901012763345534e-13
-1.071698285670664e-12
 -2.98117086572347e-12
  1.84430248850731e-12
-3.879119248040297e-13
 4.592992652874273e-12
  1.84252613166791e-12
-1.269651050961329e-12
 2.628119943892671e-12
 3.441691376337985e-13
-7.491784970170556e-13
 3.559819106158102e-12
-3.215205879314453e-13
-2.647437824521148e-12
  2.55218068900831e-12
 3.237410339806956e-12
 2.418953926053291e-12
 2.245759134211767e-12
-9.308109838457312e-13
-3.583799923490005e-12
 2.406075338967639e-12
 1.638578162044269e-12
-1.816324868286756e-13
 4.221067939624845e-12
-1.531219595563016e-12
-2.842392987645326e-12
 1.925126724700021e-12
 2.341460358934455e-13
-2.612132732338068e-12
-1.867617172024438e-12
 2.185363001672158e-12
 2.812167165799906e-12
-1.532107773982716e-12
 1.263364413084389e-12
 1.996847132090807e-12
 1.722483267130315e-12
 3.439915019498585e-12
  1.86106685617915e-12
-6.658451567886914e-12
-3.518629831944509e-12
 2.679523269932815e-13
 2.469136006766348e-13
-7.720213357487182e-13
 8.477663016037695e-13
 1.503908109157237e-12
 2.054245662463927e-12
-6.152856002472618e-13
 2.521316488923731e-12
-3.428368700042483e-12
-4.645173135031655e-12
 3.382627511427927e-12
 1.585398479164724e-13
-5.635492072997295e-13
-7.585043704239069e-13
 1.252331571777177e-13
-2.055466907791015e-12
-5.773159728050814e-15
-6.293188192785237e-12
 -1.27942101357803e-12
 4.423572619316474e-12
-3.140598892059643e-12
-1.566080598536246e-12
-2.104538765479447e-12
-5.025313498663309e-12
 1.039168751049147e-12
 1.521227588341389e-12
-2.202682480856311e-12
-1.229571999772361e-12
-4.010125564946065e-13
  5.42788036739239e-13
  5.60440582830779e-13
 -1.01285646536553e-12
-1.459277143567306e-12
 4.299893774373231e-13
-1.949995720451625e-12
-3.523015212891778e-12
  2.90878432451791e-14
-6.748351877305936e-13
-8.477663016037695e-13
 1.419461770346686e-12
-2.233657703243352e-12
 6.397937735158621e-13
 6.052602863348966e-12
 1.405819904931604e-12
 3.580385987689283e-12
-2.242650509742816e-13
-1.660838133688003e-12
 1.099675905891218e-12
-1.015409978322168e-12
 1.460387366591931e-12
-2.037481294792087e-12
-5.539790848274606e-12
 6.206146707654625e-13
-1.393551940509496e-12
 8.393286066166183e-14
 3.125499858924741e-12
-7.629452625224076e-13
 2.293276679665723e-12
   1.0653700144303e-12
 9.103828801926284e-15
 3.768985123997481e-12
  2.27240448680277e-12
 -1.27453603226968e-12
 5.005329484220056e-12
  6.67021993194794e-13
-3.840261442178416e-13
 2.884359417976157e-12
 1.142308470036824e-12
 -3.25961480029946e-13
-1.346589506567852e-12
-3.641531520770513e-14
-2.486455485950501e-12
 6.070699498650356e-13
 3.581024365928442e-13
-9.281464485866309e-14
 1.900479773553343e-12
 2.274624932852021e-12
-9.939271627956714e-13
 6.212808045802376e-13
 1.772026969604212e-12
-5.804245972740318e-13
 8.935630013695572e-13
-1.194155885286818e-12
-4.099720563033316e-12
 1.697308960046939e-12
 3.164690731694009e-13
-1.933869731018945e-12
 2.199240789479973e-12
-5.726530361016557e-13
 1.339817146117639e-12
-3.168576512280197e-13
 2.040589919261038e-13
 4.498623695781134e-13
 1.027622431593045e-12
 1.432631790976302e-12
-1.769917545857425e-12
 2.479572103197825e-12
 1.942446203884174e-12
 3.734790254839027e-13
-3.367528478293025e-12
-1.718625242119742e-13
-2.613242955362693e-12
-1.210587186051271e-12
-5.995204332975845e-13
-2.312816604899126e-12
-4.527489494421388e-13
 -1.27853283515833e-12
-4.792388708096951e-12
  8.43769498715119e-14
 2.328137682638953e-13
-2.416733480004041e-12
 1.393329895904571e-13
 1.101341240428155e-12
 1.064592858313063e-12
 8.615330671091215e-14
 1.145639139110699e-12
-1.644906433284632e-12
-1.103062086116324e-12
 1.341149413747189e-13
 5.140332604014475e-14
-2.844613433694576e-12
-1.733224674893563e-12
 1.096012169909955e-12
  2.42772468794783e-12
  2.34079422511968e-12
 2.656229403097399e-12
-9.857670235646765e-13
 -3.00587332802138e-12
  -1.7714718580919e-12
-3.976263762694998e-13
 5.522249324485529e-13
 1.362021606610142e-12
-1.003919170017298e-12
  1.41620049021185e-12
-1.175948227682966e-12
-2.488675931999751e-12
 1.791899961745003e-13
-1.934896687316723e-12
 1.358912982141192e-13
-1.425526363618701e-12
 3.184119634624949e-13
  2.35977903884077e-12
 2.602362769721367e-13
 4.779732165616224e-12
 7.740474927686591e-13
-3.584799124212168e-12
 2.369660023759934e-12
 3.548827898214313e-12
-1.250555214937776e-12
 3.858025010572419e-13
 3.343103571751271e-12
 2.924438469165125e-12
 1.746602862340296e-12
  6.80788758700146e-13
 1.161293283757914e-12
 1.315392239575885e-12
 1.260769266764328e-12
-9.451328608633958e-13
  5.10702591327572e-13
 -2.56100696205408e-12
 7.562839243746566e-13
 4.948930154569098e-12
-1.511235581119763e-12
 -2.42683650952813e-12
 1.745936728525521e-12
-3.616440480413985e-12
 6.989964163039986e-13
 2.815359056995703e-12
-2.735367488071461e-12
 1.001698723968047e-12
 3.847144824931092e-12
 1.747157973852609e-12
-3.872457909892546e-13
 9.927059174685837e-13
-1.604050225978426e-12
 2.013500477460184e-12
-5.497824417943775e-13
-3.217648369968629e-12
 2.183142555622908e-12
 6.887823644774471e-13
 8.357758929378178e-13
 -2.96129787358268e-12
 5.133671265866724e-13
-1.824762563273907e-12
 1.278754879763255e-12
  2.97761815204467e-12
-2.842170943040401e-14
 1.188604770163693e-12
-9.698908343125368e-13
 2.771005647161928e-12
-1.465050303295357e-12
-5.008216064084081e-12
 1.687983086640088e-12
-5.648814749292796e-13
-3.695710404372221e-12
-3.565703288188615e-12
-5.893063814710331e-13
 1.266431404189916e-12
 -2.40918396343659e-12
 7.414069358446795e-13
 1.537880933710767e-12
 4.395372954490995e-13
 9.703349235223868e-13
 4.938272013532696e-13
 5.822009541134321e-13
 3.387290448131353e-12
-1.918465386552271e-13
-3.207489829293309e-12
-6.730171975277699e-13
-1.656952353101815e-12
 1.173949826238641e-12
-1.180222586327773e-12
 1.549871342376719e-13
-3.683858773584348e-14
-4.216196836104302e-12
 1.011912775794599e-12
-1.062983034927356e-12
 1.403988036940973e-12
 -3.50808271321057e-12
-2.232436457916265e-12
 5.189848550912757e-12
-1.047828490641223e-12
-1.083577672034153e-13
 2.192468429029759e-12
 1.723066134218243e-13
-3.958167127393608e-12
-2.733813175836985e-12
 -4.05842026651726e-12
-1.105560087921731e-12
 2.336686399928567e-12
 1.075139977047002e-12
-7.075451335936123e-13
-2.290612144406623e-12
-5.020872606564808e-12
 1.227018486815723e-12
 2.126632203669487e-12
-9.721112803617871e-13
 2.094879825165208e-12
 2.669864329618576e-12
-3.848033003350793e-13
-1.372235658436693e-13
-2.517985819849855e-13
-1.116440273563057e-12
-4.238831508018848e-13
 -1.34958710873434e-12
-2.584377156722439e-12
 4.014566457044566e-13
 1.013134021121687e-12
-7.918110611626616e-13
 2.016942168836522e-12
  3.33510996597397e-13
-2.247535491051167e-12
 -1.13509202037676e-12
 1.965427820493915e-12
 3.421263272684882e-12
 1.956407258418835e-12
 1.420863426915275e-12
 3.642308676887751e-12
-2.213507155346406e-14
 1.722622045008393e-12
-3.995914710230863e-12
-4.086508909040276e-12
 1.142197447734361e-12
 2.868816295631405e-13
 2.753353101070388e-13
 3.019584582375501e-12
-1.197930643570544e-12
 2.313704783318826e-13
 6.978861932793734e-13
-5.873079800267078e-13
  3.75921516138078e-12
  9.07718344933528e-13
  1.77191594730175e-13
 9.965361869035405e-13
-3.130828929442941e-14
 2.717381875072533e-12
 2.441158386545794e-12
 9.870992911942267e-13
-7.114309141798003e-13
 6.532552276894421e-13
 1.507682867440963e-12
 7.114309141798003e-13
 -3.89732690564415e-12
-2.375766250395372e-12
 2.247091401841317e-12
 2.327804615731566e-12
-8.260059303211165e-13
-1.842290209275177e-12
 8.402167850363185e-13
 6.105393968169892e-13
 1.197708598965619e-12
 3.026995321064874e-12
 5.733191699164308e-13
-4.481831572533679e-13
 1.758149181796398e-12
-5.143385717332194e-13
-2.982503133353021e-12
-3.198302733764535e-12
-4.568567746332519e-12
 1.173269814636058e-12
 -1.48636658536816e-12
 2.051692149507289e-13
-1.523225989785715e-12
-2.285144296010344e-12
 8.482103908136196e-13
-2.327471548824178e-12
-7.740474927686591e-13
 4.471978343190131e-13
-8.695266728864226e-13
-1.576072605757872e-12
 -1.91668902971287e-12
-3.350653088318722e-12
-1.052491427344648e-12
-2.238875751459091e-12
-3.299582829185965e-12
-7.356337761166287e-13
-2.561950651625011e-12
-1.184385922670117e-12
-1.174171870843566e-12
-2.902345030975084e-12
-4.382272322800418e-12
-2.198019544152885e-12
 -3.68594044175552e-13
 1.840194663316197e-12
-2.446931546273845e-12
-2.036759649826081e-12
-1.556532680524469e-12
-2.848582481007611e-12
-1.119992987241858e-12
 1.292577156419839e-13
 -2.90789614609821e-12
-3.520156388603368e-12
-1.735500632094045e-12
-1.835850915732351e-12
-2.826627820695649e-12
-2.383232500235977e-12
 -1.13375975274721e-12
-4.045375145977914e-13
-2.534861209824157e-12
 3.449462937510361e-13
-3.037570195374428e-13
 2.078476279976371e-13
-9.887646257311644e-13
