 0
 32
  16.
  10.
  0.258940399
  0.50641883
  0.452216723
  0.
  0.
  0.
 -0.220742581
  0.55590712
 -0.480155957
  0.
  0.
  0.
 -0.0572695472
 -0.0633031748
  0.0226566871
  0.
  0.
  0.
  0.0204529959
 -0.000843858882
  0.00613116632
  0.
  0.
  0.
 -0.00126917309
  0.00211790974
 -0.00087704976
  0.
  0.
  0.
 -0.000145758192
 -0.000304436213
  2.52919659E-05
  0.
  0.
  0.
  3.62980089E-05
  4.57672518E-06
  3.63399021E-06
  0.
  0.
  0.
 -2.52506809E-06
  3.4539427E-06
 -5.18496229E-07
  0.
  0.
  0.
 -1.50717485E-07
 -4.33048857E-07
  2.17838726E-08
  0.
  0.
  0.
  4.58381759E-08
  9.95268594E-09
  1.81633911E-09
  0.
  0.
  0.
 -3.34761133E-09
  3.2790432E-09
 -3.24188577E-10
  0.
  0.
  0.
 -1.00180521E-10
 -4.37080811E-10
  1.62002798E-11
  0.
  0.
  0.
  4.10119906E-11
  1.42624054E-11
  7.73412701E-13
  0.
  0.
  0.
 -3.19391268E-12
  2.49093106E-12
 -1.73550996E-13
  0.
  0.
  0.
 -3.48050613E-14
 -3.71912379E-13
  9.92487656E-15
  0.
  0.
  0.
  2.74545141E-14
  1.68170697E-14
  2.27446132E-16
  0.
  0.
  0.
  2.06574395E-17
 -1.29087821E-18
 -5.55111512E-17
