0.5511467172250741     0.0113423573284677
-0.5135573557295918     -1.3731066062563717
0.7473943893105570     -0.9323794706328720
0.7200969839633329     0.2593188440367538
0.7048726250881567     -0.4169338524160175
1.4117955752598434     0.3608352812132565
1.1007908752557478     0.9334526553008557
-0.4006901510424035     -1.2483794751513004
0.5550854179848277     0.4540485972460599
0.2938249061516673     -0.8062865515069433
0.0113423573284677     0.5511467172250741
-1.3731066062563717     -0.5135573557295918
-0.9323794706328720     0.7473943893105570
0.2593188440367538     0.7200969839633329
-0.4169338524160175     0.7048726250881567
0.3608352812132565     1.4117955752598434
0.9334526553008557     1.1007908752557478
-1.2483794751513004     -0.4006901510424035
0.4540485972460599     0.5550854179848277
-0.8062865515069433     0.2938249061516673
