0.9441710591795367     -0.2313429326997465
1.2401275684170581     -0.0872272309249980
0.1406445576149515     -1.3991884918007116
1.3946656055978295     -0.5412007944585117
1.4117783452818471     0.4633371232711991
1.3715008447288368     -0.2771424088765424
0.9008414066664003     0.6550768296176512
1.2472065755672013     -0.5245629545383199
0.8766219886786635     -1.1831123900129343
1.3784772791787088     0.3328759762386018
-0.2313429326997465     0.9441710591795367
-0.0872272309249980     1.2401275684170581
-1.3991884918007116     0.1406445576149515
-0.5412007944585117     1.3946656055978295
0.4633371232711991     1.4117783452818471
-0.2771424088765424     1.3715008447288368
0.6550768296176512     0.9008414066664003
-0.5245629545383199     1.2472065755672013
-1.1831123900129343     0.8766219886786635
0.3328759762386018     1.3784772791787088
