0   0
1e-12   1.38752e-12
3e-12   1.11662e-10
7e-12   3.28342e-09
1.02745e-11   1.51656e-08
1.3549e-11   4.56726e-08 
1.59294e-11   8.7027e-08 
1.76611e-11   1.31264e-07
1.9125e-11   1.80237e-07 
2.04882e-11   2.3707e-07 
2.17752e-11   3.02125e-07
2.29812e-11   3.7442e-07 
2.41149e-11   4.53498e-07
2.51905e-11   5.39489e-07
2.62185e-11   6.32541e-07
2.72048e-11   7.32637e-07
2.81539e-11   8.39708e-07
2.90697e-11   9.53722e-07
2.99558e-11   1.07468e-06
3.08149e-11   1.20257e-06
3.16494e-11   1.33738e-06
3.24614e-11   1.47911e-06
3.32527e-11   1.62774e-06
3.40249e-11   1.78328e-06
3.47793e-11   1.9457e-06 
3.5517e-11   2.11502e-06 
3.62393e-11   2.29122e-06
3.69471e-11   2.4743e-06 
3.76412e-11   2.66426e-06
3.83224e-11   2.86109e-06
3.89914e-11   3.0648e-06 
3.9649e-11   3.27537e-06 
4.02956e-11   3.49282e-06
4.09318e-11   3.71713e-06
4.15582e-11   3.94832e-06
4.21751e-11   4.18637e-06
4.27831e-11   4.43129e-06
4.33824e-11   4.68307e-06
4.39736e-11   4.94173e-06
4.45568e-11   5.20726e-06
4.51325e-11   5.47965e-06
4.57009e-11   5.75892e-06
4.62623e-11   6.04506e-06
4.6817e-11   6.33808e-06 
4.73652e-11   6.63797e-06
4.79071e-11   6.94475e-06
4.8443e-11   7.2584e-06  
4.89731e-11   7.57894e-06
4.94975e-11   7.90636e-06
5.00165e-11   8.24068e-06
5.05302e-11   8.58188e-06
5.10388e-11   8.92998e-06
5.15425e-11   9.28498e-06
5.20413e-11   9.64689e-06
5.25354e-11   1.00157e-05
5.30251e-11   1.03914e-05
5.35103e-11   1.0774e-05 
5.39913e-11   1.11636e-05
5.4468e-11   1.15601e-05 
5.49408e-11   1.19635e-05
5.54096e-11   1.23738e-05
5.58745e-11   1.2791e-05 
5.63357e-11   1.32152e-05
5.67933e-11   1.36464e-05
5.72473e-11   1.40845e-05
5.76978e-11   1.45295e-05
5.8145e-11   1.49815e-05 
5.85888e-11   1.54405e-05
5.90294e-11   1.59065e-05
5.94669e-11   1.63794e-05
5.99012e-11   1.68593e-05
6.03326e-11   1.73462e-05
6.0761e-11   1.784e-05   
6.11865e-11   1.83409e-05
6.16092e-11   1.88488e-05
6.20292e-11   1.93637e-05
6.24464e-11   1.98856e-05
6.2861e-11   2.04145e-05 
6.3273e-11   2.09505e-05 
6.36824e-11   2.14935e-05
6.40894e-11   2.20436e-05
6.44939e-11   2.26007e-05
6.4896e-11   2.31648e-05 
6.52958e-11   2.37361e-05
6.56933e-11   2.43144e-05
6.60885e-11   2.48997e-05
6.64815e-11   2.54922e-05
6.68723e-11   2.60918e-05
6.72609e-11   2.66984e-05
6.76475e-11   2.73122e-05
6.8032e-11   2.79331e-05 
6.84145e-11   2.85611e-05
6.8795e-11   2.91963e-05 
6.91735e-11   2.98386e-05
6.95501e-11   3.0488e-05 
6.99249e-11   3.11446e-05
7.02977e-11   3.18084e-05
7.06688e-11   3.24794e-05
7.1038e-11   3.31575e-05 
7.14055e-11   3.38429e-05
7.17712e-11   3.45354e-05
7.21352e-11   3.52351e-05
7.24976e-11   3.59421e-05
7.28582e-11   3.66563e-05
7.32173e-11   3.73778e-05
7.35747e-11   3.81065e-05
7.39306e-11   3.88424e-05
7.42848e-11   3.95856e-05
7.46376e-11   4.03361e-05
7.49888e-11   4.10939e-05
7.53386e-11   4.1859e-05 
7.56869e-11   4.26314e-05
7.60337e-11   4.34111e-05
7.63791e-11   4.41981e-05
7.67232e-11   4.49925e-05
7.70658e-11   4.57943e-05
7.7407e-11   4.66034e-05 
7.7747e-11   4.74198e-05 
7.80855e-11   4.82437e-05
7.84228e-11   4.90749e-05
7.87588e-11   4.99135e-05
7.90935e-11   5.07596e-05
7.9427e-11   5.16131e-05 
7.97592e-11   5.2474e-05 
8.00902e-11   5.33424e-05
8.042e-11   5.42182e-05  
8.07486e-11   5.51015e-05
8.1076e-11   5.59923e-05 
8.14023e-11   5.68906e-05
8.17274e-11   5.77964e-05
8.20514e-11   5.87097e-05
8.23743e-11   5.96306e-05
8.2696e-11   6.0559e-05  
8.30167e-11   6.14949e-05
8.33364e-11   6.24384e-05
8.36549e-11   6.33895e-05
8.39724e-11   6.43482e-05
8.42889e-11   6.53145e-05
8.46043e-11   6.62885e-05
8.49188e-11   6.727e-05  
8.52322e-11   6.82592e-05
8.55447e-11   6.92561e-05
8.58562e-11   7.02606e-05
8.61667e-11   7.12728e-05
8.64763e-11   7.22928e-05
8.67849e-11   7.33204e-05
8.70927e-11   7.43558e-05
8.73995e-11   7.53989e-05
8.77053e-11   7.64498e-05
8.80103e-11   7.75084e-05
8.83145e-11   7.85748e-05
8.86177e-11   7.9649e-05 
8.89201e-11   8.0731e-05 
8.92216e-11   8.18209e-05
8.95222e-11   8.29186e-05
8.98221e-11   8.40242e-05
9.01211e-11   8.51376e-05
9.04193e-11   8.62589e-05
9.07167e-11   8.73881e-05
9.10132e-11   8.85252e-05
9.1309e-11   8.96703e-05 
9.1604e-11   9.08233e-05 
9.18983e-11   9.19843e-05
9.21918e-11   9.31532e-05
9.24845e-11   9.43302e-05
9.27764e-11   9.55151e-05
9.30677e-11   9.67081e-05
9.33581e-11   9.79091e-05
9.36479e-11   9.91182e-05
9.3937e-11   0.000100335 
9.42253e-11   0.000101561
9.45129e-11   0.000102794
9.47999e-11   0.000104035
9.50861e-11   0.000105285
9.53717e-11   0.000106543
9.56566e-11   0.000107809
9.59409e-11   0.000109083
9.62244e-11   0.000110365
9.65074e-11   0.000111656
9.67896e-11   0.000112955
9.70713e-11   0.000114262
9.73523e-11   0.000115577
9.76327e-11   0.000116901
9.79124e-11   0.000118233
9.81916e-11   0.000119573
9.84701e-11   0.000120921
9.8748e-11   0.000122278 
9.90254e-11   0.000123644
9.93021e-11   0.000125018
9.95783e-11   0.0001264  
9.98539e-11   0.000127791
1.00129e-10   0.00012919 
1.00403e-10   0.000130597
1.00677e-10   0.000132013
1.00951e-10   0.000133438
1.01223e-10   0.000134871
1.01496e-10   0.000136313
1.01767e-10   0.000137763
1.02038e-10   0.000139222
1.02309e-10   0.000140689
1.02579e-10   0.000142165
1.02849e-10   0.00014365 
1.03118e-10   0.000145144
1.03386e-10   0.000146646
1.03654e-10   0.000148157
1.03922e-10   0.000149676
1.04189e-10   0.000151205
1.04456e-10   0.000152742
1.04722e-10   0.000154288
1.04987e-10   0.000155842
1.05252e-10   0.000157406
1.05517e-10   0.000158978
1.05781e-10   0.00016056 
1.06045e-10   0.00016215 
1.06308e-10   0.000163749
1.06571e-10   0.000165357
1.06833e-10   0.000166974
1.07095e-10   0.0001686  
1.07357e-10   0.000170235
1.07618e-10   0.000171879
1.07878e-10   0.000173532
1.08139e-10   0.000175194
1.08398e-10   0.000176866
1.08658e-10   0.000178546
1.08917e-10   0.000180236
1.09175e-10   0.000181934
1.09433e-10   0.000183642
1.09691e-10   0.000185359
1.09948e-10   0.000187086
1.10205e-10   0.000188821
1.10462e-10   0.000190566
1.10718e-10   0.000192321
1.10973e-10   0.000194084
1.11229e-10   0.000195857
1.11484e-10   0.000197639
1.11738e-10   0.000199431
1.11992e-10   0.000201232
1.12246e-10   0.000203043
1.125e-10   0.000204863  
1.12753e-10   0.000206692
1.13005e-10   0.000208531
1.13258e-10   0.00021038 
1.1351e-10   0.000212238 
1.13761e-10   0.000214106
1.14013e-10   0.000215983
1.14264e-10   0.00021787 
1.14514e-10   0.000219767
1.14765e-10   0.000221673
1.15014e-10   0.000223589
1.15264e-10   0.000225515
1.15513e-10   0.000227451
1.15762e-10   0.000229396
1.16011e-10   0.000231352
1.16259e-10   0.000233317
1.16507e-10   0.000235292
1.16755e-10   0.000237277
1.17002e-10   0.000239272
1.17249e-10   0.000241276
1.17496e-10   0.000243291
1.17743e-10   0.000245316
1.17989e-10   0.000247351
1.18235e-10   0.000249396
1.1848e-10   0.000251451 
1.18725e-10   0.000253516
1.1897e-10   0.000255592 
1.19215e-10   0.000257677
1.19459e-10   0.000259773
1.19704e-10   0.000261879
1.19947e-10   0.000263995
1.20191e-10   0.000266122
1.20434e-10   0.000268259
1.20677e-10   0.000270406
1.2092e-10   0.000272563 
1.21162e-10   0.000274731
1.21405e-10   0.00027691 
1.21647e-10   0.000279099
1.21888e-10   0.000281298
1.2213e-10   0.000283508 
1.22371e-10   0.000285729
1.22612e-10   0.00028796 
1.22852e-10   0.000290202
1.23093e-10   0.000292454
1.23333e-10   0.000294717
1.23573e-10   0.000296991
1.23813e-10   0.000299275
1.24052e-10   0.000301571
1.24291e-10   0.000303877
1.2453e-10   0.000306194 
1.24769e-10   0.000308522
1.25007e-10   0.00031086 
1.25246e-10   0.00031321 
1.25484e-10   0.00031557 
1.25722e-10   0.000317942
1.25959e-10   0.000320325
1.26197e-10   0.000322718
1.26434e-10   0.000325123
1.26671e-10   0.000327539
1.26907e-10   0.000329966
1.27144e-10   0.000332404
1.2738e-10   0.000334854 
1.27616e-10   0.000337314
1.27852e-10   0.000339786
1.28088e-10   0.00034227 
1.28323e-10   0.000344764
1.28559e-10   0.00034727 
1.28794e-10   0.000349788
1.29029e-10   0.000352317
1.29263e-10   0.000354857
1.29498e-10   0.000357409
1.29732e-10   0.000359973
1.29966e-10   0.000362548
1.302e-10   0.000365134  
1.30434e-10   0.000367733
1.30668e-10   0.000370343
1.30901e-10   0.000372965
1.31134e-10   0.000375598
1.31367e-10   0.000378244
1.316e-10   0.000380901  
1.31833e-10   0.00038357 
1.32065e-10   0.000386251
1.32298e-10   0.000388944
1.3253e-10   0.000391649 
1.32762e-10   0.000394366
1.32994e-10   0.000397095
1.33225e-10   0.000399836
1.33457e-10   0.000402589
1.33688e-10   0.000405355
1.33919e-10   0.000408132
1.3415e-10   0.000410922 
1.34381e-10   0.000413724
1.34612e-10   0.000416539
1.34842e-10   0.000419365
1.35073e-10   0.000422205
1.35303e-10   0.000425056
1.35533e-10   0.00042792 
1.35763e-10   0.000430797
1.35993e-10   0.000433686
1.36223e-10   0.000436588
1.36452e-10   0.000439502
1.36681e-10   0.000442429
1.36911e-10   0.000445369
1.3714e-10   0.000448322 
1.37369e-10   0.000451287
1.37598e-10   0.000454265
1.37826e-10   0.000457256
1.38055e-10   0.00046026 
1.38283e-10   0.000463277
1.38512e-10   0.000466307
1.3874e-10   0.00046935  
1.38968e-10   0.000472406
1.39196e-10   0.000475475
1.39423e-10   0.000478557
1.39651e-10   0.000481652
1.39879e-10   0.000484761
1.40106e-10   0.000487883
1.40333e-10   0.000491018
1.40561e-10   0.000494167
1.40788e-10   0.000497329
1.41015e-10   0.000500504
1.41242e-10   0.000503693
1.41468e-10   0.000506896
1.41695e-10   0.000510112
1.41921e-10   0.000513341
1.42148e-10   0.000516585
1.42374e-10   0.000519842
1.426e-10   0.000523113  
1.42826e-10   0.000526397
1.43052e-10   0.000529696
1.43278e-10   0.000533008
1.43504e-10   0.000536334
1.4373e-10   0.000539675 
1.43955e-10   0.000543029
1.44181e-10   0.000546397
1.44406e-10   0.00054978 
1.44632e-10   0.000553176
1.44857e-10   0.000556587
1.45082e-10   0.000560012
1.45307e-10   0.000563452
1.45532e-10   0.000566905
1.45757e-10   0.000570373
1.45982e-10   0.000573856
1.46206e-10   0.000577353
1.46431e-10   0.000580865
1.46655e-10   0.000584391
1.4688e-10   0.000587931 
1.47104e-10   0.000591487
1.47329e-10   0.000595057
1.47553e-10   0.000598642
1.47777e-10   0.000602242
1.48001e-10   0.000605856
1.48225e-10   0.000609486
1.48449e-10   0.00061313 
1.48673e-10   0.00061679 
1.48896e-10   0.000620464
1.4912e-10   0.000624154 
1.49344e-10   0.000627859
1.49567e-10   0.000631579
1.49791e-10   0.000635314
1.50014e-10   0.000639065
1.50237e-10   0.000642831
1.50461e-10   0.000646612
1.50684e-10   0.000650409
1.50907e-10   0.000654222
1.5113e-10   0.00065805  
1.51353e-10   0.000661893
1.51576e-10   0.000665753
1.51799e-10   0.000669628
1.52022e-10   0.000673518
1.52245e-10   0.000677425
1.52468e-10   0.000681347
1.5269e-10   0.000685286 
1.52913e-10   0.00068924 
1.53136e-10   0.000693211
1.53358e-10   0.000697197
1.53581e-10   0.0007012  
1.53803e-10   0.000705219
1.54025e-10   0.000709254
1.54248e-10   0.000713306
1.5447e-10   0.000717374 
1.54692e-10   0.000721458
1.54915e-10   0.000725559
1.55137e-10   0.000729676
1.55359e-10   0.00073381 
1.55581e-10   0.00073796 
1.55803e-10   0.000742128
1.56025e-10   0.000746312
1.56247e-10   0.000750513
1.56469e-10   0.00075473 
1.56691e-10   0.000758965
1.56913e-10   0.000763217
1.57134e-10   0.000767485
1.57356e-10   0.000771771
1.57578e-10   0.000776074
1.578e-10   0.000780394  
1.58021e-10   0.000784732
1.58243e-10   0.000789086
1.58465e-10   0.000793459
1.58686e-10   0.000797848
1.58908e-10   0.000802255
1.59129e-10   0.00080668 
1.59351e-10   0.000811122
1.59573e-10   0.000815582
1.59794e-10   0.00082006 
1.60015e-10   0.000824556
1.60237e-10   0.000829069
1.60458e-10   0.000833601
1.6068e-10   0.00083815  
1.60901e-10   0.000842718
1.61122e-10   0.000847303
1.61344e-10   0.000851907
1.61565e-10   0.000856529
1.61786e-10   0.00086117 
1.62008e-10   0.000865828
1.62229e-10   0.000870505
1.6245e-10   0.000875201 
1.62671e-10   0.000879915
1.62893e-10   0.000884648
1.63114e-10   0.0008894  
1.63335e-10   0.00089417 
1.63556e-10   0.000898959
1.63778e-10   0.000903767
1.63999e-10   0.000908594
1.6422e-10   0.00091344  
1.64441e-10   0.000918305
1.64662e-10   0.000923189
1.64883e-10   0.000928093
1.65105e-10   0.000933015
1.65326e-10   0.000937957
1.65547e-10   0.000942919
1.65768e-10   0.0009479  
1.65989e-10   0.0009529  
1.6621e-10   0.00095792  
1.66432e-10   0.00096296 
1.66653e-10   0.000968019
1.66874e-10   0.000973099
1.67095e-10   0.000978198
1.67316e-10   0.000983317
1.67537e-10   0.000988456
1.67759e-10   0.000993615
1.6798e-10   0.000998795
1.68201e-10   0.00100399
1.68422e-10   0.00100921
1.68643e-10   0.00101445
1.68865e-10   0.00101972
1.69086e-10   0.001025  
1.69307e-10   0.0010303 
1.69528e-10   0.00103562
1.6975e-10   0.00104096 
1.69971e-10   0.00104633
1.70192e-10   0.00105171
1.70414e-10   0.00105712
1.70635e-10   0.00106255
1.70856e-10   0.001068  
1.71078e-10   0.00107346
1.71299e-10   0.00107895
1.7152e-10   0.00108447 
1.71742e-10   0.00109   
1.71963e-10   0.00109555
1.72185e-10   0.00110113
1.72406e-10   0.00110673
1.72628e-10   0.00111235
1.72849e-10   0.00111799
1.73071e-10   0.00112365
1.73292e-10   0.00112934
1.73514e-10   0.00113505
1.73735e-10   0.00114077
1.73957e-10   0.00114653
1.74179e-10   0.0011523 
1.744e-10   0.0011581   
1.74622e-10   0.00116391
1.74844e-10   0.00116975
1.75066e-10   0.00117562
1.75287e-10   0.0011815 
1.75509e-10   0.00118741
1.75731e-10   0.00119334
1.75953e-10   0.0011993 
1.76175e-10   0.00120528
1.76397e-10   0.00121128
1.76619e-10   0.0012173 
1.76841e-10   0.00122335
1.77063e-10   0.00122942
1.77285e-10   0.00123551
1.77507e-10   0.00124163
1.77729e-10   0.00124777
1.77952e-10   0.00125393
1.78174e-10   0.00126012
1.78396e-10   0.00126633
1.78619e-10   0.00127256
1.78841e-10   0.00127882
1.79063e-10   0.00128511
1.79286e-10   0.00129141
1.79508e-10   0.00129775
1.79731e-10   0.0013041 
1.79953e-10   0.00131048
1.80176e-10   0.00131689
1.80399e-10   0.00132332
1.80621e-10   0.00132977
1.80844e-10   0.00133625
1.81067e-10   0.00134275
1.8129e-10   0.00134928 
1.81513e-10   0.00135583
1.81736e-10   0.00136241
1.81959e-10   0.00136901
1.82182e-10   0.00137564
1.82405e-10   0.0013823 
1.82628e-10   0.00138898
1.82851e-10   0.00139568
1.83074e-10   0.00140241
1.83298e-10   0.00140917
1.83521e-10   0.00141595
1.83745e-10   0.00142276
1.83968e-10   0.00142959
1.84192e-10   0.00143645
1.84415e-10   0.00144334
1.84639e-10   0.00145025
1.84862e-10   0.00145719
1.85086e-10   0.00146416
1.8531e-10   0.00147115 
1.85534e-10   0.00147817
1.85758e-10   0.00148521
1.85982e-10   0.00149229
1.86206e-10   0.00149938
1.8643e-10   0.00150651 
1.86654e-10   0.00151366
1.86878e-10   0.00152084
1.87103e-10   0.00152805
1.87327e-10   0.00153529
1.87551e-10   0.00154255
1.87776e-10   0.00154984
1.88001e-10   0.00155716
1.88225e-10   0.0015645 
1.8845e-10   0.00157188 
1.88675e-10   0.00157928
1.88899e-10   0.00158671
1.89124e-10   0.00159417
1.89349e-10   0.00160165
1.89574e-10   0.00160917
1.89799e-10   0.00161671
1.90025e-10   0.00162428
1.9025e-10   0.00163189 
1.90475e-10   0.00163951
1.907e-10   0.00164717  
1.90926e-10   0.00165486
1.91151e-10   0.00166258
1.91377e-10   0.00167032
1.91603e-10   0.0016781 
1.91828e-10   0.0016859 
1.92054e-10   0.00169374
1.9228e-10   0.0017016  
1.92506e-10   0.00170949
1.92732e-10   0.00171742
1.92958e-10   0.00172537
1.93185e-10   0.00173336
1.93411e-10   0.00174137
1.93637e-10   0.00174941
1.93864e-10   0.00175749
1.9409e-10   0.00176559 
1.94317e-10   0.00177373
1.94543e-10   0.0017819 
1.9477e-10   0.00179009 
1.94997e-10   0.00179832
1.95224e-10   0.00180658
1.95451e-10   0.00181487
1.95678e-10   0.00182319
1.95905e-10   0.00183155
1.96133e-10   0.00183993
1.9636e-10   0.00184835 
1.96587e-10   0.0018568 
1.96815e-10   0.00186528
1.97042e-10   0.00187379
1.9727e-10   0.00188233 
1.97498e-10   0.00189091
1.97726e-10   0.00189952
1.97954e-10   0.00190816
1.98182e-10   0.00191683
1.9841e-10   0.00192554 
1.98638e-10   0.00193428
1.98867e-10   0.00194305
1.99095e-10   0.00195186
1.99323e-10   0.0019607 
1.99552e-10   0.00196957
1.99781e-10   0.00197847
2.0001e-10   0.00198741 
2.00238e-10   0.00199639
2.00467e-10   0.00200539
2.00696e-10   0.00201443
2.00926e-10   0.00202351
2.01155e-10   0.00203262
2.01384e-10   0.00204176
2.01614e-10   0.00205094
2.01843e-10   0.00206015
2.02073e-10   0.00206939
2.02303e-10   0.00207867
2.02533e-10   0.00208799
2.02762e-10   0.00209734
2.02993e-10   0.00210673
2.03223e-10   0.00211615
2.03453e-10   0.00212561
2.03683e-10   0.0021351 
2.03914e-10   0.00214463
2.04144e-10   0.00215419
2.04375e-10   0.00216379
2.04606e-10   0.00217343
2.04837e-10   0.0021831 
2.05068e-10   0.00219281
2.05299e-10   0.00220255
2.0553e-10   0.00221233 
2.05761e-10   0.00222215
2.05992e-10   0.00223201
2.06224e-10   0.0022419 
2.06456e-10   0.00225183
2.06687e-10   0.00226179
2.06919e-10   0.0022718 
2.07151e-10   0.00228184
2.07383e-10   0.00229192
2.07615e-10   0.00230204
2.07847e-10   0.00231219
2.0808e-10   0.00232238 
2.08312e-10   0.00233261
2.08545e-10   0.00234288
2.08778e-10   0.00235319
2.0901e-10   0.00236354 
2.09243e-10   0.00237392
2.09476e-10   0.00238435
2.0971e-10   0.00239481 
2.09943e-10   0.00240531
2.10176e-10   0.00241586
2.1041e-10   0.00242644 
2.10643e-10   0.00243706
2.10877e-10   0.00244772
2.11111e-10   0.00245842
2.11345e-10   0.00246916
2.11579e-10   0.00247994
2.11813e-10   0.00249076
2.12048e-10   0.00250163
2.12282e-10   0.00251253
2.12517e-10   0.00252347
2.12751e-10   0.00253446
2.12986e-10   0.00254548
2.13221e-10   0.00255655
2.13456e-10   0.00256766
2.13691e-10   0.00257881
2.13926e-10   0.00259   
2.14162e-10   0.00260123
2.14397e-10   0.00261251
2.14633e-10   0.00262383
2.14869e-10   0.00263519
2.15105e-10   0.00264659
2.15341e-10   0.00265803
2.15577e-10   0.00266952
2.15813e-10   0.00268105
2.1605e-10   0.00269263 
2.16286e-10   0.00270424
2.16523e-10   0.0027159 
2.1676e-10   0.00272761 
2.16997e-10   0.00273936
2.17234e-10   0.00275115
2.17471e-10   0.00276298
2.17708e-10   0.00277487
2.17946e-10   0.00278679
2.18183e-10   0.00279876
2.18421e-10   0.00281077
2.18659e-10   0.00282283
2.18897e-10   0.00283494
2.19135e-10   0.00284709
2.19373e-10   0.00285928
2.19611e-10   0.00287152
2.1985e-10   0.00288381 
2.20088e-10   0.00289614
2.20327e-10   0.00290852
2.20566e-10   0.00292094
2.20805e-10   0.00293341
2.21044e-10   0.00294593
2.21284e-10   0.00295849
2.21523e-10   0.0029711 
2.21763e-10   0.00298376
2.22002e-10   0.00299646
2.22242e-10   0.00300922
2.22482e-10   0.00302202
2.22722e-10   0.00303486
2.22963e-10   0.00304776
2.23203e-10   0.0030607 
2.23444e-10   0.00307369
2.23684e-10   0.00308674
2.23925e-10   0.00309982
2.24166e-10   0.00311296
2.24407e-10   0.00312615
2.24648e-10   0.00313939
2.2489e-10   0.00315267 
2.25131e-10   0.00316601
2.25373e-10   0.00317939
2.25615e-10   0.00319283
2.25857e-10   0.00320631
2.26099e-10   0.00321985
2.26341e-10   0.00323343
2.26584e-10   0.00324707
2.26826e-10   0.00326076
2.27069e-10   0.0032745 
2.27312e-10   0.00328829
2.27555e-10   0.00330213
2.27798e-10   0.00331602
2.28041e-10   0.00332996
2.28285e-10   0.00334396
2.28528e-10   0.00335801
2.28772e-10   0.00337211
2.29016e-10   0.00338626
2.2926e-10   0.00340047 
2.29504e-10   0.00341473
2.29749e-10   0.00342904
2.29993e-10   0.00344341
2.30238e-10   0.00345783
2.30483e-10   0.0034723 
2.30728e-10   0.00348683
2.30973e-10   0.00350141
2.31218e-10   0.00351604
2.31463e-10   0.00353073
2.31709e-10   0.00354548
2.31955e-10   0.00356028
2.32201e-10   0.00357513
2.32447e-10   0.00359004
2.32693e-10   0.00360501
2.32939e-10   0.00362003
2.33186e-10   0.00363511
2.33432e-10   0.00365024
2.33679e-10   0.00366543
2.33926e-10   0.00368068
2.34173e-10   0.00369598
2.34421e-10   0.00371134
2.34668e-10   0.00372676
2.34916e-10   0.00374223
2.35164e-10   0.00375777
2.35411e-10   0.00377336
2.3566e-10   0.00378901 
2.35908e-10   0.00380471
2.36156e-10   0.00382048
2.36405e-10   0.0038363 
2.36654e-10   0.00385219
2.36903e-10   0.00386813
2.37152e-10   0.00388413
2.37401e-10   0.00390019
2.3765e-10   0.00391631 
2.379e-10   0.00393249  
2.3815e-10   0.00394874 
2.384e-10   0.00396504  
2.3865e-10   0.0039814  
2.389e-10   0.00399782  
2.3915e-10   0.00401431 
2.39401e-10   0.00403085
2.39652e-10   0.00404746
2.39903e-10   0.00406413
2.40154e-10   0.00408086
2.40405e-10   0.00409766
2.40656e-10   0.00411451
2.40908e-10   0.00413143
2.4116e-10   0.00414841 
2.41412e-10   0.00416546
2.41664e-10   0.00418257
2.41916e-10   0.00419974
2.42169e-10   0.00421698
2.42421e-10   0.00423428
2.42674e-10   0.00425164
2.42927e-10   0.00426907
2.4318e-10   0.00428656 
2.43434e-10   0.00430412
2.43687e-10   0.00432175
2.43941e-10   0.00433944
2.44195e-10   0.0043572 
2.44449e-10   0.00437502
2.44703e-10   0.00439291
2.44957e-10   0.00441086
2.45212e-10   0.00442888
2.45467e-10   0.00444697
2.45722e-10   0.00446513
2.45977e-10   0.00448335
2.46232e-10   0.00450165
2.46487e-10   0.00452001
2.46743e-10   0.00453843
2.46999e-10   0.00455693
2.47255e-10   0.0045755 
2.47511e-10   0.00459413
2.47767e-10   0.00461284
2.48024e-10   0.00463161
2.48281e-10   0.00465045
2.48538e-10   0.00466937
2.48795e-10   0.00468835
2.49052e-10   0.00470741
2.49309e-10   0.00472653
2.49567e-10   0.00474573
2.49825e-10   0.004765  
2.50083e-10   0.00478434
2.50341e-10   0.00480375
2.506e-10   0.00482324  
2.50858e-10   0.00484279
2.51117e-10   0.00486242
2.51376e-10   0.00488212
2.51635e-10   0.0049019 
2.51894e-10   0.00492175
2.52154e-10   0.00494167
2.52414e-10   0.00496167
2.52673e-10   0.00498174
2.52933e-10   0.00500189
2.53194e-10   0.00502211
2.53454e-10   0.00504241
2.53715e-10   0.00506278
2.53976e-10   0.00508323
2.54237e-10   0.00510375
2.54498e-10   0.00512436
2.54759e-10   0.00514503
2.55021e-10   0.00516579
2.55283e-10   0.00518662
2.55545e-10   0.00520753
2.55807e-10   0.00522852
2.56069e-10   0.00524958
2.56332e-10   0.00527072
2.56595e-10   0.00529195
2.56858e-10   0.00531325
2.57121e-10   0.00533463
2.57384e-10   0.00535609
2.57648e-10   0.00537763
2.57912e-10   0.00539925
2.58176e-10   0.00542095
2.5844e-10   0.00544273 
2.58704e-10   0.00546459
2.58969e-10   0.00548654
2.59234e-10   0.00550856
2.59499e-10   0.00553067
2.59764e-10   0.00555286
2.60029e-10   0.00557513
2.60295e-10   0.00559749
2.6056e-10   0.00561992 
2.60826e-10   0.00564245
2.61093e-10   0.00566505
2.61359e-10   0.00568774
2.61626e-10   0.00571052
2.61892e-10   0.00573338
2.62159e-10   0.00575632
2.62427e-10   0.00577935
2.62694e-10   0.00580246
2.62962e-10   0.00582567
2.63229e-10   0.00584895
2.63497e-10   0.00587233
2.63766e-10   0.00589579
2.64034e-10   0.00591934
2.64303e-10   0.00594297
2.64572e-10   0.0059667 
2.64841e-10   0.00599051
2.6511e-10   0.00601441 
2.65379e-10   0.0060384 
2.65649e-10   0.00606248
2.65919e-10   0.00608665
2.66189e-10   0.00611091
2.66459e-10   0.00613526
2.6673e-10   0.0061597  
2.67001e-10   0.00618423
2.67272e-10   0.00620886
2.67543e-10   0.00623357
2.67814e-10   0.00625838
2.68086e-10   0.00628327
2.68358e-10   0.00630827
2.6863e-10   0.00633335 
2.68902e-10   0.00635853
2.69174e-10   0.0063838 
2.69447e-10   0.00640917
2.6972e-10   0.00643463 
2.69993e-10   0.00646018
2.70266e-10   0.00648583
2.7054e-10   0.00651158 
2.70814e-10   0.00653742
2.71088e-10   0.00656336
2.71362e-10   0.00658939
2.71636e-10   0.00661552
2.71911e-10   0.00664175
2.72186e-10   0.00666808
2.72461e-10   0.0066945 
2.72736e-10   0.00672103
2.73012e-10   0.00674765
2.73287e-10   0.00677437
2.73563e-10   0.00680119
2.7384e-10   0.00682811 
2.74116e-10   0.00685513
2.74393e-10   0.00688225
2.74669e-10   0.00690947
2.74947e-10   0.0069368 
2.75224e-10   0.00696422
2.75501e-10   0.00699175
2.75779e-10   0.00701938
2.76057e-10   0.00704711
2.76335e-10   0.00707495
2.76614e-10   0.00710289
2.76892e-10   0.00713093
2.77171e-10   0.00715908
2.7745e-10   0.00718734 
2.7773e-10   0.0072157  
2.78009e-10   0.00724416
2.78289e-10   0.00727273
2.78569e-10   0.00730141
2.78849e-10   0.00733019
2.7913e-10   0.00735908 
2.79411e-10   0.00738808
2.79692e-10   0.00741719
2.79973e-10   0.00744641
2.80254e-10   0.00747573
2.80536e-10   0.00750517
2.80818e-10   0.00753471
2.811e-10   0.00756436  
2.81382e-10   0.00759413
2.81665e-10   0.007624  
2.81948e-10   0.00765399
2.82231e-10   0.00768409
2.82514e-10   0.0077143 
2.82798e-10   0.00774462
2.83081e-10   0.00777506
2.83365e-10   0.00780561
2.8365e-10   0.00783627 
2.83934e-10   0.00786705
2.84219e-10   0.00789794
2.84504e-10   0.00792895
2.84789e-10   0.00796008
2.85074e-10   0.00799132
2.8536e-10   0.00802267 
2.85646e-10   0.00805415
2.85932e-10   0.00808574
2.86219e-10   0.00811745
2.86505e-10   0.00814927
2.86792e-10   0.00818122
2.87079e-10   0.00821328
2.87367e-10   0.00824547
2.87654e-10   0.00827777
2.87942e-10   0.0083102 
2.8823e-10   0.00834274 
2.88519e-10   0.00837541
2.88807e-10   0.0084082 
2.89096e-10   0.00844111
2.89385e-10   0.00847415
2.89675e-10   0.0085073 
2.89964e-10   0.00854059
2.90254e-10   0.00857399
2.90544e-10   0.00860752
2.90834e-10   0.00864118
2.91125e-10   0.00867496
2.91416e-10   0.00870887
2.91707e-10   0.0087429 
2.91998e-10   0.00877706
2.9229e-10   0.00881135 
2.92582e-10   0.00884577
2.92874e-10   0.00888031
2.93166e-10   0.00891499
2.93459e-10   0.00894979
2.93751e-10   0.00898472
2.94045e-10   0.00901979
2.94338e-10   0.00905498
2.94632e-10   0.00909031
2.94925e-10   0.00912577
2.9522e-10   0.00916136 
2.95514e-10   0.00919708
2.95809e-10   0.00923294
2.96103e-10   0.00926893
2.96399e-10   0.00930506
2.96694e-10   0.00934132
2.9699e-10   0.00937771 
2.97286e-10   0.00941424
2.97582e-10   0.00945091
2.97878e-10   0.00948772
2.98175e-10   0.00952466
2.98472e-10   0.00956174
2.98769e-10   0.00959896
2.99067e-10   0.00963632
2.99364e-10   0.00967382
2.99662e-10   0.00971146
2.99961e-10   0.00974924
3.00259e-10   0.00978716
3.00558e-10   0.00982522
3.00857e-10   0.00986342
3.01156e-10   0.00990177
3.01456e-10   0.00994026
3.01756e-10   0.0099789
3.02056e-10   0.0100177
3.02356e-10   0.0100566
3.02657e-10   0.0100957
3.02958e-10   0.0101349
3.03259e-10   0.0101742
3.03561e-10   0.0102138
3.03862e-10   0.0102534
3.04164e-10   0.0102932
3.04467e-10   0.0103332
3.04769e-10   0.0103733
3.05072e-10   0.0104135
3.05375e-10   0.0104539
3.05678e-10   0.0104945
3.05982e-10   0.0105352
3.06286e-10   0.0105761
3.0659e-10   0.0106171 
3.06895e-10   0.0106582
3.07199e-10   0.0106996
3.07504e-10   0.010741 
3.0781e-10   0.0107827 
3.08115e-10   0.0108245
3.08421e-10   0.0108664
3.08727e-10   0.0109085
3.09033e-10   0.0109508
3.0934e-10   0.0109932 
3.09647e-10   0.0110357
3.09954e-10   0.0110785
3.10262e-10   0.0111214
3.1057e-10   0.0111644 
3.10878e-10   0.0112076
3.11186e-10   0.011251 
3.11495e-10   0.0112946
3.11803e-10   0.0113383
3.12113e-10   0.0113821
3.12422e-10   0.0114262
3.12732e-10   0.0114704
3.13042e-10   0.0115147
3.13352e-10   0.0115592
3.13663e-10   0.0116039
3.13974e-10   0.0116488
3.14285e-10   0.0116938
3.14596e-10   0.011739 
3.14908e-10   0.0117844
3.1522e-10   0.0118299 
3.15532e-10   0.0118757
3.15845e-10   0.0119215
3.16158e-10   0.0119676
3.16471e-10   0.0120138
3.16785e-10   0.0120602
3.17098e-10   0.0121068
3.17412e-10   0.0121535
3.17727e-10   0.0122005
3.18041e-10   0.0122476
3.18356e-10   0.0122948
3.18672e-10   0.0123423
3.18987e-10   0.0123899
3.19303e-10   0.0124377
3.19619e-10   0.0124857
3.19935e-10   0.0125339
3.20252e-10   0.0125822
3.20569e-10   0.0126308
3.20886e-10   0.0126795
3.21204e-10   0.0127284
3.21522e-10   0.0127775
3.2184e-10   0.0128267 
3.22159e-10   0.0128762
3.22477e-10   0.0129258
3.22797e-10   0.0129756
3.23116e-10   0.0130256
3.23436e-10   0.0130758
3.23756e-10   0.0131262
3.24076e-10   0.0131768
3.24396e-10   0.0132276
3.24717e-10   0.0132785
3.25039e-10   0.0133297
3.2536e-10   0.013381  
3.25682e-10   0.0134325
3.26004e-10   0.0134843
3.26326e-10   0.0135362
3.26649e-10   0.0135883
3.26972e-10   0.0136406
3.27296e-10   0.0136931
3.27619e-10   0.0137458
3.27943e-10   0.0137987
3.28267e-10   0.0138518
3.28592e-10   0.0139051
3.28917e-10   0.0139586
3.29242e-10   0.0140123
3.29568e-10   0.0140662
3.29893e-10   0.0141203
3.3022e-10   0.0141746 
3.30546e-10   0.0142292
3.30873e-10   0.0142839
3.312e-10   0.0143388  
3.31527e-10   0.0143939
3.31855e-10   0.0144493
3.32183e-10   0.0145048
3.32511e-10   0.0145606
3.3284e-10   0.0146166 
3.33169e-10   0.0146727
3.33498e-10   0.0147291
3.33828e-10   0.0147857
3.34158e-10   0.0148425
3.34488e-10   0.0148996
3.34818e-10   0.0149568
3.35149e-10   0.0150143
3.35481e-10   0.015072 
3.35812e-10   0.0151298
3.36144e-10   0.015188 
3.36476e-10   0.0152463
3.36809e-10   0.0153048
3.37141e-10   0.0153636
3.37475e-10   0.0154226
3.37808e-10   0.0154818
3.38142e-10   0.0155413
3.38476e-10   0.0156009
3.3881e-10   0.0156608 
3.39145e-10   0.0157209
3.3948e-10   0.0157813 
3.39816e-10   0.0158418
3.40151e-10   0.0159026
3.40488e-10   0.0159637
3.40824e-10   0.0160249
3.41161e-10   0.0160864
3.41498e-10   0.0161481
3.41835e-10   0.0162101
3.42173e-10   0.0162723
3.42511e-10   0.0163347
3.4285e-10   0.0163973 
3.43188e-10   0.0164602
3.43527e-10   0.0165234
3.43867e-10   0.0165867
3.44207e-10   0.0166503
3.44547e-10   0.0167142
3.44887e-10   0.0167783
3.45228e-10   0.0168426
3.45569e-10   0.0169072
3.45911e-10   0.016972 
3.46252e-10   0.0170371
3.46594e-10   0.0171024
3.46937e-10   0.0171679
3.4728e-10   0.0172337 
3.47623e-10   0.0172998
3.47966e-10   0.0173661
3.4831e-10   0.0174326 
3.48655e-10   0.0174994
3.48999e-10   0.0175665
3.49344e-10   0.0176338
3.49689e-10   0.0177014
3.50035e-10   0.0177692
3.50381e-10   0.0178373
3.50727e-10   0.0179056
3.51074e-10   0.0179742
3.51421e-10   0.018043 
3.51768e-10   0.0181122
3.52116e-10   0.0181815
3.52464e-10   0.0182512
3.52812e-10   0.0183211
3.53161e-10   0.0183912
3.5351e-10   0.0184617 
3.53859e-10   0.0185324
3.54209e-10   0.0186033
3.54559e-10   0.0186746
3.5491e-10   0.0187461 
3.55261e-10   0.0188179
3.55612e-10   0.0188899
3.55964e-10   0.0189622
3.56316e-10   0.0190348
3.56668e-10   0.0191077
3.57021e-10   0.0191808
3.57374e-10   0.0192543
3.57727e-10   0.019328 
3.58081e-10   0.019402 
3.58435e-10   0.0194762
3.58789e-10   0.0195508
3.59144e-10   0.0196256
3.59499e-10   0.0197007
3.59855e-10   0.0197761
3.60211e-10   0.0198518
3.60567e-10   0.0199278
3.60924e-10   0.020004 
3.61281e-10   0.0200806
3.61639e-10   0.0201574
3.61996e-10   0.0202345
3.62354e-10   0.020312 
3.62713e-10   0.0203897
3.63072e-10   0.0204677
3.63431e-10   0.020546 
3.63791e-10   0.0206246
3.64151e-10   0.0207035
3.64511e-10   0.0207827
3.64872e-10   0.0208622
3.65233e-10   0.020942 
3.65595e-10   0.0210221
3.65957e-10   0.0211026
3.66319e-10   0.0211833
3.66682e-10   0.0212643
3.67045e-10   0.0213457
3.67408e-10   0.0214273
3.67772e-10   0.0215093
3.68136e-10   0.0215915
3.68501e-10   0.0216741
3.68866e-10   0.021757 
3.69231e-10   0.0218402
3.69597e-10   0.0219238
3.69963e-10   0.0220076
3.7033e-10   0.0220918 
3.70696e-10   0.0221763
3.71064e-10   0.0222611
3.71431e-10   0.0223462
3.718e-10   0.0224317  
3.72168e-10   0.0225175
3.72537e-10   0.0226036
3.72906e-10   0.02269  
3.73276e-10   0.0227768
3.73646e-10   0.0228639
3.74016e-10   0.0229513
3.74387e-10   0.0230391
3.74758e-10   0.0231272
3.7513e-10   0.0232156 
3.75502e-10   0.0233044
3.75874e-10   0.0233935
3.76247e-10   0.023483 
3.7662e-10   0.0235728 
3.76994e-10   0.0236629
3.77368e-10   0.0237534
3.77742e-10   0.0238442
3.78117e-10   0.0239354
3.78492e-10   0.0240269
3.78868e-10   0.0241188
3.79244e-10   0.024211 
3.79621e-10   0.0243036
3.79997e-10   0.0243966
3.80375e-10   0.0244898
3.80752e-10   0.0245835
3.8113e-10   0.0246775 
3.81509e-10   0.0247719
3.81888e-10   0.0248666
3.82267e-10   0.0249617
3.82647e-10   0.0250571
3.83027e-10   0.0251529
3.83408e-10   0.0252491
3.83789e-10   0.0253457
3.8417e-10   0.0254426 
3.84552e-10   0.0255399
3.84934e-10   0.0256376
3.85317e-10   0.0257356
3.857e-10   0.025834   
3.86083e-10   0.0259328
3.86467e-10   0.026032 
3.86852e-10   0.0261315
3.87236e-10   0.0262315
3.87621e-10   0.0263318
3.88007e-10   0.0264325
3.88393e-10   0.0265336
3.8878e-10   0.0266351 
3.89167e-10   0.0267369
3.89554e-10   0.0268392
3.89942e-10   0.0269419
3.9033e-10   0.0270449 
3.90718e-10   0.0271483
3.91107e-10   0.0272522
3.91497e-10   0.0273564
3.91887e-10   0.0274611
3.92277e-10   0.0275661
3.92668e-10   0.0276715
3.93059e-10   0.0277774
3.93451e-10   0.0278837
3.93843e-10   0.0279903
3.94236e-10   0.0280974
3.94629e-10   0.0282049
3.95022e-10   0.0283128
3.95416e-10   0.0284211
3.9581e-10   0.0285299 
3.96205e-10   0.028639 
3.966e-10   0.0287486  
3.96996e-10   0.0288586
3.97392e-10   0.028969 
3.97788e-10   0.0290799
3.98185e-10   0.0291911
3.98583e-10   0.0293028
3.98981e-10   0.029415 
3.99379e-10   0.0295275
3.99778e-10   0.0296405
4.00177e-10   0.029754 
4.00577e-10   0.0298678
4.00977e-10   0.0299822
4.01378e-10   0.0300969
4.01779e-10   0.0302121
4.0218e-10   0.0303278 
4.02582e-10   0.0304439
4.02985e-10   0.0305604
4.03388e-10   0.0306774
4.03791e-10   0.0307948
4.04195e-10   0.0309127
4.04599e-10   0.0310311
4.05004e-10   0.0311499
4.05409e-10   0.0312692
4.05815e-10   0.0313889
4.06221e-10   0.0315091
4.06628e-10   0.0316298
4.07035e-10   0.0317509
4.07443e-10   0.0318725
4.07851e-10   0.0319946
4.0826e-10   0.0321171 
4.08669e-10   0.0322401
4.09078e-10   0.0323636
4.09488e-10   0.0324876
4.09899e-10   0.032612 
4.1031e-10   0.032737  
4.10721e-10   0.0328624
4.11133e-10   0.0329883
4.11545e-10   0.0331147
4.11958e-10   0.0332416
4.12372e-10   0.033369 
4.12785e-10   0.0334969
4.132e-10   0.0336252  
4.13615e-10   0.0337541
4.1403e-10   0.0338835 
4.14446e-10   0.0340133
4.14862e-10   0.0341437
4.15279e-10   0.0342746
4.15696e-10   0.034406 
4.16114e-10   0.0345379
4.16532e-10   0.0346703
4.16951e-10   0.0348033
4.17371e-10   0.0349367
4.1779e-10   0.0350707 
4.18211e-10   0.0352052
4.18632e-10   0.0353402
4.19053e-10   0.0354758
4.19475e-10   0.0356119
4.19897e-10   0.0357485
4.2032e-10   0.0358856 
4.20743e-10   0.0360233
4.21167e-10   0.0361615
4.21591e-10   0.0363002
4.22016e-10   0.0364395
4.22442e-10   0.0365794
4.22868e-10   0.0367198
4.23294e-10   0.0368607
4.23721e-10   0.0370022
4.24148e-10   0.0371442
4.24576e-10   0.0372868
4.25005e-10   0.03743  
4.25434e-10   0.0375737
4.25864e-10   0.0377179
4.26294e-10   0.0378628
4.26724e-10   0.0380082
4.27155e-10   0.0381542
4.27587e-10   0.0383007
4.28019e-10   0.0384478
4.28452e-10   0.0385955
4.28885e-10   0.0387438
4.29319e-10   0.0388927
4.29754e-10   0.0390421
4.30188e-10   0.0391921
4.30624e-10   0.0393428
4.3106e-10   0.039494  
4.31496e-10   0.0396458
4.31933e-10   0.0397982
4.32371e-10   0.0399512
4.32809e-10   0.0401048
4.33248e-10   0.040259 
4.33687e-10   0.0404138
4.34127e-10   0.0405692
4.34567e-10   0.0407252
4.35008e-10   0.0408819
4.35449e-10   0.0410392
4.35891e-10   0.041197 
4.36334e-10   0.0413555
4.36777e-10   0.0415147
4.37221e-10   0.0416744
4.37665e-10   0.0418348
4.3811e-10   0.0419958 
4.38555e-10   0.0421575
4.39001e-10   0.0423198
4.39448e-10   0.0424827
4.39895e-10   0.0426463
4.40342e-10   0.0428105
4.4079e-10   0.0429754 
4.41239e-10   0.0431409
4.41689e-10   0.0433071
4.42139e-10   0.0434739
4.42589e-10   0.0436414
4.4304e-10   0.0438096 
4.43492e-10   0.0439784
4.43944e-10   0.0441479
4.44397e-10   0.0443181
4.4485e-10   0.0444889 
4.45304e-10   0.0446604
4.45759e-10   0.0448326
4.46214e-10   0.0450055
4.4667e-10   0.0451791 
4.47126e-10   0.0453533
4.47583e-10   0.0455283
4.48041e-10   0.0457039
4.48499e-10   0.0458803
4.48958e-10   0.0460573
4.49417e-10   0.0462351
4.49877e-10   0.0464135
4.50338e-10   0.0465927
4.50799e-10   0.0467726
4.51261e-10   0.0469531
4.51723e-10   0.0471345
4.52186e-10   0.0473165
4.5265e-10   0.0474993 
4.53114e-10   0.0476827
4.53579e-10   0.047867 
4.54044e-10   0.0480519
4.5451e-10   0.0482376 
4.54977e-10   0.0484241
4.55444e-10   0.0486112
4.55912e-10   0.0487992
4.56381e-10   0.0489878
4.5685e-10   0.0491773 
4.5732e-10   0.0493675 
4.57791e-10   0.0495584
4.58262e-10   0.0497501
4.58733e-10   0.0499426
4.59206e-10   0.0501359
4.59679e-10   0.0503299
4.60153e-10   0.0505247
4.60627e-10   0.0507203
4.61102e-10   0.0509167
4.61577e-10   0.0511139
4.62054e-10   0.0513118
4.62531e-10   0.0515106
4.63008e-10   0.0517101
4.63486e-10   0.0519105
4.63965e-10   0.0521116
4.64445e-10   0.0523136
4.64925e-10   0.0525164
4.65406e-10   0.05272  
4.65888e-10   0.0529244
4.6637e-10   0.0531296 
4.66853e-10   0.0533357
4.67336e-10   0.0535426
4.6782e-10   0.0537503 
4.68305e-10   0.0539589
4.68791e-10   0.0541683
4.69277e-10   0.0543786
4.69764e-10   0.0545897
4.70252e-10   0.0548017
4.7074e-10   0.0550145 
4.71229e-10   0.0552282
4.71719e-10   0.0554427
4.72209e-10   0.0556581
4.727e-10   0.0558744  
4.73192e-10   0.0560916
4.73684e-10   0.0563096
4.74177e-10   0.0565286
4.74671e-10   0.0567484
4.75166e-10   0.0569691
4.75661e-10   0.0571907
4.76157e-10   0.0574132
4.76654e-10   0.0576366
4.77151e-10   0.057861 
4.77649e-10   0.0580862
4.78148e-10   0.0583123
4.78648e-10   0.0585394
4.79148e-10   0.0587674
4.79649e-10   0.0589964
4.80151e-10   0.0592262
4.80653e-10   0.059457 
4.81156e-10   0.0596888
4.8166e-10   0.0599215 
4.82165e-10   0.0601551
4.82671e-10   0.0603897
4.83177e-10   0.0606253
4.83684e-10   0.0608618
4.84191e-10   0.0610993
4.847e-10   0.0613378  
4.85209e-10   0.0615772
4.85719e-10   0.0618176
4.86229e-10   0.062059 
4.86741e-10   0.0623014
4.87253e-10   0.0625448
4.87766e-10   0.0627892
4.8828e-10   0.0630346 
4.88794e-10   0.063281 
4.89309e-10   0.0635285
4.89825e-10   0.0637769
4.90342e-10   0.0640264
4.9086e-10   0.0642769 
4.91378e-10   0.0645284
4.91897e-10   0.064781 
4.92417e-10   0.0650346
4.92938e-10   0.0652893
4.9346e-10   0.065545  
4.93982e-10   0.0658017
4.94505e-10   0.0660596
4.95029e-10   0.0663185
4.95554e-10   0.0665785
4.96079e-10   0.0668395
4.96606e-10   0.0671016
4.97133e-10   0.0673649
4.97661e-10   0.0676292
4.9819e-10   0.0678946 
4.98719e-10   0.0681611
4.9925e-10   0.0684287 
4.99781e-10   0.0686975
5.00313e-10   0.0689673
5.00846e-10   0.0692383
5.0138e-10   0.0695104 
5.01915e-10   0.0697837
5.0245e-10   0.070058  
5.02986e-10   0.0703336
5.03524e-10   0.0706103
5.04062e-10   0.0708881
5.046e-10   0.0711671  
5.0514e-10   0.0714473 
5.05681e-10   0.0717286
5.06222e-10   0.0720111
5.06765e-10   0.0722948
5.07308e-10   0.0725797
5.07852e-10   0.0728658
5.08397e-10   0.0731531
5.08943e-10   0.0734416
5.09489e-10   0.0737314
5.10037e-10   0.0740223
5.10586e-10   0.0743145
5.11135e-10   0.0746079
5.11685e-10   0.0749025
5.12237e-10   0.0751984
5.12789e-10   0.0754955
5.13342e-10   0.0757939
5.13896e-10   0.0760935
5.1445e-10   0.0763944 
5.15006e-10   0.0766966
5.15563e-10   0.0770001
5.16121e-10   0.0773049
5.16679e-10   0.0776109
5.17239e-10   0.0779183
5.17799e-10   0.0782269
5.1836e-10   0.0785369 
5.18923e-10   0.0788482
5.19486e-10   0.0791608
5.2005e-10   0.0794747 
5.20615e-10   0.07979  
5.21182e-10   0.0801067
5.21749e-10   0.0804246
5.22317e-10   0.080744 
5.22886e-10   0.0810647
5.23456e-10   0.0813868
5.24027e-10   0.0817102
5.24599e-10   0.0820351
5.25172e-10   0.0823613
5.25746e-10   0.082689 
5.26321e-10   0.083018 
5.26897e-10   0.0833485
5.27474e-10   0.0836804
5.28052e-10   0.0840137
5.28631e-10   0.0843484
5.29211e-10   0.0846846
5.29792e-10   0.0850223
5.30374e-10   0.0853614
5.30957e-10   0.085702 
5.31541e-10   0.086044 
5.32126e-10   0.0863876
5.32713e-10   0.0867326
5.333e-10   0.0870791  
5.33888e-10   0.0874271
5.34478e-10   0.0877767
5.35068e-10   0.0881277
5.3566e-10   0.0884803 
5.36252e-10   0.0888344
5.36846e-10   0.0891901
5.37441e-10   0.0895473
5.38036e-10   0.0899061
5.38633e-10   0.0902664
5.39231e-10   0.0906283
5.39831e-10   0.0909918
5.40431e-10   0.091357 
5.41032e-10   0.0917237
5.41635e-10   0.092092 
5.42238e-10   0.0924619
5.42843e-10   0.0928335
5.43449e-10   0.0932067
5.44056e-10   0.0935815
5.44664e-10   0.093958 
5.45273e-10   0.0943362
5.45884e-10   0.094716 
5.46496e-10   0.0950975
5.47108e-10   0.0954807
5.47722e-10   0.0958656
5.48337e-10   0.0962522
5.48954e-10   0.0966405
5.49571e-10   0.0970306
5.5019e-10   0.0974224 
5.5081e-10   0.0978159 
5.51431e-10   0.0982112
5.52053e-10   0.0986082
5.52677e-10   0.0990071
5.53302e-10   0.0994077
5.53928e-10   0.0998101
5.54555e-10   0.100214
5.55183e-10   0.10062 
5.55813e-10   0.101028
5.56444e-10   0.101438
5.57076e-10   0.101849
5.5771e-10   0.102263 
5.58344e-10   0.102678
5.5898e-10   0.103095 
5.59618e-10   0.103514
5.60256e-10   0.103935
5.60896e-10   0.104358
5.61538e-10   0.104783
5.6218e-10   0.105209 
5.62824e-10   0.105638
5.63469e-10   0.106068
5.64116e-10   0.106501
5.64764e-10   0.106935
5.65413e-10   0.107372
5.66063e-10   0.10781 
5.66715e-10   0.108251
5.67369e-10   0.108693
5.68023e-10   0.109138
5.68679e-10   0.109584
5.69337e-10   0.110033
5.69996e-10   0.110484
5.70656e-10   0.110936
5.71318e-10   0.111391
5.71981e-10   0.111848
5.72645e-10   0.112307
5.73311e-10   0.112768
5.73979e-10   0.113232
5.74648e-10   0.113697
5.75318e-10   0.114165
5.7599e-10   0.114635 
5.76663e-10   0.115107
5.77338e-10   0.115581
5.78014e-10   0.116057
5.78692e-10   0.116536
5.79371e-10   0.117017
5.80052e-10   0.1175  
5.80734e-10   0.117986
5.81418e-10   0.118474
5.82104e-10   0.118964
5.82791e-10   0.119456
5.83479e-10   0.119951
5.84169e-10   0.120448
5.84861e-10   0.120947
5.85554e-10   0.121449
5.86249e-10   0.121953
5.86946e-10   0.12246 
5.87644e-10   0.122969
5.88344e-10   0.12348 
5.89045e-10   0.123994
5.89748e-10   0.12451 
5.90453e-10   0.125029
5.9116e-10   0.12555  
5.91868e-10   0.126074
5.92578e-10   0.126601
5.93289e-10   0.127129
5.94002e-10   0.127661
5.94717e-10   0.128195
5.95434e-10   0.128732
5.96153e-10   0.129271
5.96873e-10   0.129813
5.97595e-10   0.130357
5.98319e-10   0.130904
5.99044e-10   0.131454
5.99772e-10   0.132007
6.00501e-10   0.132562
6.01232e-10   0.13312 
6.01965e-10   0.133681
6.027e-10   0.134244  
6.03437e-10   0.134811
6.04175e-10   0.13538 
6.04916e-10   0.135952
6.05658e-10   0.136526
6.06402e-10   0.137104
6.07149e-10   0.137685
6.07897e-10   0.138268
6.08647e-10   0.138854
6.09399e-10   0.139444
6.10153e-10   0.140036
6.10909e-10   0.140631
6.11668e-10   0.14123 
6.12428e-10   0.141831
6.1319e-10   0.142435 
6.13954e-10   0.143043
6.14721e-10   0.143653
6.15489e-10   0.144267
6.1626e-10   0.144884 
6.17033e-10   0.145504
6.17808e-10   0.146127
6.18585e-10   0.146753
6.19364e-10   0.147383
6.20145e-10   0.148016
6.20929e-10   0.148652
6.21715e-10   0.149291
6.22503e-10   0.149934
6.23293e-10   0.15058 
6.24086e-10   0.15123 
6.24881e-10   0.151883
6.25678e-10   0.152539
6.26478e-10   0.153199
6.2728e-10   0.153862 
6.28084e-10   0.154529
6.28891e-10   0.155199
6.297e-10   0.155873  
6.30511e-10   0.15655 
6.31325e-10   0.157231
6.32142e-10   0.157916
6.32961e-10   0.158605
6.33782e-10   0.159297
6.34606e-10   0.159993
6.35433e-10   0.160692
6.36262e-10   0.161396
6.37094e-10   0.162103
6.37928e-10   0.162814
6.38765e-10   0.163529
6.39605e-10   0.164248
6.40447e-10   0.164971
6.41293e-10   0.165698
6.4214e-10   0.166429 
6.42991e-10   0.167164
6.43844e-10   0.167903
6.44701e-10   0.168646
6.4556e-10   0.169393 
6.46422e-10   0.170145
6.47287e-10   0.170901
6.48154e-10   0.171661
6.49025e-10   0.172425
6.49899e-10   0.173194
6.50775e-10   0.173967
6.51655e-10   0.174745
6.52538e-10   0.175527
6.53424e-10   0.176313
6.54313e-10   0.177104
6.55205e-10   0.1779  
6.561e-10   0.1787   0
6.56999e-10   0.179505
6.57901e-10   0.180315
6.58806e-10   0.181129
6.59715e-10   0.181948
6.60626e-10   0.182772
6.61542e-10   0.183601
6.6246e-10   0.184435 
6.63382e-10   0.185274
6.64308e-10   0.186118
6.65237e-10   0.186967
6.6617e-10   0.187821 
6.67106e-10   0.188681
6.68046e-10   0.189546
6.6899e-10   0.190415 
6.69937e-10   0.191291
6.70888e-10   0.192172
6.71843e-10   0.193058
6.72802e-10   0.193949
6.73765e-10   0.194847
6.74732e-10   0.19575 
6.75703e-10   0.196658
6.76677e-10   0.197573
6.77656e-10   0.198493
6.78639e-10   0.199419
6.79627e-10   0.200351
6.80618e-10   0.201289
6.81614e-10   0.202233
6.82614e-10   0.203184
6.83619e-10   0.20414 
6.84628e-10   0.205103
6.85641e-10   0.206072
6.8666e-10   0.207048 
6.87682e-10   0.20803 
6.8871e-10   0.209019 
6.89742e-10   0.210015
6.90779e-10   0.211017
6.91821e-10   0.212026
6.92869e-10   0.213042
6.93921e-10   0.214065
6.94978e-10   0.215096
6.9604e-10   0.216133 
6.97108e-10   0.217178
6.98181e-10   0.21823 
6.99259e-10   0.219289
7.00343e-10   0.220357
7.01432e-10   0.221432
7.02527e-10   0.222514
7.03628e-10   0.223605
7.04735e-10   0.224703
7.05847e-10   0.22581 
7.06966e-10   0.226925
7.08091e-10   0.228048
7.09222e-10   0.22918 
7.10359e-10   0.230321
7.11503e-10   0.23147 
7.12653e-10   0.232628
7.1381e-10   0.233795 
7.14973e-10   0.234971
7.16144e-10   0.236157
7.17321e-10   0.237352
7.18506e-10   0.238556
7.19697e-10   0.23977 
7.20897e-10   0.240994
7.22103e-10   0.242229
7.23318e-10   0.243473
7.2454e-10   0.244728 
7.2577e-10   0.245994 
7.27008e-10   0.24727 
7.28255e-10   0.248557
7.2951e-10   0.249856 
7.30773e-10   0.251166
7.32046e-10   0.252488
7.33327e-10   0.253821
7.34618e-10   0.255167
7.35918e-10   0.256524
7.37227e-10   0.257895
7.38547e-10   0.259278
7.39876e-10   0.260674
7.41215e-10   0.262084
7.42566e-10   0.263507
7.43926e-10   0.264945
7.45298e-10   0.266396
7.46682e-10   0.267862
7.48076e-10   0.269344
7.49483e-10   0.27084 
7.50902e-10   0.272352
7.52333e-10   0.27388 
7.53778e-10   0.275425
7.55235e-10   0.276987
7.56707e-10   0.278566
7.58192e-10   0.280162
7.59692e-10   0.281777
7.61206e-10   0.283411
7.62736e-10   0.285065
7.64282e-10   0.286738
7.65844e-10   0.288432
7.67424e-10   0.290147
7.6902e-10   0.291884 
7.70635e-10   0.293644
7.72269e-10   0.295427
7.73922e-10   0.297234
7.75596e-10   0.299067
7.77291e-10   0.300925
7.79007e-10   0.302811
7.80747e-10   0.304724
7.82511e-10   0.306667
7.84299e-10   0.308641
7.86114e-10   0.310647
7.87956e-10   0.312686
7.89827e-10   0.314759
7.91729e-10   0.31687 
7.93662e-10   0.319019
7.95629e-10   0.321209
7.97632e-10   0.323442
7.99673e-10   0.325721
8.01755e-10   0.328048
8.0388e-10   0.330427 
8.06052e-10   0.33286 
8.08273e-10   0.335353
8.10549e-10   0.33791 
8.12883e-10   0.340537
8.15281e-10   0.343238
8.1775e-10   0.346023 
8.20297e-10   0.348898
8.22931e-10   0.351875
8.25663e-10   0.354966
8.28507e-10   0.358187
8.3148e-10   0.361558 
8.34605e-10   0.365104
8.37913e-10   0.368861
8.41447e-10   0.372878
8.45271e-10   0.377229
8.49491e-10   0.382031
8.54296e-10   0.387503
8.60111e-10   0.394128
8.68424e-10   0.403596
8.76737e-10   0.413058
8.8505e-10   0.422506 
8.89754e-10   0.427845
8.93178e-10   0.431727
8.96507e-10   0.435495
8.99905e-10   0.439339
9.03203e-10   0.443063
9.0634e-10   0.446602 
9.09361e-10   0.450004
9.12303e-10   0.453312
9.15178e-10   0.456541
9.1799e-10   0.459694 
9.20743e-10   0.462777
9.23445e-10   0.465797
9.26101e-10   0.46876 
9.28715e-10   0.471672
9.3129e-10   0.474536 
9.33829e-10   0.477355
9.36336e-10   0.480134
9.38813e-10   0.482874
9.41262e-10   0.485578
9.43685e-10   0.488248
9.46083e-10   0.490886
9.48458e-10   0.493494
9.50812e-10   0.496073
9.53146e-10   0.498626
9.55461e-10   0.501152
9.57758e-10   0.503654
9.60038e-10   0.506132
9.62302e-10   0.508588
9.64551e-10   0.511023
9.66786e-10   0.513436
9.69008e-10   0.51583 
9.71216e-10   0.518205
9.73412e-10   0.520561
9.75597e-10   0.522899
9.7777e-10   0.52522  
9.79933e-10   0.527525
9.82086e-10   0.529813
9.84229e-10   0.532086
9.86363e-10   0.534344
9.88488e-10   0.536587
9.90605e-10   0.538816
9.92715e-10   0.541032
9.94816e-10   0.543233
9.9691e-10   0.545422 
9.98998e-10   0.547598
1.00108e-09   0.549761
1.00315e-09   0.551912
1.00522e-09   0.554051
1.00728e-09   0.556179
1.00934e-09   0.558296
1.01139e-09   0.560401
1.01344e-09   0.562495
1.01548e-09   0.564579
1.01752e-09   0.566653
1.01955e-09   0.568716
1.02158e-09   0.57077 
1.0236e-09   0.572813 
1.02562e-09   0.574847
1.02764e-09   0.576872
1.02966e-09   0.578887
1.03167e-09   0.580893
1.03367e-09   0.58289 
1.03568e-09   0.584878
1.03768e-09   0.586858
1.03968e-09   0.588829
1.04168e-09   0.590792
1.04367e-09   0.592747
1.04566e-09   0.594693
1.04765e-09   0.596631
1.04964e-09   0.598562
1.05163e-09   0.600484
1.05361e-09   0.602399
1.05559e-09   0.604307
1.05758e-09   0.606206
1.05956e-09   0.608099
1.06153e-09   0.609984
1.06351e-09   0.611862
1.06549e-09   0.613733
1.06746e-09   0.615596
1.06944e-09   0.617453
1.07141e-09   0.619303
1.07339e-09   0.621146
1.07536e-09   0.622982
1.07733e-09   0.624812
1.0793e-09   0.626635 
1.08128e-09   0.628451
1.08325e-09   0.630261
1.08522e-09   0.632065
1.08719e-09   0.633862
1.08916e-09   0.635653
1.09113e-09   0.637437
1.09311e-09   0.639216
1.09508e-09   0.640988
1.09705e-09   0.642754
1.09903e-09   0.644514
1.101e-09   0.646269  
1.10297e-09   0.648017
1.10495e-09   0.649759
1.10692e-09   0.651496
1.1089e-09   0.653226 
1.11088e-09   0.654951
1.11286e-09   0.65667 
1.11484e-09   0.658384
1.11682e-09   0.660092
1.1188e-09   0.661794 
1.12078e-09   0.663491
1.12277e-09   0.665182
1.12475e-09   0.666868
1.12674e-09   0.668548
1.12873e-09   0.670222
1.13072e-09   0.671892
1.13271e-09   0.673556
1.1347e-09   0.675214 
1.1367e-09   0.676868 
1.1387e-09   0.678516 
1.1407e-09   0.680158 
1.1427e-09   0.681796 
1.1447e-09   0.683428 
1.1467e-09   0.685055 
1.14871e-09   0.686677
1.15072e-09   0.688294
1.15273e-09   0.689906
1.15474e-09   0.691512
1.15676e-09   0.693114
1.15878e-09   0.69471 
1.1608e-09   0.696302 
1.16282e-09   0.697888
1.16485e-09   0.69947 
1.16688e-09   0.701046
1.16891e-09   0.702618
1.17094e-09   0.704184
1.17298e-09   0.705746
1.17502e-09   0.707303
1.17706e-09   0.708855
1.17911e-09   0.710402
1.18115e-09   0.711944
1.18321e-09   0.713482
1.18526e-09   0.715014
1.18732e-09   0.716542
1.18938e-09   0.718065
1.19144e-09   0.719583
1.19351e-09   0.721096
1.19558e-09   0.722605
1.19765e-09   0.724109
1.19973e-09   0.725608
1.20181e-09   0.727103
1.2039e-09   0.728593 
1.20599e-09   0.730078
1.20808e-09   0.731558
1.21017e-09   0.733034
1.21227e-09   0.734505
1.21438e-09   0.735971
1.21648e-09   0.737433
1.21859e-09   0.73889 
1.22071e-09   0.740343
1.22283e-09   0.741791
1.22495e-09   0.743234
1.22708e-09   0.744673
1.22921e-09   0.746107
1.23135e-09   0.747536
1.23349e-09   0.748961
1.23563e-09   0.750382
1.23778e-09   0.751798
1.23993e-09   0.753209
1.24209e-09   0.754616
1.24425e-09   0.756018
1.24642e-09   0.757415
1.24859e-09   0.758809
1.25077e-09   0.760197
1.25295e-09   0.761581
1.25514e-09   0.762961
1.25733e-09   0.764336
1.25952e-09   0.765706
1.26173e-09   0.767072
1.26393e-09   0.768434
1.26614e-09   0.769791
1.26836e-09   0.771143
1.27058e-09   0.772491
1.27281e-09   0.773835
1.27504e-09   0.775174
1.27728e-09   0.776508
1.27952e-09   0.777839
1.28177e-09   0.779164
1.28403e-09   0.780485
1.28629e-09   0.781802
1.28855e-09   0.783114
1.29083e-09   0.784422
1.2931e-09   0.785725 
1.29539e-09   0.787024
1.29768e-09   0.788319
1.29997e-09   0.789609
1.30228e-09   0.790894
1.30458e-09   0.792175
1.3069e-09   0.793452 
1.30922e-09   0.794724
1.31154e-09   0.795991
1.31388e-09   0.797255
1.31622e-09   0.798513
1.31856e-09   0.799768
1.32092e-09   0.801017
1.32327e-09   0.802263
1.32564e-09   0.803504
1.32801e-09   0.80474 
1.33039e-09   0.805972
1.33278e-09   0.8072  
1.33517e-09   0.808423
1.33757e-09   0.809642
1.33998e-09   0.810856
1.3424e-09   0.812066 
1.34482e-09   0.813271
1.34725e-09   0.814472
1.34968e-09   0.815668
1.35213e-09   0.81686 
1.35458e-09   0.818048
1.35704e-09   0.819231
1.35951e-09   0.820409
1.36198e-09   0.821584
1.36447e-09   0.822753
1.36696e-09   0.823918
1.36945e-09   0.825079
1.37196e-09   0.826235
1.37448e-09   0.827387
1.377e-09   0.828534  
1.37953e-09   0.829677
1.38207e-09   0.830815
1.38462e-09   0.831949
1.38717e-09   0.833079
1.38974e-09   0.834204
1.39231e-09   0.835324
1.3949e-09   0.83644  
1.39749e-09   0.837551
1.40009e-09   0.838658
1.4027e-09   0.83976  
1.40532e-09   0.840858
1.40795e-09   0.841952
1.41058e-09   0.84304 
1.41323e-09   0.844125
1.41588e-09   0.845204
1.41855e-09   0.84628 
1.42123e-09   0.84735 
1.42391e-09   0.848417
1.4266e-09   0.849478 
1.42931e-09   0.850535
1.43202e-09   0.851588
1.43475e-09   0.852636
1.43748e-09   0.853679
1.44023e-09   0.854718
1.44298e-09   0.855753
1.44575e-09   0.856782
1.44853e-09   0.857808
1.45131e-09   0.858828
1.45411e-09   0.859844
1.45692e-09   0.860856
1.45974e-09   0.861862
1.46257e-09   0.862865
1.46542e-09   0.863862
1.46827e-09   0.864855
1.47113e-09   0.865844
1.47401e-09   0.866827
1.4769e-09   0.867807 
1.4798e-09   0.868781 
1.48271e-09   0.869751
1.48564e-09   0.870716
1.48857e-09   0.871677
1.49152e-09   0.872633
1.49448e-09   0.873584
1.49745e-09   0.874531
1.50044e-09   0.875472
1.50344e-09   0.87641 
1.50645e-09   0.877342
1.50947e-09   0.87827 
1.51251e-09   0.879193
1.51556e-09   0.880112
1.51862e-09   0.881025
1.5217e-09   0.881934 
1.52479e-09   0.882839
1.5279e-09   0.883738 
1.53102e-09   0.884633
1.53415e-09   0.885523
1.5373e-09   0.886408 
1.54046e-09   0.887289
1.54363e-09   0.888165
1.54682e-09   0.889035
1.55003e-09   0.889902
1.55325e-09   0.890763
1.55648e-09   0.89162 
1.55973e-09   0.892471
1.563e-09   0.893318  
1.56628e-09   0.89416 
1.56958e-09   0.894998
1.57289e-09   0.89583 
1.57622e-09   0.896658
1.57956e-09   0.89748 
1.58293e-09   0.898298
1.5863e-09   0.899111 
1.5897e-09   0.899919 
1.59311e-09   0.900722
1.59654e-09   0.90152 
1.59998e-09   0.902314
1.60345e-09   0.903102
1.60693e-09   0.903885
1.61043e-09   0.904664
1.61394e-09   0.905437
1.61748e-09   0.906206
1.62103e-09   0.90697 
1.6246e-09   0.907728 
1.62819e-09   0.908482
1.6318e-09   0.90923  
1.63543e-09   0.909974
1.63908e-09   0.910712
1.64275e-09   0.911446
1.64644e-09   0.912174
1.65014e-09   0.912898
1.65387e-09   0.913616
1.65762e-09   0.914329
1.66139e-09   0.915037
1.66518e-09   0.91574 
1.66899e-09   0.916438
1.67283e-09   0.917131
1.67668e-09   0.917818
1.68056e-09   0.918501
1.68446e-09   0.919178
1.68838e-09   0.91985 
1.69232e-09   0.920517
1.69629e-09   0.921178
1.70028e-09   0.921835
1.70429e-09   0.922486
1.70833e-09   0.923132
1.71239e-09   0.923772
1.71648e-09   0.924408
1.72059e-09   0.925038
1.72473e-09   0.925662
1.72889e-09   0.926282
1.73308e-09   0.926896
1.73729e-09   0.927505
1.74153e-09   0.928108
1.7458e-09   0.928706 
1.75009e-09   0.929298
1.75441e-09   0.929885
1.75876e-09   0.930467
1.76313e-09   0.931043
1.76754e-09   0.931614
1.77197e-09   0.932179
1.77643e-09   0.932739
1.78092e-09   0.933293
1.78544e-09   0.933842
1.79e-09   0.934385   
1.79458e-09   0.934923
1.79919e-09   0.935455
1.80383e-09   0.935981
1.80851e-09   0.936502
1.81322e-09   0.937017
1.81796e-09   0.937526
1.82273e-09   0.93803 
1.82754e-09   0.938528
1.83238e-09   0.93902 
1.83726e-09   0.939507
1.84217e-09   0.939988
1.84712e-09   0.940463
1.8521e-09   0.940932 
1.85712e-09   0.941395
1.86217e-09   0.941852
1.86727e-09   0.942304
1.8724e-09   0.942749 
1.87757e-09   0.943189
1.88278e-09   0.943623
1.88803e-09   0.94405 
1.89331e-09   0.944472
1.89864e-09   0.944888
1.90402e-09   0.945297
1.90943e-09   0.945701
1.91489e-09   0.946098
1.92039e-09   0.946489
1.92593e-09   0.946874
1.93152e-09   0.947253
1.93715e-09   0.947626
1.94283e-09   0.947992
1.94856e-09   0.948352
1.95433e-09   0.948705
1.96016e-09   0.949053
1.96603e-09   0.949394
1.97195e-09   0.949728
1.97792e-09   0.950056
1.98395e-09   0.950377
1.99003e-09   0.950692
1.99616e-09   0.951001
2.00234e-09   0.951302
2.00858e-09   0.951597
2.01488e-09   0.951886
2.02123e-09   0.952167
2.02764e-09   0.952442
2.03411e-09   0.95271 
2.04064e-09   0.952971
2.04723e-09   0.953226
2.05389e-09   0.953473
2.0606e-09   0.953713 
2.06739e-09   0.953947
2.07423e-09   0.954173
2.08115e-09   0.954392
2.08813e-09   0.954604
2.09518e-09   0.954808
2.10231e-09   0.955006
2.1095e-09   0.955196 
2.11677e-09   0.955378
2.12412e-09   0.955553
2.13154e-09   0.955721
2.13904e-09   0.955881
2.14662e-09   0.956033
2.15428e-09   0.956177
2.16202e-09   0.956314
2.16985e-09   0.956443
2.17776e-09   0.956564
2.18576e-09   0.956677
2.19386e-09   0.956782
2.20204e-09   0.956879
2.21032e-09   0.956967
2.2187e-09   0.957048 
2.22718e-09   0.957119
2.23575e-09   0.957183
2.24443e-09   0.957237
2.25322e-09   0.957283
2.26211e-09   0.957321
2.27111e-09   0.957349
2.28023e-09   0.957369
2.28946e-09   0.957379
2.29882e-09   0.95738 
2.30829e-09   0.957372
2.31789e-09   0.957354
2.32762e-09   0.957327
2.33748e-09   0.957291
2.34748e-09   0.957244
2.35761e-09   0.957187
2.36789e-09   0.957121
2.37832e-09   0.957044
2.38889e-09   0.956957
2.39963e-09   0.956859
2.41052e-09   0.95675 
2.42158e-09   0.956631
2.4328e-09   0.9565   
2.44421e-09   0.956358
2.45579e-09   0.956204
2.46756e-09   0.956039
2.47953e-09   0.955862
2.49169e-09   0.955673
2.50406e-09   0.955471
2.51664e-09   0.955257
2.52944e-09   0.955029
2.54247e-09   0.954788
2.55574e-09   0.954534
2.56926e-09   0.954266
2.58303e-09   0.953983
2.59707e-09   0.953686
2.61138e-09   0.953374
2.62598e-09   0.953047
2.64089e-09   0.952703
2.65611e-09   0.952343
2.67165e-09   0.951967
2.68754e-09   0.951573
2.7038e-09   0.951161 
2.72043e-09   0.95073 
2.73746e-09   0.95028 
2.7549e-09   0.949809 
2.7728e-09   0.949318 
2.79115e-09   0.948805
2.81001e-09   0.948269
2.82939e-09   0.947709
2.84933e-09   0.947124
2.86988e-09   0.946513
2.89106e-09   0.945874
2.91294e-09   0.945204
2.93556e-09   0.944504
2.95898e-09   0.943769
2.98329e-09   0.942999
3.00856e-09   0.942189
3.03489e-09   0.941336
3.06239e-09   0.940437
3.09122e-09   0.939486
3.12154e-09   0.938478
3.15356e-09   0.937404
3.18757e-09   0.936256
3.22392e-09   0.935021
3.26312e-09   0.933681
3.30588e-09   0.932211
3.35331e-09   0.930575
3.40725e-09   0.928706
3.47134e-09   0.926481
3.55506e-09   0.923571
3.7144e-09   0.918049 
3.83037e-09   0.91406 
3.89556e-09   0.911834
3.94537e-09   0.910141
3.99574e-09   0.908439
4.04781e-09   0.906688
4.09865e-09   0.904989
4.14759e-09   0.903363
4.19538e-09   0.901783
4.24257e-09   0.900233
4.28927e-09   0.898709
4.33548e-09   0.897209
4.38128e-09   0.895732
4.42674e-09   0.894275
4.47193e-09   0.892835
4.51691e-09   0.891411
4.56172e-09   0.890002
4.60639e-09   0.888605
4.65096e-09   0.887221
4.69544e-09   0.885849
4.73988e-09   0.884486
4.7843e-09   0.883133 
4.8287e-09   0.88179  
4.87312e-09   0.880454
4.91756e-09   0.879127
4.96205e-09   0.877807
5.0066e-09   0.876494 
5.05121e-09   0.875188
5.09591e-09   0.873888
5.14071e-09   0.872594
5.1856e-09   0.871306 
5.23062e-09   0.870023
5.27575e-09   0.868745
5.32101e-09   0.867472
5.36642e-09   0.866204
5.41196e-09   0.86494 
5.45767e-09   0.863681
5.50353e-09   0.862426
5.54956e-09   0.861174
5.59576e-09   0.859927
5.64213e-09   0.858683
5.6887e-09   0.857443 
5.73545e-09   0.856207
5.78239e-09   0.854973
5.82953e-09   0.853743
5.87688e-09   0.852517
5.92443e-09   0.851293
5.9722e-09   0.850072 
6.02018e-09   0.848854
6.06838e-09   0.847639
6.11681e-09   0.846426
6.16546e-09   0.845217
6.21435e-09   0.844009
6.26347e-09   0.842805
6.31283e-09   0.841603
6.36243e-09   0.840403
6.41227e-09   0.839206
6.46237e-09   0.838011
6.51272e-09   0.836818
6.56332e-09   0.835627
6.61418e-09   0.834439
6.6653e-09   0.833253 
6.71669e-09   0.832069
6.76834e-09   0.830887
6.82026e-09   0.829707
6.87245e-09   0.828529
6.92492e-09   0.827353
6.97767e-09   0.826179
7.0307e-09   0.825006 
7.08401e-09   0.823836
7.13761e-09   0.822668
7.1915e-09   0.821501 
7.24567e-09   0.820336
7.30014e-09   0.819173
7.35491e-09   0.818012
7.40998e-09   0.816853
7.46534e-09   0.815695
7.52101e-09   0.814539
7.57699e-09   0.813385
7.63327e-09   0.812232
7.68987e-09   0.811081
7.74677e-09   0.809932
7.804e-09   0.808784  
7.86154e-09   0.807638
7.9194e-09   0.806493 
7.97758e-09   0.80535 
8.03609e-09   0.804209
8.09492e-09   0.803069
8.15409e-09   0.801931
8.21358e-09   0.800794
8.27341e-09   0.799659
8.33357e-09   0.798526
8.39408e-09   0.797394
8.45492e-09   0.796263
8.51611e-09   0.795134
8.57764e-09   0.794006
8.63952e-09   0.79288 
8.70174e-09   0.791755
8.76432e-09   0.790632
8.82725e-09   0.78951 
8.89054e-09   0.78839 
8.95419e-09   0.787271
9.0182e-09   0.786154 
9.08257e-09   0.785038
9.1473e-09   0.783923 
9.2124e-09   0.78281  
9.27787e-09   0.781698
9.34372e-09   0.780588
9.40993e-09   0.779479
9.47653e-09   0.778371
9.5435e-09   0.777265 
9.61085e-09   0.77616 
9.67858e-09   0.775057
9.7467e-09   0.773955 
9.8152e-09   0.772854 
9.8841e-09   0.771755 
9.95338e-09   0.770657
1.00231e-08   0.769561
1.00931e-08   0.768466
1.01636e-08   0.767372
1.02345e-08   0.76628 
1.03058e-08   0.765189
1.03774e-08   0.764099
1.04495e-08   0.763011
1.0522e-08   0.761924 
1.05949e-08   0.760838
1.06683e-08   0.759754
1.0742e-08   0.758671 
1.08162e-08   0.757589
1.08908e-08   0.756509
1.09658e-08   0.75543 
1.10412e-08   0.754352
1.11171e-08   0.753276
1.11933e-08   0.752201
1.12701e-08   0.751128
1.13472e-08   0.750055
1.14248e-08   0.748984
1.15028e-08   0.747915
1.15813e-08   0.746847
1.16602e-08   0.74578 
1.17396e-08   0.744714
1.18194e-08   0.74365 
1.18997e-08   0.742587
1.19804e-08   0.741525
1.20616e-08   0.740465
1.21432e-08   0.739406
1.22253e-08   0.738348
1.23079e-08   0.737292
1.23909e-08   0.736237
1.24744e-08   0.735183
1.25584e-08   0.73413 
1.26428e-08   0.733079
1.27277e-08   0.732029
1.28131e-08   0.730981
1.2899e-08   0.729934 
1.29854e-08   0.728888
1.30722e-08   0.727843
1.31596e-08   0.7268  
1.32474e-08   0.725758
1.33357e-08   0.724717
1.34245e-08   0.723678
1.35138e-08   0.72264 
1.36037e-08   0.721603
1.3694e-08   0.720568 
1.37848e-08   0.719534
1.38761e-08   0.718501
1.3968e-08   0.717469 
1.40604e-08   0.716439
1.41533e-08   0.71541 
1.42467e-08   0.714383
1.43406e-08   0.713356
1.4435e-08   0.712331 
1.453e-08   0.711308  
1.46255e-08   0.710285
1.47216e-08   0.709264
1.48182e-08   0.708244
1.49153e-08   0.707226
1.50129e-08   0.706209
1.51112e-08   0.705193
1.52099e-08   0.704178
1.53092e-08   0.703165
1.54091e-08   0.702153
1.55095e-08   0.701142
1.56105e-08   0.700133
1.5712e-08   0.699125 
1.58141e-08   0.698118
1.59168e-08   0.697113
1.602e-08   0.696108  
1.61238e-08   0.695105
1.62282e-08   0.694104
1.63332e-08   0.693104
1.64388e-08   0.692105
1.65449e-08   0.691107
1.66516e-08   0.69011 
1.67589e-08   0.689115
1.68669e-08   0.688122
1.69754e-08   0.687129
1.70845e-08   0.686138
1.71942e-08   0.685148
1.73045e-08   0.684159
1.74155e-08   0.683172
1.7527e-08   0.682186 
1.76392e-08   0.681201
1.77519e-08   0.680218
1.78653e-08   0.679235
1.79794e-08   0.678254
1.8094e-08   0.677275 
1.82093e-08   0.676297
1.83252e-08   0.67532 
1.84418e-08   0.674344
1.8559e-08   0.673369 
1.86769e-08   0.672396
1.87954e-08   0.671424
1.89145e-08   0.670454
1.90343e-08   0.669485
1.91548e-08   0.668517
1.92759e-08   0.66755 
1.93977e-08   0.666585
1.95202e-08   0.665621
1.96433e-08   0.664658
1.97671e-08   0.663696
1.98916e-08   0.662736
2.00168e-08   0.661777
2.01426e-08   0.660819
2.02692e-08   0.659863
2.03964e-08   0.658908
2.05243e-08   0.657954
2.06529e-08   0.657001
2.07823e-08   0.65605 
2.09123e-08   0.6551  
2.10431e-08   0.654152
2.11745e-08   0.653204
2.13067e-08   0.652258
2.14396e-08   0.651313
2.15733e-08   0.65037 
2.17076e-08   0.649427
2.18427e-08   0.648486
2.19785e-08   0.647547
2.21151e-08   0.646608
2.22524e-08   0.645671
2.23905e-08   0.644735
2.25293e-08   0.643801
2.26689e-08   0.642867
2.28092e-08   0.641935
2.29503e-08   0.641005
2.30921e-08   0.640075
2.32348e-08   0.639147
2.33782e-08   0.63822 
2.35223e-08   0.637295
2.36673e-08   0.63637 
2.3813e-08   0.635447 
2.39596e-08   0.634525
2.41069e-08   0.633605
2.42551e-08   0.632685
2.4404e-08   0.631767 
2.45537e-08   0.630851
2.47043e-08   0.629935
2.48557e-08   0.629021
2.50078e-08   0.628108
2.51608e-08   0.627196
2.53147e-08   0.626286
2.54694e-08   0.625377
2.56249e-08   0.624469
2.57812e-08   0.623563
2.59384e-08   0.622657
2.60964e-08   0.621753
2.62553e-08   0.62085 
2.64151e-08   0.619949
2.65757e-08   0.619049
2.67372e-08   0.61815 
2.68995e-08   0.617252
2.70628e-08   0.616356
2.72269e-08   0.61546 
2.73919e-08   0.614566
2.75577e-08   0.613674
2.77245e-08   0.612782
2.78922e-08   0.611892
2.80608e-08   0.611003
2.82302e-08   0.610116
2.84006e-08   0.609229
2.85719e-08   0.608344
2.87442e-08   0.60746 
2.89173e-08   0.606578
2.90914e-08   0.605696
2.92664e-08   0.604816
2.94424e-08   0.603937
2.96193e-08   0.60306 
2.97972e-08   0.602183
2.9976e-08   0.601308 
3.01557e-08   0.600435
3.03365e-08   0.599562
3.05182e-08   0.598691
3.07009e-08   0.59782 
3.08845e-08   0.596952
3.10692e-08   0.596084
3.12548e-08   0.595218
3.14414e-08   0.594353
3.16291e-08   0.593489
3.18177e-08   0.592626
3.20073e-08   0.591765
3.2198e-08   0.590905 
3.23897e-08   0.590046
3.25824e-08   0.589188
3.27761e-08   0.588332
3.29709e-08   0.587476
3.31667e-08   0.586622
3.33635e-08   0.58577 
3.35614e-08   0.584918
3.37604e-08   0.584068
3.39604e-08   0.583219
3.41615e-08   0.582371
3.43637e-08   0.581525
3.4567e-08   0.580679 
3.47713e-08   0.579835
3.49767e-08   0.578992
3.51832e-08   0.578151
3.53909e-08   0.57731 
3.55996e-08   0.576471
3.58094e-08   0.575633
3.60204e-08   0.574797
3.62325e-08   0.573961
3.64457e-08   0.573127
3.66601e-08   0.572294
3.68756e-08   0.571462
3.70922e-08   0.570631
3.731e-08   0.569802  
3.7529e-08   0.568974 
3.77491e-08   0.568147
3.79704e-08   0.567321
3.81928e-08   0.566497
3.84165e-08   0.565674
3.86414e-08   0.564851
3.88674e-08   0.564031
3.90946e-08   0.563211
3.93231e-08   0.562393
3.95528e-08   0.561575
3.97837e-08   0.560759
4.00158e-08   0.559945
4.02491e-08   0.559131
4.04837e-08   0.558319
4.07196e-08   0.557507
4.09566e-08   0.556697
4.1195e-08   0.555889 
4.14346e-08   0.555081
4.16755e-08   0.554275
4.19177e-08   0.55347 
4.21611e-08   0.552666
4.24059e-08   0.551863
4.26519e-08   0.551061
4.28993e-08   0.550261
4.31479e-08   0.549462
4.33979e-08   0.548664
4.36492e-08   0.547867
4.39019e-08   0.547072
4.41558e-08   0.546277
4.44112e-08   0.545484
4.46678e-08   0.544692
4.49259e-08   0.543901
4.51853e-08   0.543112
4.54461e-08   0.542323
4.57083e-08   0.541536
4.59718e-08   0.54075 
4.62368e-08   0.539965
4.65031e-08   0.539181
4.67709e-08   0.538399
4.70401e-08   0.537618
4.73107e-08   0.536838
4.75827e-08   0.536059
4.78562e-08   0.535281
4.81312e-08   0.534504
4.84076e-08   0.533729
4.86854e-08   0.532955
4.89647e-08   0.532181
4.92455e-08   0.53141 
4.95278e-08   0.530639
4.98116e-08   0.529869
5.00969e-08   0.529101
5.03837e-08   0.528334
5.0672e-08   0.527568 
5.09619e-08   0.526803
5.12532e-08   0.526039
5.15462e-08   0.525276
5.18406e-08   0.524515
5.21366e-08   0.523755
5.24342e-08   0.522996
5.27334e-08   0.522238
5.30341e-08   0.521481
5.33365e-08   0.520726
5.36404e-08   0.519971
5.3946e-08   0.519218 
5.42531e-08   0.518466
5.45619e-08   0.517715
5.48723e-08   0.516965
5.51844e-08   0.516216
5.54981e-08   0.515469
5.58134e-08   0.514723
5.61305e-08   0.513977
5.64492e-08   0.513233
5.67696e-08   0.51249 
5.70917e-08   0.511749
5.74154e-08   0.511008
5.77409e-08   0.510269
5.80682e-08   0.50953 
5.83971e-08   0.508793
5.87278e-08   0.508057
5.90602e-08   0.507322
5.93944e-08   0.506588
5.97304e-08   0.505856
6.00681e-08   0.505124
6.04076e-08   0.504394
6.07489e-08   0.503665
6.10921e-08   0.502937
6.1437e-08   0.50221  
6.17837e-08   0.501484
6.21323e-08   0.500759
6.24827e-08   0.500035
6.2835e-08   0.499313 
6.31892e-08   0.498592
6.35452e-08   0.497871
6.39031e-08   0.497152
6.42628e-08   0.496434
6.46245e-08   0.495718
6.49881e-08   0.495002
6.53536e-08   0.494287
6.57211e-08   0.493574
6.60905e-08   0.492861
6.64618e-08   0.49215 
6.68351e-08   0.49144 
6.72104e-08   0.490731
6.75877e-08   0.490023
6.79669e-08   0.489316
6.83482e-08   0.488611
6.87314e-08   0.487906
6.91167e-08   0.487202
6.95041e-08   0.4865  
6.98935e-08   0.485799
7.02849e-08   0.485099
7.06784e-08   0.4844  
7.1074e-08   0.483702 
7.14717e-08   0.483005
7.18714e-08   0.482309
7.22733e-08   0.481614
7.26774e-08   0.480921
7.30835e-08   0.480228
7.34918e-08   0.479537
7.39023e-08   0.478847
7.43149e-08   0.478157
7.47297e-08   0.477469
7.51467e-08   0.476782
7.55659e-08   0.476096
7.59874e-08   0.475411
7.6411e-08   0.474728 
7.68369e-08   0.474045
7.72651e-08   0.473363
7.76955e-08   0.472683
7.81282e-08   0.472003
7.85631e-08   0.471325
7.90004e-08   0.470648
7.944e-08   0.469972  
7.98819e-08   0.469296
8.03262e-08   0.468622
8.07728e-08   0.467949
8.12218e-08   0.467278
8.16731e-08   0.466607
8.21269e-08   0.465937
8.2583e-08   0.465268 
8.30416e-08   0.464601
8.35025e-08   0.463934
8.3966e-08   0.463269 
8.44319e-08   0.462604
8.49002e-08   0.461941
8.5371e-08   0.461278 
8.58443e-08   0.460617
8.63202e-08   0.459957
8.67985e-08   0.459298
8.72794e-08   0.45864 
8.77628e-08   0.457983
8.82488e-08   0.457327
8.87374e-08   0.456672
8.92285e-08   0.456018
8.97223e-08   0.455365
9.02187e-08   0.454713
9.07177e-08   0.454063
9.12193e-08   0.453413
9.17236e-08   0.452764
9.22306e-08   0.452117
9.27403e-08   0.45147 
9.32527e-08   0.450825
9.37678e-08   0.45018 
9.42856e-08   0.449537
9.48062e-08   0.448895
9.53295e-08   0.448253
9.58556e-08   0.447613
9.63845e-08   0.446974
9.69163e-08   0.446335
9.74508e-08   0.445698
9.79882e-08   0.445062
9.85284e-08   0.444427
9.90715e-08   0.443793
9.96175e-08   0.44316 
1.00166e-07   0.442528
1.00718e-07   0.441897
1.01273e-07   0.441267
1.01831e-07   0.440638
1.02391e-07   0.44001 
1.02955e-07   0.439383
1.03522e-07   0.438757
1.04091e-07   0.438132
1.04664e-07   0.437508
1.0524e-07   0.436885 
1.05818e-07   0.436263
1.064e-07   0.435643  
1.06985e-07   0.435023
1.07573e-07   0.434404
1.08164e-07   0.433786
1.08759e-07   0.433169
1.09356e-07   0.432553
1.09957e-07   0.431939
1.10561e-07   0.431325
1.11168e-07   0.430712
1.11778e-07   0.4301  
1.12392e-07   0.429489
1.13009e-07   0.42888 
1.13629e-07   0.428271
1.14252e-07   0.427663
1.14879e-07   0.427056
1.15509e-07   0.42645 
1.16143e-07   0.425846
1.1678e-07   0.425242 
1.1742e-07   0.424639 
1.18064e-07   0.424037
1.18711e-07   0.423436
1.19361e-07   0.422836
1.20015e-07   0.422238
1.20673e-07   0.42164 
1.21334e-07   0.421043
1.21999e-07   0.420447
1.22667e-07   0.419852
1.23338e-07   0.419258
1.24014e-07   0.418665
1.24693e-07   0.418073
1.25375e-07   0.417482
1.26061e-07   0.416892
1.26751e-07   0.416303
1.27445e-07   0.415715
1.28142e-07   0.415128
1.28843e-07   0.414541
1.29548e-07   0.413956
1.30256e-07   0.413372
1.30969e-07   0.412789
1.31685e-07   0.412206
1.32405e-07   0.411625
1.33129e-07   0.411045
1.33856e-07   0.410465
1.34588e-07   0.409887
1.35324e-07   0.409309
1.36063e-07   0.408733
1.36807e-07   0.408157
1.37554e-07   0.407582
1.38306e-07   0.407009
1.39061e-07   0.406436
1.39821e-07   0.405864
1.40584e-07   0.405293
1.41352e-07   0.404724
1.42124e-07   0.404155
1.429e-07   0.403587  
1.4368e-07   0.40302  
1.44465e-07   0.402454
1.45253e-07   0.401888
1.46046e-07   0.401324
1.46843e-07   0.400761
1.47645e-07   0.400199
1.4845e-07   0.399637 
1.4926e-07   0.399077 
1.50075e-07   0.398517
1.50894e-07   0.397959
1.51717e-07   0.397401
1.52544e-07   0.396844
1.53377e-07   0.396289
1.54213e-07   0.395734
1.55054e-07   0.39518 
1.559e-07   0.394627  
1.5675e-07   0.394075 
1.57605e-07   0.393524
1.58465e-07   0.392973
1.59329e-07   0.392424
1.60197e-07   0.391876
1.61071e-07   0.391328
1.61949e-07   0.390782
1.62832e-07   0.390236
1.6372e-07   0.389691 
1.64612e-07   0.389148
1.6551e-07   0.388605 
1.66412e-07   0.388063
1.67319e-07   0.387522
1.68231e-07   0.386982
1.69148e-07   0.386442
1.7007e-07   0.385904 
1.70997e-07   0.385367
1.71928e-07   0.38483 
1.72865e-07   0.384294
1.73808e-07   0.38376 
1.74755e-07   0.383226
1.75707e-07   0.382693
1.76665e-07   0.382161
1.77627e-07   0.38163 
1.78595e-07   0.3811  
1.79568e-07   0.38057 
1.80547e-07   0.380042
1.81531e-07   0.379515
1.8252e-07   0.378988 
1.83514e-07   0.378462
1.84514e-07   0.377937
1.8552e-07   0.377413 
1.86531e-07   0.37689 
1.87547e-07   0.376368
1.88569e-07   0.375847
1.89596e-07   0.375326
1.90629e-07   0.374807
1.91668e-07   0.374288
1.92713e-07   0.37377 
1.93763e-07   0.373254
1.94818e-07   0.372738
1.9588e-07   0.372222 
1.96947e-07   0.371708
1.98021e-07   0.371195
1.991e-07   0.370682  
2.00185e-07   0.370171
2.01276e-07   0.36966 
2.02373e-07   0.36915 
2.03475e-07   0.368641
2.04584e-07   0.368133
2.05699e-07   0.367625
2.06821e-07   0.367119
2.07948e-07   0.366613
2.09081e-07   0.366109
2.10221e-07   0.365605
2.11367e-07   0.365102
2.12519e-07   0.3646  
2.13678e-07   0.364098
2.14843e-07   0.363598
2.16014e-07   0.363099
2.17192e-07   0.3626  
2.18376e-07   0.362102
2.19567e-07   0.361605
2.20764e-07   0.361109
2.21968e-07   0.360614
2.23178e-07   0.360119
2.24395e-07   0.359625
2.25619e-07   0.359133
2.2685e-07   0.358641 
2.28087e-07   0.35815 
2.29331e-07   0.35766 
2.30583e-07   0.35717 
2.31841e-07   0.356682
2.33106e-07   0.356194
2.34377e-07   0.355707
2.35656e-07   0.355221
2.36942e-07   0.354736
2.38236e-07   0.354252
2.39536e-07   0.353768
2.40843e-07   0.353285
2.42158e-07   0.352803
2.4348e-07   0.352322 
2.44809e-07   0.351842
2.46146e-07   0.351363
2.4749e-07   0.350884 
2.48842e-07   0.350407
2.50201e-07   0.34993 
2.51567e-07   0.349454
2.52942e-07   0.348978
2.54323e-07   0.348504
2.55713e-07   0.34803 
2.5711e-07   0.347558 
2.58515e-07   0.347086
2.59928e-07   0.346614
2.61349e-07   0.346144
2.62777e-07   0.345675
2.64214e-07   0.345206
2.65658e-07   0.344738
2.67111e-07   0.344271
2.68572e-07   0.343805
2.70041e-07   0.343339
2.71518e-07   0.342875
2.73003e-07   0.342411
2.74497e-07   0.341948
2.75998e-07   0.341485
2.77509e-07   0.341024
2.79028e-07   0.340563
2.80555e-07   0.340103
2.82091e-07   0.339644
2.83635e-07   0.339186
2.85188e-07   0.338729
2.8675e-07   0.338272 
2.88321e-07   0.337816
2.899e-07   0.337361  
2.91488e-07   0.336907
2.93085e-07   0.336453
2.94691e-07   0.336001
2.96306e-07   0.335549
2.97931e-07   0.335098
2.99564e-07   0.334647
3.01207e-07   0.334198
3.02858e-07   0.333749
3.04519e-07   0.333301
3.0619e-07   0.332854 
3.0787e-07   0.332408 
3.09559e-07   0.331962
3.11258e-07   0.331517
3.12966e-07   0.331073
3.14684e-07   0.33063 
3.16412e-07   0.330187
3.1815e-07   0.329745 
3.19897e-07   0.329304
3.21654e-07   0.328864
3.23421e-07   0.328425
3.25199e-07   0.327986
3.26986e-07   0.327548
3.28783e-07   0.327111
3.30591e-07   0.326675
3.32409e-07   0.326239
3.34237e-07   0.325805
3.36075e-07   0.32537 
3.37924e-07   0.324937
3.39784e-07   0.324505
3.41654e-07   0.324073
3.43534e-07   0.323642
3.45426e-07   0.323212
3.47328e-07   0.322782
3.49241e-07   0.322353
3.51165e-07   0.321925
3.53099e-07   0.321498
3.55045e-07   0.321072
3.57002e-07   0.320646
3.5897e-07   0.320221 
3.6095e-07   0.319797 
3.6294e-07   0.319373 
3.64943e-07   0.318951
3.66956e-07   0.318529
3.68981e-07   0.318107
3.71018e-07   0.317687
3.73066e-07   0.317267
3.75126e-07   0.316848
3.77198e-07   0.31643 
3.79282e-07   0.316012
3.81377e-07   0.315596
3.83485e-07   0.31518 
3.85605e-07   0.314764
3.87737e-07   0.31435 
3.89881e-07   0.313936
3.92038e-07   0.313523
3.94207e-07   0.31311 
3.96388e-07   0.312699
3.98583e-07   0.312288
4.00789e-07   0.311878
4.03009e-07   0.311468
4.05241e-07   0.31106 
4.07486e-07   0.310652
4.09744e-07   0.310244
4.12016e-07   0.309838
4.143e-07   0.309432  
4.16597e-07   0.309027
4.18908e-07   0.308622
4.21233e-07   0.308219
4.2357e-07   0.307816 
4.25922e-07   0.307414
4.28286e-07   0.307012
4.30665e-07   0.306611
4.33058e-07   0.306211
4.35464e-07   0.305812
4.37884e-07   0.305413
4.40319e-07   0.305015
4.42767e-07   0.304618
4.4523e-07   0.304222 
4.47707e-07   0.303826
4.50199e-07   0.303431
4.52705e-07   0.303036
4.55226e-07   0.302643
4.57761e-07   0.30225 
4.60312e-07   0.301857
4.62877e-07   0.301466
4.65457e-07   0.301075
4.68053e-07   0.300685
4.70663e-07   0.300295
4.73289e-07   0.299907
4.7593e-07   0.299519 
4.78587e-07   0.299131
4.81259e-07   0.298744
4.83947e-07   0.298358
4.86651e-07   0.297973
4.89371e-07   0.297589
4.92106e-07   0.297205
4.94858e-07   0.296821
4.97626e-07   0.296439
5.0041e-07   0.296057 
5.03211e-07   0.295676
5.06028e-07   0.295295
5.08862e-07   0.294916
5.11713e-07   0.294537
5.1458e-07   0.294158 
5.17465e-07   0.29378 
5.20366e-07   0.293403
5.23285e-07   0.293027
5.2622e-07   0.292651 
5.29174e-07   0.292276
5.32145e-07   0.291902
5.35133e-07   0.291528
5.38139e-07   0.291155
5.41163e-07   0.290783
5.44205e-07   0.290411
5.47265e-07   0.29004 
5.50344e-07   0.28967 
5.5344e-07   0.2893   
5.56555e-07   0.288932
5.59689e-07   0.288563
5.62841e-07   0.288196
5.66012e-07   0.287829
5.69203e-07   0.287462
5.72412e-07   0.287097
5.7564e-07   0.286732 
5.78888e-07   0.286368
5.82155e-07   0.286004
5.85441e-07   0.285641
5.88748e-07   0.285279
5.92074e-07   0.284917
5.9542e-07   0.284556 
5.98786e-07   0.284196
6.02173e-07   0.283836
6.0558e-07   0.283477 
6.09007e-07   0.283119
6.12455e-07   0.282761
6.15924e-07   0.282404
6.19414e-07   0.282047
6.22924e-07   0.281692
6.26456e-07   0.281336
6.30009e-07   0.280982
6.33584e-07   0.280628
6.3718e-07   0.280275 
6.40799e-07   0.279922
6.44439e-07   0.279571
6.48101e-07   0.279219
6.51785e-07   0.278869
6.55491e-07   0.278519
6.59221e-07   0.278169
6.62972e-07   0.277821
6.66747e-07   0.277473
6.70544e-07   0.277125
6.74365e-07   0.276779
6.78209e-07   0.276432
6.82076e-07   0.276087
6.85967e-07   0.275742
6.89882e-07   0.275398
6.9382e-07   0.275054 
6.97783e-07   0.274711
7.0177e-07   0.274369 
7.05781e-07   0.274027
7.09817e-07   0.273686
7.13877e-07   0.273346
7.17963e-07   0.273006
7.22073e-07   0.272667
7.26209e-07   0.272328
7.3037e-07   0.27199  
7.34557e-07   0.271653
7.38769e-07   0.271316
7.43008e-07   0.27098 
7.47272e-07   0.270645
7.51563e-07   0.27031 
7.55881e-07   0.269975
7.60224e-07   0.269642
7.64595e-07   0.269309
7.68993e-07   0.268976
7.73418e-07   0.268645
7.7787e-07   0.268314 
7.8235e-07   0.267983 
7.86858e-07   0.267653
7.91394e-07   0.267324
7.95958e-07   0.266995
8.0055e-07   0.266667 
8.05171e-07   0.266339
8.0982e-07   0.266013 
8.14499e-07   0.265686
8.19206e-07   0.265361
8.23943e-07   0.265036
8.2871e-07   0.264711 
8.33506e-07   0.264387
8.38332e-07   0.264064
8.43188e-07   0.263741
8.48075e-07   0.263419
8.52993e-07   0.263098
8.57941e-07   0.262777
8.6292e-07   0.262457 
8.6793e-07   0.262137 
8.72972e-07   0.261818
8.78046e-07   0.2615  
8.83151e-07   0.261182
8.88289e-07   0.260864
8.93459e-07   0.260548
8.98662e-07   0.260232
9.03897e-07   0.259916
9.09165e-07   0.259601
9.14467e-07   0.259287
9.19802e-07   0.258973
9.25171e-07   0.25866 
9.30574e-07   0.258347
9.36012e-07   0.258035
9.41483e-07   0.257724
9.4699e-07   0.257413 
9.52531e-07   0.257103
9.58107e-07   0.256793
9.6372e-07   0.256484 
9.69367e-07   0.256176
9.75051e-07   0.255868
9.80771e-07   0.25556 
9.86527e-07   0.255254
9.92321e-07   0.254947
9.98151e-07   0.254642
1.00402e-06   0.254337
1.00992e-06   0.254032
1.01587e-06   0.253728
1.02185e-06   0.253425
1.02787e-06   0.253122
1.03392e-06   0.25282 
1.04002e-06   0.252519
1.04616e-06   0.252218
1.05233e-06   0.251917
1.05855e-06   0.251617
1.0648e-06   0.251318 
1.0711e-06   0.251019 
1.07743e-06   0.250721
1.08381e-06   0.250423
1.09023e-06   0.250126
1.09669e-06   0.24983 
1.10319e-06   0.249534
1.10974e-06   0.249238
1.11632e-06   0.248944
1.12295e-06   0.248649
1.12962e-06   0.248356
1.13634e-06   0.248062
1.1431e-06   0.24777  
1.1499e-06   0.247478 
1.15675e-06   0.247186
1.16364e-06   0.246895
1.17058e-06   0.246605
1.17756e-06   0.246315
1.18459e-06   0.246026
1.19166e-06   0.245737
1.19878e-06   0.245449
1.20595e-06   0.245161
1.21317e-06   0.244874
1.22043e-06   0.244588
1.22774e-06   0.244302
1.23509e-06   0.244016
1.2425e-06   0.243731 
1.24995e-06   0.243447
1.25746e-06   0.243163
1.26501e-06   0.24288 
1.27261e-06   0.242597
1.28027e-06   0.242315
1.28797e-06   0.242034
1.29573e-06   0.241752
1.30353e-06   0.241472
1.31139e-06   0.241192
1.3193e-06   0.240912 
1.32726e-06   0.240633
1.33528e-06   0.240355
1.34335e-06   0.240077
1.35147e-06   0.2398  
1.35965e-06   0.239523
1.36788e-06   0.239247
1.37617e-06   0.238971
1.38451e-06   0.238696
1.39291e-06   0.238421
1.40136e-06   0.238147
1.40987e-06   0.237873
1.41844e-06   0.2376  
1.42706e-06   0.237328
1.43575e-06   0.237055
1.44449e-06   0.236784
1.45329e-06   0.236513
1.46215e-06   0.236242
1.47107e-06   0.235972
1.48005e-06   0.235703
1.48909e-06   0.235434
1.49819e-06   0.235166
1.50735e-06   0.234898
1.51658e-06   0.234631
1.52587e-06   0.234364
1.53522e-06   0.234097
1.54463e-06   0.233832
1.55411e-06   0.233566
1.56365e-06   0.233302
1.57326e-06   0.233037
1.58293e-06   0.232774
1.59267e-06   0.23251 
1.60248e-06   0.232248
1.61235e-06   0.231985
1.62229e-06   0.231724
1.6323e-06   0.231463 
1.64237e-06   0.231202
1.65252e-06   0.230942
1.66274e-06   0.230682
1.67302e-06   0.230423
1.68338e-06   0.230164
1.69381e-06   0.229906
1.70431e-06   0.229648
1.71488e-06   0.229391
1.72552e-06   0.229135
1.73624e-06   0.228879
1.74703e-06   0.228623
1.7579e-06   0.228368 
1.76884e-06   0.228113
1.77986e-06   0.227859
1.79096e-06   0.227605
1.80213e-06   0.227352
1.81338e-06   0.2271  
1.82471e-06   0.226848
1.83612e-06   0.226596
1.84761e-06   0.226345
1.85917e-06   0.226094
1.87082e-06   0.225844
1.88255e-06   0.225594
1.89436e-06   0.225345
1.90626e-06   0.225096
1.91824e-06   0.224848
1.9303e-06   0.224601 
1.94245e-06   0.224353
1.95468e-06   0.224107
1.967e-06   0.22386   
1.9794e-06   0.223615 
1.9919e-06   0.223369 
2.00448e-06   0.223125
2.01715e-06   0.22288 
2.02991e-06   0.222637
2.04276e-06   0.222393
2.0557e-06   0.22215  
2.06874e-06   0.221908
2.08186e-06   0.221666
2.09508e-06   0.221425
2.1084e-06   0.221184 
2.12181e-06   0.220943
2.13531e-06   0.220703
2.14891e-06   0.220464
2.16261e-06   0.220225
2.17641e-06   0.219986
2.19031e-06   0.219748
2.2043e-06   0.219511 
2.2184e-06   0.219274 
2.23259e-06   0.219037
2.24689e-06   0.218801
2.2613e-06   0.218565 
2.2758e-06   0.21833  
2.29041e-06   0.218095
2.30513e-06   0.217861
2.31995e-06   0.217627
2.33488e-06   0.217394
2.34992e-06   0.217161
2.36507e-06   0.216929
2.38033e-06   0.216697
2.3957e-06   0.216465 
2.41118e-06   0.216234
2.42677e-06   0.216004
2.44248e-06   0.215774
2.4583e-06   0.215544 
2.47424e-06   0.215315
2.49029e-06   0.215086
2.50646e-06   0.214858
2.52275e-06   0.214631
2.53916e-06   0.214403
2.55569e-06   0.214176
2.57235e-06   0.21395 
2.58912e-06   0.213724
2.60602e-06   0.213499
2.62304e-06   0.213274
2.64019e-06   0.213049
2.65747e-06   0.212825
2.67487e-06   0.212601
2.6924e-06   0.212378 
2.71007e-06   0.212156
2.72786e-06   0.211933
2.74579e-06   0.211711
2.76385e-06   0.21149 
2.78204e-06   0.211269
2.80037e-06   0.211049
2.81884e-06   0.210829
2.83745e-06   0.210609
2.85619e-06   0.21039 
2.87508e-06   0.210171
2.8941e-06   0.209953 
2.91327e-06   0.209735
2.93259e-06   0.209518
2.95205e-06   0.209301
2.97165e-06   0.209085
2.99141e-06   0.208869
3.01131e-06   0.208653
3.03136e-06   0.208438
3.05157e-06   0.208223
3.07193e-06   0.208009
3.09244e-06   0.207795
3.11311e-06   0.207582
3.13394e-06   0.207369
3.15492e-06   0.207157
3.17607e-06   0.206945
3.19737e-06   0.206733
3.21884e-06   0.206522
3.24048e-06   0.206311
3.26227e-06   0.206101
3.28424e-06   0.205891
3.30638e-06   0.205682
3.32868e-06   0.205473
3.35116e-06   0.205264
3.37381e-06   0.205056
3.39663e-06   0.204848
3.41963e-06   0.204641
3.44281e-06   0.204434
3.46617e-06   0.204228
3.48971e-06   0.204022
3.51343e-06   0.203816
3.53733e-06   0.203611
3.56143e-06   0.203407
3.58571e-06   0.203202
3.61017e-06   0.202999
3.63483e-06   0.202795
3.65969e-06   0.202592
3.68473e-06   0.20239 
3.70997e-06   0.202188
3.73541e-06   0.201986
3.76106e-06   0.201785
3.7869e-06   0.201584 
3.81294e-06   0.201383
3.83919e-06   0.201183
3.86565e-06   0.200984
3.89232e-06   0.200785
3.91919e-06   0.200586
3.94629e-06   0.200387
3.97359e-06   0.20019 
4.00111e-06   0.199992
4.02885e-06   0.199795
4.05681e-06   0.199598
4.085e-06   0.199402  
4.11341e-06   0.199206
4.14204e-06   0.199011
4.17091e-06   0.198816
4.2e-06   0.198621   
4.22933e-06   0.198427
4.2589e-06   0.198233 
4.2887e-06   0.19804  
4.31874e-06   0.197847
4.34903e-06   0.197654
4.37956e-06   0.197462
4.41033e-06   0.197271
4.44136e-06   0.197079
4.47263e-06   0.196888
4.50416e-06   0.196698
4.53595e-06   0.196508
4.56799e-06   0.196318
4.60029e-06   0.196129
4.63286e-06   0.19594 
4.66569e-06   0.195752
4.6988e-06   0.195564 
4.73217e-06   0.195376
4.76582e-06   0.195189
4.79974e-06   0.195002
4.83394e-06   0.194815
4.86842e-06   0.194629
4.90319e-06   0.194444
4.93824e-06   0.194259
4.97358e-06   0.194074
5.00922e-06   0.193889
5.04515e-06   0.193705
5.08137e-06   0.193522
5.1179e-06   0.193338 
5.15473e-06   0.193156
5.19187e-06   0.192973
5.22932e-06   0.192791
5.26708e-06   0.192609
5.30516e-06   0.192428
5.34355e-06   0.192247
5.38227e-06   0.192067
5.42131e-06   0.191887
5.46068e-06   0.191707
5.50038e-06   0.191528
5.54041e-06   0.191349
5.58078e-06   0.19117 
5.6215e-06   0.190992 
5.66256e-06   0.190814
5.70396e-06   0.190637
5.74572e-06   0.19046 
5.78783e-06   0.190284
5.8303e-06   0.190107 
5.87313e-06   0.189932
5.91633e-06   0.189756
5.95989e-06   0.189581
6.00383e-06   0.189406
6.04815e-06   0.189232
6.09284e-06   0.189058
6.13792e-06   0.188885
6.18339e-06   0.188712
6.22925e-06   0.188539
6.2755e-06   0.188367 
6.32215e-06   0.188195
6.36921e-06   0.188023
6.41667e-06   0.187852
6.46455e-06   0.187681
6.51284e-06   0.187511
6.56155e-06   0.187341
6.61069e-06   0.187171
6.66025e-06   0.187002
6.71025e-06   0.186833
6.76069e-06   0.186664
6.81156e-06   0.186496
6.86289e-06   0.186328
6.91466e-06   0.186161
6.96689e-06   0.185994
7.01958e-06   0.185827
7.07274e-06   0.185661
7.12636e-06   0.185495
7.18046e-06   0.18533 
7.23504e-06   0.185164
7.29011e-06   0.185   
7.34566e-06   0.184835
7.40171e-06   0.184671
7.45825e-06   0.184508
7.51531e-06   0.184344
7.57287e-06   0.184181
7.63095e-06   0.184019
7.68954e-06   0.183857
7.74867e-06   0.183695
7.80833e-06   0.183533
7.86852e-06   0.183372
7.92926e-06   0.183211
7.99054e-06   0.183051
8.05239e-06   0.182891
8.11479e-06   0.182731
8.17775e-06   0.182572
8.24129e-06   0.182413
8.30541e-06   0.182255
8.37012e-06   0.182097
8.43541e-06   0.181939
8.5013e-06   0.181781 
8.5678e-06   0.181624 
8.6349e-06   0.181468 
8.70263e-06   0.181311
8.77097e-06   0.181155
8.83995e-06   0.181   
8.90956e-06   0.180844
8.97981e-06   0.180689
9.05072e-06   0.180535
9.12228e-06   0.180381
9.19451e-06   0.180227
9.26741e-06   0.180073
9.34099e-06   0.17992 
9.41526e-06   0.179767
9.49022e-06   0.179615
9.56589e-06   0.179463
9.64226e-06   0.179311
9.71935e-06   0.17916 
9.79716e-06   0.179009
9.87571e-06   0.178858
9.955e-06   0.178708  
1.0035e-05   0.178558 
1.01158e-05   0.178408
1.01974e-05   0.178259
1.02797e-05   0.17811 
1.03629e-05   0.177962
1.04468e-05   0.177813
1.05315e-05   0.177666
1.0617e-05   0.177518 
1.07034e-05   0.177371
1.07905e-05   0.177224
1.08785e-05   0.177078
1.09674e-05   0.176932
1.10571e-05   0.176786
1.11477e-05   0.176641
1.12391e-05   0.176495
1.13315e-05   0.176351
1.14247e-05   0.176206
1.15189e-05   0.176062
1.16139e-05   0.175919
1.17099e-05   0.175775
1.18068e-05   0.175632
1.19047e-05   0.17549 
1.20035e-05   0.175347
1.21033e-05   0.175206
1.22041e-05   0.175064
1.23059e-05   0.174923
1.24087e-05   0.174782
1.25125e-05   0.174641
1.26173e-05   0.174501
1.27232e-05   0.174361
1.28301e-05   0.174221
1.29381e-05   0.174082
1.30471e-05   0.173943
1.31573e-05   0.173805
1.32685e-05   0.173666
1.33809e-05   0.173529
1.34944e-05   0.173391
1.3609e-05   0.173254 
1.37248e-05   0.173117
1.38417e-05   0.17298 
1.39599e-05   0.172844
1.40792e-05   0.172708
1.41998e-05   0.172573
1.43215e-05   0.172438
1.44445e-05   0.172303
1.45688e-05   0.172168
1.46943e-05   0.172034
1.48212e-05   0.1719  
1.49493e-05   0.171767
1.50787e-05   0.171633
1.52095e-05   0.171501
1.53416e-05   0.171368
1.54751e-05   0.171236
1.56099e-05   0.171104
1.57462e-05   0.170972
1.58839e-05   0.170841
1.6023e-05   0.17071  
1.61635e-05   0.17058 
1.63056e-05   0.170449
1.64491e-05   0.170319
1.65941e-05   0.17019 
1.67406e-05   0.170061
1.68887e-05   0.169932
1.70383e-05   0.169803
1.71896e-05   0.169675
1.73424e-05   0.169547
1.74968e-05   0.169419
1.76529e-05   0.169292
1.78106e-05   0.169165
1.79701e-05   0.169038
1.81312e-05   0.168912
1.8294e-05   0.168786 
1.84586e-05   0.16866 
1.8625e-05   0.168535 
1.87931e-05   0.16841 
1.89631e-05   0.168285
1.91349e-05   0.168161
1.93085e-05   0.168036
1.9484e-05   0.167913 
1.96615e-05   0.167789
1.98409e-05   0.167666
2.00222e-05   0.167543
2.02055e-05   0.167421
2.03908e-05   0.167299
2.05782e-05   0.167177
2.07676e-05   0.167055
2.09591e-05   0.166934
2.11527e-05   0.166813
2.13484e-05   0.166692
2.15463e-05   0.166572
2.17464e-05   0.166452
2.19487e-05   0.166333
2.21533e-05   0.166213
2.23602e-05   0.166094
2.25694e-05   0.165975
2.27809e-05   0.165857
2.29948e-05   0.165739
2.32111e-05   0.165621
2.34299e-05   0.165504
2.36511e-05   0.165387
2.38748e-05   0.16527 
2.41011e-05   0.165153
2.43299e-05   0.165037
2.45614e-05   0.164921
2.47955e-05   0.164806
2.50322e-05   0.16469 
2.52717e-05   0.164575
2.55139e-05   0.164461
2.57589e-05   0.164346
2.60068e-05   0.164232
2.62575e-05   0.164119
2.65111e-05   0.164005
2.67676e-05   0.163892
2.70271e-05   0.163779
2.72897e-05   0.163667
2.75553e-05   0.163554
2.78241e-05   0.163443
2.80959e-05   0.163331
2.8371e-05   0.16322  
2.86493e-05   0.163109
2.89309e-05   0.162998
2.92158e-05   0.162888
2.95042e-05   0.162778
2.97959e-05   0.162668
3.00911e-05   0.162558
3.03898e-05   0.162449
3.06921e-05   0.16234 
3.0998e-05   0.162232 
3.13076e-05   0.162123
3.16209e-05   0.162015
3.1938e-05   0.161908 
3.22589e-05   0.1618  
3.25837e-05   0.161693
3.29125e-05   0.161587
3.32452e-05   0.16148 
3.3582e-05   0.161374 
3.3923e-05   0.161268 
3.42681e-05   0.161163
3.46174e-05   0.161057
3.4971e-05   0.160952 
3.5329e-05   0.160848 
3.56914e-05   0.160743
3.60583e-05   0.160639
3.64298e-05   0.160536
3.68059e-05   0.160432
3.71866e-05   0.160329
3.75722e-05   0.160226
3.79625e-05   0.160123
3.83578e-05   0.160021
3.8758e-05   0.159919 
3.91633e-05   0.159817
3.95737e-05   0.159716
3.99893e-05   0.159615
4.04101e-05   0.159514
4.08364e-05   0.159413
4.1268e-05   0.159313 
4.17052e-05   0.159213
4.2148e-05   0.159114 
4.25965e-05   0.159014
4.30508e-05   0.158915
4.35109e-05   0.158816
4.3977e-05   0.158718 
4.44491e-05   0.15862 
4.49273e-05   0.158522
4.54118e-05   0.158424
4.59026e-05   0.158327
4.63999e-05   0.15823 
4.69037e-05   0.158133
4.74141e-05   0.158037
4.79312e-05   0.15794 
4.84552e-05   0.157845
4.89861e-05   0.157749
4.95241e-05   0.157654
5.00692e-05   0.157559
5.06217e-05   0.157464
5.11815e-05   0.157369
5.17488e-05   0.157275
5.23237e-05   0.157181
5.29065e-05   0.157088
5.3497e-05   0.156994 
5.40956e-05   0.156901
5.47024e-05   0.156809
5.53174e-05   0.156716
5.59407e-05   0.156624
5.65727e-05   0.156532
5.72133e-05   0.156441
5.78627e-05   0.156349
5.8521e-05   0.156258 
5.91885e-05   0.156168
5.98652e-05   0.156077
6.05514e-05   0.155987
6.1247e-05   0.155897 
6.19525e-05   0.155807
6.26678e-05   0.155718
6.33931e-05   0.155629
6.41287e-05   0.15554 
6.48746e-05   0.155452
6.56311e-05   0.155363
6.63983e-05   0.155275
6.71765e-05   0.155188
6.79657e-05   0.1551  
6.87663e-05   0.155013
6.95783e-05   0.154927
7.0402e-05   0.15484  
7.12376e-05   0.154754
7.20853e-05   0.154668
7.29453e-05   0.154582
7.38177e-05   0.154497
7.47029e-05   0.154411
7.5601e-05   0.154327 
7.65123e-05   0.154242
7.7437e-05   0.154158 
7.83753e-05   0.154074
7.93275e-05   0.15399 
8.02938e-05   0.153906
8.12744e-05   0.153823
8.22696e-05   0.15374 
8.32798e-05   0.153657
8.4305e-05   0.153575 
8.53457e-05   0.153493
8.6402e-05   0.153411 
8.74743e-05   0.153329
8.85629e-05   0.153248
8.9668e-05   0.153167 
9.07899e-05   0.153086
9.1929e-05   0.153006 
9.30856e-05   0.152926
9.42599e-05   0.152846
9.54523e-05   0.152766
9.66632e-05   0.152687
9.78928e-05   0.152607
9.91416e-05   0.152529
0.00010041   0.15245  
0.000101698   0.152372
0.000103006   0.152294
0.000104335   0.152216
0.000105685   0.152138
0.000107056   0.152061
0.000108449   0.151984
0.000109864   0.151907
0.000111302   0.151831
0.000112763   0.151755
0.000114247   0.151679
0.000115755   0.151603
0.000117288   0.151528
0.000118845   0.151453
0.000120428   0.151378
0.000122036   0.151303
0.000123671   0.151229
0.000125333   0.151155
0.000127022   0.151081
0.000128739   0.151008
0.000130484   0.150935
0.000132258   0.150862
0.000134062   0.150789
0.000135896   0.150717
0.000137761   0.150644
0.000139657   0.150573
0.000141586   0.150501
0.000143546   0.15043 
0.000145541   0.150358
0.000147569   0.150288
0.000149632   0.150217
0.00015173   0.150147 
0.000153864   0.150077
0.000156036   0.150007
0.000158244   0.149937
0.000160492   0.149868
0.000162778   0.149799
0.000165104   0.14973 
0.000167472   0.149662
0.000169881   0.149594
0.000172332   0.149526
0.000174827   0.149458
0.000177366   0.14939 
0.000179951   0.149323
0.000182582   0.149256
0.00018526   0.14919  
0.000187987   0.149123
0.000190762   0.149057
0.000193589   0.148991
0.000196466   0.148926
0.000199397   0.14886 
0.000202381   0.148795
0.00020542   0.14873  
0.000208515   0.148666
0.000211667   0.148601
0.000214878   0.148537
0.000218149   0.148474
0.000221482   0.14841 
0.000224877   0.148347
0.000228336   0.148284
0.00023186   0.148221 
0.000235452   0.148158
0.000239112   0.148096
0.000242842   0.148034
0.000246643   0.147972
0.000250518   0.147911
0.000254468   0.147849
0.000258495   0.147788
0.0002626   0.147728  
0.000266786   0.147667
0.000271053   0.147607
0.000275405   0.147547
0.000279843   0.147487
0.000284369   0.147428
0.000288985   0.147369
0.000293694   0.14731 
0.000298497   0.147251
0.000303398   0.147192
0.000308397   0.147134
0.000313498   0.147076
0.000318703   0.147019
0.000324015   0.146961
0.000329435   0.146904
0.000334968   0.146847
0.000340616   0.14679 
0.00034638   0.146734 
0.000352266   0.146678
0.000358274   0.146622
0.00036441   0.146566 
0.000370674   0.146511
0.000377072   0.146455
0.000383606   0.146401
0.00039028   0.146346 
0.000397098   0.146291
0.000404062   0.146237
0.000411177   0.146183
0.000418448   0.14613 
0.000425876   0.146076
0.000433468   0.146023
0.000441227   0.14597 
0.000449158   0.145917
0.000457265   0.145865
0.000465552   0.145813
0.000474025   0.145761
0.000482689   0.145709
0.000491549   0.145658
0.000500609   0.145606
0.000509876   0.145555
0.000519356   0.145505
0.000529053   0.145454
0.000538974   0.145404
0.000549125   0.145354
0.000559513   0.145304
0.000570143   0.145255
0.000581024   0.145206
0.000592161   0.145157
0.000603563   0.145108
0.000615236   0.145059
0.000627189   0.145011
0.000639429   0.144963
0.000651964   0.144915
0.000664804   0.144868
0.000677957   0.144821
0.000691432   0.144774
0.000705238   0.144727
0.000719386   0.14468 
0.000733885   0.144634
0.000748747   0.144588
0.00076398   0.144542 
0.000779598   0.144497
0.000795611   0.144451
0.000812032   0.144406
0.000828872   0.144361
0.000846145   0.144317
0.000863865   0.144272
0.000882043   0.144228
0.000900696   0.144184
0.000919838   0.144141
0.000939484   0.144097
0.00095965   0.144054 
0.000980352   0.144011
0.00100161   0.143969
0.00102344   0.143926
0.00104585   0.143884
0.00106888   0.143842
0.00109253   0.143801
0.00111684   0.143759
0.00114181   0.143718
0.00116748   0.143677
0.00119386   0.143636
0.00122098   0.143596
0.00124887   0.143555
0.00127754   0.143515
0.00130703   0.143476
0.00133737   0.143436
0.00136858   0.143397
0.0014007   0.143358 
0.00143375   0.143319
0.00146776   0.14328 
0.00150278   0.143242
0.00153884   0.143204
0.00157597   0.143166
0.00161421   0.143128
0.0016536   0.143091 
0.00169419   0.143054
0.00173601   0.143017
0.00177912   0.14298 
0.00182355   0.142944
0.00186936   0.142908
0.00191661   0.142872
0.00196533   0.142836
0.00201559   0.1428  
0.00206745   0.142765
0.00212097   0.14273 
0.0021762   0.142695 
0.00223323   0.142661
0.00229211   0.142626
0.00235291   0.142592
0.00241573   0.142558
0.00248062   0.142525
0.00254768   0.142491
0.002617   0.142458  
0.00268865   0.142425
0.00276275   0.142393
0.00283938   0.14236 
0.00291865   0.142328
0.00300068   0.142296
0.00308557   0.142264
0.00317344   0.142233
0.00326443   0.142201
0.00335866   0.14217 
0.00345627   0.14214 
0.0035574   0.142109 
0.00366222   0.142079
0.00377087   0.142049
0.00388354   0.142019
0.00400039   0.141989
0.00412161   0.14196 
0.00424739   0.14193 
0.00437795   0.141901
0.00451351   0.141873
0.00465428   0.141844
0.00480051   0.141816
0.00495246   0.141788
0.00511038   0.14176 
0.00527458   0.141733
0.00544533   0.141705
0.00562296   0.141678
0.0058078   0.141651 
0.00600019   0.141625
0.00620052   0.141598
0.00640916   0.141572
0.00662654   0.141546
0.0068531   0.14152  
0.00708929   0.141495
0.00733561   0.141469
0.00759258   0.141444
0.00786075   0.14142 
0.0081407   0.141395 
0.00843306   0.141371
0.00873849   0.141346
0.00905769   0.141323
0.00939139   0.141299
0.0097404   0.141275
0.0101055   0.141252
0.0104877   0.141229
0.0108879   0.141206
0.0113071   0.141184
0.0117463   0.141161
0.0122069   0.141139
0.0126898   0.141118
0.0131966   0.141096
0.0137286   0.141074
0.0142872   0.141053
0.0148741   0.141032
0.0154911   0.141012
0.0161399   0.140991
0.0168226   0.140971
0.0175412   0.140951
0.018298   0.140931 
0.0190955   0.140911
0.0199362   0.140892
0.020823   0.140873 
0.0217589   0.140854
0.0227472   0.140835
0.0237914   0.140816
0.0248953   0.140798
0.0260629   0.14078 
0.0272988   0.140762
0.0286076   0.140745
0.0299945   0.140727
0.0314651   0.14071 
0.0330255   0.140693
0.0346823   0.140676
0.0364425   0.14066 
0.038314   0.140643 
0.0403051   0.140627
0.0424251   0.140611
0.0446839   0.140596
0.0470925   0.14058 
0.0496627   0.140565
0.0524076   0.14055 
0.0553414   0.140535
0.0584796   0.140521
0.0618394   0.140506
0.0654396   0.140492
0.0693007   0.140478
0.0734455   0.140465
0.0778989   0.140451
0.0826885   0.140438
0.0878448   0.140425
0.0934013   0.140412
0.0993955   0.1404 
0.105868   0.140387
0.112866   0.140375
0.12044   0.140363 
0.128646   0.140351
0.137549   0.14034 
0.147218   0.140328
0.157733   0.140317
0.169183   0.140306
0.181668   0.140296
0.1953   0.140285  
0.210204   0.140275
0.226525   0.140265
0.244422   0.140255
0.264079   0.140245
0.285703   0.140236
0.309531   0.140226
0.335832   0.140217
0.364913   0.140209
0.397128   0.1402  
0.432881   0.140191
0.472638   0.140183
0.516939   0.140175
0.566404   0.140167
0.621758   0.14016 
0.68384   0.140152 
0.753632   0.140145
0.832283   0.140138
0.921141   0.140131
1   0.140126
