0 0 1
0.001 0.001 1
0.002 0.002 0.999998
0.003 0.003 0.999996
0.004 0.00399999 0.999992
0.005 0.00499998 0.999988
0.006 0.00599996 0.999982
0.007 0.00699994 0.999976
0.008 0.00799991 0.999968
0.009 0.00899988 0.99996
0.01 0.00999983 0.99995
0.011 0.0109998 0.99994
0.012 0.0119997 0.999928
0.013 0.0129996 0.999916
0.014 0.0139995 0.999902
0.015 0.0149994 0.999888
0.016 0.0159993 0.999872
0.017 0.0169992 0.999856
0.018 0.017999 0.999838
0.019 0.0189989 0.99982
0.02 0.0199987 0.9998
0.021 0.0209985 0.99978
0.022 0.0219982 0.999758
0.023 0.022998 0.999736
0.024 0.0239977 0.999712
0.025 0.0249974 0.999688
0.026 0.0259971 0.999662
0.027 0.0269967 0.999636
0.028 0.0279963 0.999608
0.029 0.0289959 0.99958
0.03 0.0299955 0.99955
0.031 0.030995 0.99952
0.032 0.0319945 0.999488
0.033 0.032994 0.999456
0.034 0.0339934 0.999422
0.035 0.0349929 0.999388
0.036 0.0359922 0.999352
0.037 0.0369916 0.999316
0.038 0.0379909 0.999278
0.039 0.0389901 0.99924
0.04 0.0399893 0.9992
0.041 0.0409885 0.99916
0.042 0.0419877 0.999118
0.043 0.0429868 0.999076
0.044 0.0439858 0.999032
0.045 0.0449848 0.998988
0.046 0.0459838 0.998942
0.047 0.0469827 0.998896
0.048 0.0479816 0.998848
0.049 0.0489804 0.9988
0.05 0.0499792 0.99875
0.051 0.0509779 0.9987
0.052 0.0519766 0.998648
0.053 0.0529752 0.998596
0.054 0.0539738 0.998542
0.055 0.0549723 0.998488
0.056 0.0559707 0.998432
0.057 0.0569691 0.998376
0.058 0.0579675 0.998318
0.059 0.0589658 0.99826
0.06 0.059964 0.998201
0.061 0.0609622 0.99814
0.062 0.0619603 0.998079
0.063 0.0629583 0.998016
0.064 0.0639563 0.997953
0.065 0.0649542 0.997888
0.066 0.0659521 0.997823
0.067 0.0669499 0.997756
0.068 0.0679476 0.997689
0.069 0.0689453 0.99762
0.07 0.0699428 0.997551
0.071 0.0709404 0.997481
0.072 0.0719378 0.997409
0.073 0.0729352 0.997337
0.074 0.0739325 0.997263
0.075 0.0749297 0.997189
0.076 0.0759269 0.997113
0.077 0.0769239 0.997037
0.078 0.0779209 0.99696
0.079 0.0789179 0.996881
0.08 0.0799147 0.996802
0.081 0.0809115 0.996721
0.082 0.0819081 0.99664
0.083 0.0829047 0.996557
0.084 0.0839013 0.996474
0.085 0.0848977 0.99639
0.086 0.085894 0.996304
0.087 0.0868903 0.996218
0.088 0.0878865 0.99613
0.089 0.0888826 0.996042
0.09 0.0898785 0.995953
0.091 0.0908745 0.995862
0.092 0.0918703 0.995771
0.093 0.092866 0.995679
0.094 0.0938616 0.995585
0.095 0.0948572 0.995491
0.096 0.0958526 0.995396
0.097 0.096848 0.995299
0.098 0.0978432 0.995202
0.099 0.0988384 0.995104
0.1 0.0998334 0.995004
0.101 0.100828 0.994904
0.102 0.101823 0.994803
0.103 0.102818 0.9947
0.104 0.103813 0.994597
0.105 0.104807 0.994493
0.106 0.105802 0.994387
0.107 0.106796 0.994281
0.108 0.10779 0.994174
0.109 0.108784 0.994065
0.11 0.109778 0.993956
0.111 0.110772 0.993846
0.112 0.111766 0.993735
0.113 0.11276 0.993622
0.114 0.113753 0.993509
0.115 0.114747 0.993395
0.116 0.11574 0.99328
0.117 0.116733 0.993163
0.118 0.117726 0.993046
0.119 0.118719 0.992928
0.12 0.119712 0.992809
0.121 0.120705 0.992688
0.122 0.121698 0.992567
0.123 0.12269 0.992445
0.124 0.123682 0.992322
0.125 0.124675 0.992198
0.126 0.125667 0.992072
0.127 0.126659 0.991946
0.128 0.127651 0.991819
0.129 0.128643 0.991691
0.13 0.129634 0.991562
0.131 0.130626 0.991432
0.132 0.131617 0.991301
0.133 0.132608 0.991169
0.134 0.133599 0.991035
0.135 0.13459 0.990901
0.136 0.135581 0.990766
0.137 0.136572 0.99063
0.138 0.137562 0.990493
0.139 0.138553 0.990355
0.14 0.139543 0.990216
0.141 0.140533 0.990076
0.142 0.141523 0.989935
0.143 0.142513 0.989793
0.144 0.143503 0.98965
0.145 0.144492 0.989506
0.146 0.145482 0.989361
0.147 0.146471 0.989215
0.148 0.14746 0.989068
0.149 0.148449 0.98892
0.15 0.149438 0.988771
0.151 0.150427 0.988621
0.152 0.151415 0.98847
0.153 0.152404 0.988318
0.154 0.153392 0.988165
0.155 0.15438 0.988012
0.156 0.155368 0.987857
0.157 0.156356 0.987701
0.158 0.157343 0.987544
0.159 0.158331 0.987386
0.16 0.159318 0.987227
0.161 0.160305 0.987067
0.162 0.161292 0.986907
0.163 0.162279 0.986745
0.164 0.163266 0.986582
0.165 0.164252 0.986418
0.166 0.165239 0.986254
0.167 0.166225 0.986088
0.168 0.167211 0.985921
0.169 0.168197 0.985753
0.17 0.169182 0.985585
0.171 0.170168 0.985415
0.172 0.171153 0.985244
0.173 0.172138 0.985073
0.174 0.173123 0.9849
0.175 0.174108 0.984727
0.176 0.175093 0.984552
0.177 0.176077 0.984376
0.178 0.177062 0.9842
0.179 0.178046 0.984022
0.18 0.17903 0.983844
0.181 0.180013 0.983664
0.182 0.180997 0.983484
0.183 0.18198 0.983302
0.184 0.182964 0.98312
0.185 0.183947 0.982936
0.186 0.184929 0.982752
0.187 0.185912 0.982566
0.188 0.186895 0.98238
0.189 0.187877 0.982193
0.19 0.188859 0.982004
0.191 0.189841 0.981815
0.192 0.190823 0.981625
0.193 0.191804 0.981433
0.194 0.192785 0.981241
0.195 0.193767 0.981048
0.196 0.194747 0.980853
0.197 0.195728 0.980658
0.198 0.196709 0.980462
0.199 0.197689 0.980265
0.2 0.198669 0.980067
0.201 0.199649 0.979867
0.202 0.200629 0.979667
0.203 0.201609 0.979466
0.204 0.202588 0.979264
0.205 0.203567 0.979061
0.206 0.204546 0.978857
0.207 0.205525 0.978652
0.208 0.206503 0.978446
0.209 0.207482 0.978239
0.21 0.20846 0.978031
0.211 0.209438 0.977822
0.212 0.210416 0.977612
0.213 0.211393 0.977401
0.214 0.21237 0.977189
0.215 0.213347 0.976976
0.216 0.214324 0.976763
0.217 0.215301 0.976548
0.218 0.216277 0.976332
0.219 0.217254 0.976115
0.22 0.21823 0.975897
0.221 0.219205 0.975679
0.222 0.220181 0.975459
0.223 0.221156 0.975238
0.224 0.222131 0.975017
0.225 0.223106 0.974794
0.226 0.224081 0.974571
0.227 0.225056 0.974346
0.228 0.22603 0.97412
0.229 0.227004 0.973894
0.23 0.227978 0.973666
0.231 0.228951 0.973438
0.232 0.229924 0.973208
0.233 0.230897 0.972978
0.234 0.23187 0.972747
0.235 0.232843 0.972514
0.236 0.233815 0.972281
0.237 0.234788 0.972047
0.238 0.235759 0.971811
0.239 0.236731 0.971575
0.24 0.237703 0.971338
0.241 0.238674 0.9711
0.242 0.239645 0.970861
0.243 0.240616 0.97062
0.244 0.241586 0.970379
0.245 0.242556 0.970137
0.246 0.243526 0.969894
0.247 0.244496 0.96965
0.248 0.245466 0.969405
0.249 0.246435 0.969159
0.25 0.247404 0.968912
0.251 0.248373 0.968665
0.252 0.249341 0.968416
0.253 0.25031 0.968166
0.254 0.251278 0.967915
0.255 0.252245 0.967663
0.256 0.253213 0.967411
0.257 0.25418 0.967157
0.258 0.255147 0.966902
0.259 0.256114 0.966647
0.26 0.257081 0.96639
0.261 0.258047 0.966132
0.262 0.259013 0.965874
0.263 0.259979 0.965614
0.264 0.260944 0.965354
0.265 0.261909 0.965093
0.266 0.262874 0.96483
0.267 0.263839 0.964567
0.268 0.264803 0.964302
0.269 0.265768 0.964037
0.27 0.266731 0.963771
0.271 0.267695 0.963504
0.272 0.268658 0.963236
0.273 0.269622 0.962966
0.274 0.270584 0.962696
0.275 0.271547 0.962425
0.276 0.272509 0.962153
0.277 0.273471 0.96188
0.278 0.274433 0.961606
0.279 0.275394 0.961331
0.28 0.276356 0.961055
0.281 0.277317 0.960779
0.282 0.278277 0.960501
0.283 0.279238 0.960222
0.284 0.280198 0.959942
0.285 0.281157 0.959662
0.286 0.282117 0.95938
0.287 0.283076 0.959097
0.288 0.284035 0.958814
0.289 0.284994 0.958529
0.29 0.285952 0.958244
0.291 0.28691 0.957957
0.292 0.287868 0.95767
0.293 0.288826 0.957382
0.294 0.289783 0.957092
0.295 0.29074 0.956802
0.296 0.291697 0.956511
0.297 0.292653 0.956219
0.298 0.293609 0.955926
0.299 0.294565 0.955632
0.3 0.29552 0.955336
0.301 0.296475 0.95504
0.302 0.29743 0.954744
0.303 0.298385 0.954446
0.304 0.299339 0.954147
0.305 0.300293 0.953847
0.306 0.301247 0.953546
0.307 0.3022 0.953244
0.308 0.303153 0.952942
0.309 0.304106 0.952638
0.31 0.305059 0.952334
0.311 0.306011 0.952028
0.312 0.306963 0.951722
0.313 0.307914 0.951414
0.314 0.308866 0.951106
0.315 0.309816 0.950796
0.316 0.310767 0.950486
0.317 0.311717 0.950175
0.318 0.312667 0.949863
0.319 0.313617 0.94955
0.32 0.314567 0.949235
0.321 0.315516 0.94892
0.322 0.316464 0.948604
0.323 0.317413 0.948287
0.324 0.318361 0.94797
0.325 0.319309 0.947651
0.326 0.320256 0.947331
0.327 0.321203 0.94701
0.328 0.32215 0.946689
0.329 0.323097 0.946366
0.33 0.324043 0.946042
0.331 0.324989 0.945718
0.332 0.325934 0.945392
0.333 0.32688 0.945066
0.334 0.327825 0.944739
0.335 0.328769 0.94441
0.336 0.329713 0.944081
0.337 0.330657 0.943751
0.338 0.331601 0.94342
0.339 0.332544 0.943088
0.34 0.333487 0.942755
0.341 0.33443 0.942421
0.342 0.335372 0.942086
0.343 0.336314 0.94175
0.344 0.337255 0.941413
0.345 0.338197 0.941075
0.346 0.339138 0.940737
0.347 0.340078 0.940397
0.348 0.341018 0.940057
0.349 0.341958 0.939715
0.35 0.342898 0.939373
0.351 0.343837 0.939029
0.352 0.344776 0.938685
0.353 0.345714 0.93834
0.354 0.346653 0.937994
0.355 0.34759 0.937646
0.356 0.348528 0.937298
0.357 0.349465 0.936949
0.358 0.350402 0.936599
0.359 0.351338 0.936249
0.36 0.352274 0.935897
0.361 0.35321 0.935544
0.362 0.354145 0.93519
0.363 0.35508 0.934836
0.364 0.356015 0.93448
0.365 0.356949 0.934124
0.366 0.357883 0.933766
0.367 0.358817 0.933408
0.368 0.35975 0.933049
0.369 0.360683 0.932688
0.37 0.361615 0.932327
0.371 0.362548 0.931965
0.372 0.363479 0.931602
0.373 0.364411 0.931238
0.374 0.365342 0.930873
0.375 0.366273 0.930508
0.376 0.367203 0.930141
0.377 0.368133 0.929773
0.378 0.369062 0.929405
0.379 0.369992 0.929035
0.38 0.37092 0.928665
0.381 0.371849 0.928293
0.382 0.372777 0.927921
0.383 0.373705 0.927548
0.384 0.374632 0.927174
0.385 0.375559 0.926798
0.386 0.376486 0.926422
0.387 0.377412 0.926045
0.388 0.378338 0.925668
0.389 0.379263 0.925289
0.39 0.380188 0.924909
0.391 0.381113 0.924528
0.392 0.382037 0.924147
0.393 0.382961 0.923764
0.394 0.383885 0.923381
0.395 0.384808 0.922997
0.396 0.385731 0.922611
0.397 0.386653 0.922225
0.398 0.387575 0.921838
0.399 0.388497 0.92145
0.4 0.389418 0.921061
0.401 0.390339 0.920671
0.402 0.39126 0.92028
0.403 0.39218 0.919889
0.404 0.393099 0.919496
0.405 0.394019 0.919102
0.406 0.394938 0.918708
0.407 0.395856 0.918313
0.408 0.396774 0.917916
0.409 0.397692 0.917519
0.41 0.398609 0.917121
0.411 0.399526 0.916722
0.412 0.400443 0.916322
0.413 0.401359 0.915921
0.414 0.402275 0.915519
0.415 0.40319 0.915116
0.416 0.404105 0.914713
0.417 0.405019 0.914308
0.418 0.405933 0.913903
0.419 0.406847 0.913496
0.42 0.40776 0.913089
0.421 0.408673 0.912681
0.422 0.409586 0.912272
0.423 0.410498 0.911862
0.424 0.41141 0.911451
0.425 0.412321 0.911039
0.426 0.413232 0.910626
0.427 0.414142 0.910212
0.428 0.415052 0.909798
0.429 0.415962 0.909382
0.43 0.416871 0.908966
0.431 0.41778 0.908548
0.432 0.418688 0.90813
0.433 0.419596 0.907711
0.434 0.420503 0.907291
0.435 0.42141 0.90687
0.436 0.422317 0.906448
0.437 0.423223 0.906025
0.438 0.424129 0.905602
0.439 0.425035 0.905177
0.44 0.425939 0.904752
0.441 0.426844 0.904325
0.442 0.427748 0.903898
0.443 0.428652 0.90347
0.444 0.429555 0.903041
0.445 0.430458 0.902611
0.446 0.43136 0.90218
0.447 0.432262 0.901748
0.448 0.433164 0.901315
0.449 0.434065 0.900882
0.45 0.434966 0.900447
0.451 0.435866 0.900012
0.452 0.436766 0.899575
0.453 0.437665 0.899138
0.454 0.438564 0.8987
0.455 0.439462 0.898261
0.456 0.44036 0.897821
0.457 0.441258 0.89738
0.458 0.442155 0.896939
0.459 0.443052 0.896496
0.46 0.443948 0.896052
0.461 0.444844 0.895608
0.462 0.445739 0.895163
0.463 0.446634 0.894717
0.464 0.447529 0.89427
0.465 0.448423 0.893822
0.466 0.449316 0.893373
0.467 0.45021 0.892923
0.468 0.451102 0.892472
0.469 0.451994 0.892021
0.47 0.452886 0.891568
0.471 0.453778 0.891115
0.472 0.454669 0.890661
0.473 0.455559 0.890206
0.474 0.456449 0.88975
0.475 0.457338 0.889293
0.476 0.458228 0.888835
0.477 0.459116 0.888376
0.478 0.460004 0.887917
0.479 0.460892 0.887456
0.48 0.461779 0.886995
0.481 0.462666 0.886533
0.482 0.463552 0.88607
0.483 0.464438 0.885606
0.484 0.465323 0.885141
0.485 0.466208 0.884675
0.486 0.467093 0.884208
0.487 0.467977 0.883741
0.488 0.46886 0.883272
0.489 0.469743 0.882803
0.49 0.470626 0.882333
0.491 0.471508 0.881862
0.492 0.47239 0.88139
0.493 0.473271 0.880917
0.494 0.474151 0.880443
0.495 0.475032 0.879969
0.496 0.475911 0.879493
0.497 0.476791 0.879017
0.498 0.477669 0.87854
0.499 0.478548 0.878062
0.5 0.479426 0.877583
0.501 0.480303 0.877103
0.502 0.48118 0.876622
0.503 0.482056 0.87614
0.504 0.482932 0.875658
0.505 0.483807 0.875174
0.506 0.484682 0.87469
0.507 0.485557 0.874205
0.508 0.486431 0.873719
0.509 0.487304 0.873232
0.51 0.488177 0.872745
0.511 0.48905 0.872256
0.512 0.489922 0.871766
0.513 0.490793 0.871276
0.514 0.491664 0.870785
0.515 0.492535 0.870293
0.516 0.493405 0.8698
0.517 0.494274 0.869306
0.518 0.495144 0.868811
0.519 0.496012 0.868316
0.52 0.49688 0.867819
0.521 0.497748 0.867322
0.522 0.498615 0.866824
0.523 0.499481 0.866325
0.524 0.500347 0.865825
0.525 0.501213 0.865324
0.526 0.502078 0.864822
0.527 0.502943 0.86432
0.528 0.503807 0.863816
0.529 0.50467 0.863312
0.53 0.505533 0.862807
0.531 0.506396 0.862301
0.532 0.507258 0.861794
0.533 0.508119 0.861287
0.534 0.508981 0.860778
0.535 0.509841 0.860269
0.536 0.510701 0.859758
0.537 0.511561 0.859247
0.538 0.51242 0.858735
0.539 0.513278 0.858222
0.54 0.514136 0.857709
0.541 0.514993 0.857194
0.542 0.51585 0.856679
0.543 0.516707 0.856162
0.544 0.517563 0.855645
0.545 0.518418 0.855127
0.546 0.519273 0.854608
0.547 0.520127 0.854089
0.548 0.520981 0.853568
0.549 0.521834 0.853047
0.55 0.522687 0.852525
0.551 0.523539 0.852001
0.552 0.524391 0.851477
0.553 0.525242 0.850953
0.554 0.526093 0.850427
0.555 0.526943 0.8499
0.556 0.527793 0.849373
0.557 0.528642 0.848845
0.558 0.529491 0.848316
0.559 0.530339 0.847786
0.56 0.531186 0.847255
0.561 0.532033 0.846724
0.562 0.53288 0.846191
0.563 0.533726 0.845658
0.564 0.534571 0.845124
0.565 0.535416 0.844589
0.566 0.53626 0.844053
0.567 0.537104 0.843516
0.568 0.537947 0.842979
0.569 0.53879 0.84244
0.57 0.539632 0.841901
0.571 0.540474 0.841361
0.572 0.541315 0.84082
0.573 0.542155 0.840278
0.574 0.542995 0.839736
0.575 0.543835 0.839192
0.576 0.544674 0.838648
0.577 0.545512 0.838103
0.578 0.54635 0.837557
0.579 0.547187 0.83701
0.58 0.548024 0.836463
0.581 0.54886 0.835914
0.582 0.549696 0.835365
0.583 0.550531 0.834815
0.584 0.551365 0.834264
0.585 0.552199 0.833712
0.586 0.553033 0.833159
0.587 0.553866 0.832606
0.588 0.554698 0.832052
0.589 0.55553 0.831497
0.59 0.556361 0.830941
0.591 0.557192 0.830384
0.592 0.558022 0.829826
0.593 0.558851 0.829268
0.594 0.55968 0.828709
0.595 0.560509 0.828148
0.596 0.561337 0.827588
0.597 0.562164 0.827026
0.598 0.562991 0.826463
0.599 0.563817 0.8259
0.6 0.564642 0.825336
0.601 0.565468 0.824771
0.602 0.566292 0.824205
0.603 0.567116 0.823638
0.604 0.567939 0.82307
0.605 0.568762 0.822502
0.606 0.569584 0.821933
0.607 0.570406 0.821363
0.608 0.571227 0.820792
0.609 0.572048 0.82022
0.61 0.572867 0.819648
0.611 0.573687 0.819075
0.612 0.574506 0.818501
0.613 0.575324 0.817926
0.614 0.576141 0.81735
0.615 0.576959 0.816773
0.616 0.577775 0.816196
0.617 0.578591 0.815618
0.618 0.579406 0.815039
0.619 0.580221 0.814459
0.62 0.581035 0.813878
0.621 0.581849 0.813297
0.622 0.582662 0.812715
0.623 0.583474 0.812132
0.624 0.584286 0.811548
0.625 0.585097 0.810963
0.626 0.585908 0.810378
0.627 0.586718 0.809791
0.628 0.587528 0.809204
0.629 0.588336 0.808616
0.63 0.589145 0.808028
0.631 0.589952 0.807438
0.632 0.59076 0.806848
0.633 0.591566 0.806256
0.634 0.592372 0.805664
0.635 0.593178 0.805072
0.636 0.593982 0.804478
0.637 0.594786 0.803884
0.638 0.59559 0.803289
0.639 0.596393 0.802693
0.64 0.597195 0.802096
0.641 0.597997 0.801498
0.642 0.598798 0.8009
0.643 0.599599 0.800301
0.644 0.600399 0.799701
0.645 0.601198 0.7991
0.646 0.601997 0.798498
0.647 0.602795 0.797896
0.648 0.603593 0.797293
0.649 0.60439 0.796689
0.65 0.605186 0.796084
0.651 0.605982 0.795478
0.652 0.606777 0.794872
0.653 0.607572 0.794265
0.654 0.608366 0.793657
0.655 0.609159 0.793048
0.656 0.609952 0.792438
0.657 0.610744 0.791828
0.658 0.611536 0.791217
0.659 0.612327 0.790605
0.66 0.613117 0.789992
0.661 0.613907 0.789379
0.662 0.614696 0.788764
0.663 0.615484 0.788149
0.664 0.616272 0.787533
0.665 0.617059 0.786917
0.666 0.617846 0.786299
0.667 0.618632 0.785681
0.668 0.619417 0.785062
0.669 0.620202 0.784442
0.67 0.620986 0.783822
0.671 0.621769 0.7832
0.672 0.622552 0.782578
0.673 0.623335 0.781955
0.674 0.624116 0.781331
0.675 0.624897 0.780707
0.676 0.625678 0.780082
0.677 0.626457 0.779456
0.678 0.627237 0.778829
0.679 0.628015 0.778201
0.68 0.628793 0.777573
0.681 0.62957 0.776944
0.682 0.630347 0.776314
0.683 0.631123 0.775683
0.684 0.631898 0.775051
0.685 0.632673 0.774419
0.686 0.633447 0.773786
0.687 0.634221 0.773152
0.688 0.634993 0.772518
0.689 0.635766 0.771882
0.69 0.636537 0.771246
0.691 0.637308 0.770609
0.692 0.638078 0.769971
0.693 0.638848 0.769333
0.694 0.639617 0.768694
0.695 0.640385 0.768054
0.696 0.641153 0.767413
0.697 0.64192 0.766771
0.698 0.642687 0.766129
0.699 0.643453 0.765486
0.7 0.644218 0.764842
0.701 0.644982 0.764198
0.702 0.645746 0.763552
0.703 0.646509 0.762906
0.704 0.647272 0.762259
0.705 0.648034 0.761612
0.706 0.648795 0.760963
0.707 0.649556 0.760314
0.708 0.650316 0.759664
0.709 0.651075 0.759013
0.71 0.651834 0.758362
0.711 0.652592 0.75771
0.712 0.653349 0.757057
0.713 0.654106 0.756403
0.714 0.654862 0.755748
0.715 0.655617 0.755093
0.716 0.656372 0.754437
0.717 0.657126 0.75378
0.718 0.65788 0.753123
0.719 0.658633 0.752465
0.72 0.659385 0.751806
0.721 0.660136 0.751146
0.722 0.660887 0.750485
0.723 0.661637 0.749824
0.724 0.662387 0.749162
0.725 0.663135 0.748499
0.726 0.663884 0.747836
0.727 0.664631 0.747172
0.728 0.665378 0.746507
0.729 0.666124 0.745841
0.73 0.66687 0.745174
0.731 0.667614 0.744507
0.732 0.668359 0.743839
0.733 0.669102 0.74317
0.734 0.669845 0.742501
0.735 0.670587 0.741831
0.736 0.671329 0.74116
0.737 0.672069 0.740488
0.738 0.67281 0.739816
0.739 0.673549 0.739142
0.74 0.674288 0.738469
0.741 0.675026 0.737794
0.742 0.675763 0.737119
0.743 0.6765 0.736442
0.744 0.677236 0.735766
0.745 0.677972 0.735088
0.746 0.678707 0.73441
0.747 0.679441 0.73373
0.748 0.680174 0.733051
0.749 0.680907 0.73237
0.75 0.681639 0.731689
0.751 0.68237 0.731007
0.752 0.683101 0.730324
0.753 0.683831 0.729641
0.754 0.68456 0.728956
0.755 0.685289 0.728272
0.756 0.686017 0.727586
0.757 0.686744 0.7269
0.758 0.68747 0.726212
0.759 0.688196 0.725525
0.76 0.688921 0.724836
0.761 0.689646 0.724147
0.762 0.69037 0.723457
0.763 0.691093 0.722766
0.764 0.691815 0.722075
0.765 0.692537 0.721382
0.766 0.693258 0.720689
0.767 0.693978 0.719996
0.768 0.694698 0.719302
0.769 0.695417 0.718606
0.77 0.696135 0.717911
0.771 0.696853 0.717214
0.772 0.69757 0.716517
0.773 0.698286 0.715819
0.774 0.699001 0.71512
0.775 0.699716 0.714421
0.776 0.70043 0.713721
0.777 0.701144 0.71302
0.778 0.701856 0.712319
0.779 0.702568 0.711616
0.78 0.703279 0.710914
0.781 0.70399 0.71021
0.782 0.7047 0.709506
0.783 0.705409 0.708801
0.784 0.706117 0.708095
0.785 0.706825 0.707388
0.786 0.707532 0.706681
0.787 0.708239 0.705973
0.788 0.708944 0.705265
0.789 0.709649 0.704555
0.79 0.710353 0.703845
0.791 0.711057 0.703135
0.792 0.71176 0.702423
0.793 0.712462 0.701711
0.794 0.713163 0.700998
0.795 0.713864 0.700285
0.796 0.714564 0.699571
0.797 0.715263 0.698856
0.798 0.715961 0.69814
0.799 0.716659 0.697424
0.8 0.717356 0.696707
0.801 0.718052 0.695989
0.802 0.718748 0.695271
0.803 0.719443 0.694552
0.804 0.720137 0.693832
0.805 0.720831 0.693111
0.806 0.721523 0.69239
0.807 0.722215 0.691668
0.808 0.722907 0.690946
0.809 0.723597 0.690222
0.81 0.724287 0.689498
0.811 0.724976 0.688774
0.812 0.725665 0.688048
0.813 0.726352 0.687322
0.814 0.727039 0.686596
0.815 0.727726 0.685868
0.816 0.728411 0.68514
0.817 0.729096 0.684412
0.818 0.72978 0.683682
0.819 0.730463 0.682952
0.82 0.731146 0.682221
0.821 0.731828 0.68149
0.822 0.732509 0.680758
0.823 0.733189 0.680025
0.824 0.733869 0.679291
0.825 0.734548 0.678557
0.826 0.735226 0.677822
0.827 0.735903 0.677087
0.828 0.73658 0.67635
0.829 0.737256 0.675613
0.83 0.737931 0.674876
0.831 0.738606 0.674137
0.832 0.73928 0.673399
0.833 0.739953 0.672659
0.834 0.740625 0.671919
0.835 0.741297 0.671178
0.836 0.741967 0.670436
0.837 0.742637 0.669694
0.838 0.743307 0.668951
0.839 0.743975 0.668207
0.84 0.744643 0.667463
0.841 0.74531 0.666718
0.842 0.745977 0.665972
0.843 0.746642 0.665226
0.844 0.747307 0.664479
0.845 0.747971 0.663731
0.846 0.748634 0.662983
0.847 0.749297 0.662234
0.848 0.749959 0.661484
0.849 0.75062 0.660734
0.85 0.75128 0.659983
0.851 0.75194 0.659232
0.852 0.752599 0.658479
0.853 0.753257 0.657726
0.854 0.753914 0.656973
0.855 0.754571 0.656219
0.856 0.755227 0.655464
0.857 0.755882 0.654708
0.858 0.756536 0.653952
0.859 0.75719 0.653195
0.86 0.757843 0.652437
0.861 0.758495 0.651679
0.862 0.759146 0.65092
0.863 0.759796 0.650161
0.864 0.760446 0.649401
0.865 0.761095 0.64864
0.866 0.761744 0.647879
0.867 0.762391 0.647117
0.868 0.763038 0.646354
0.869 0.763684 0.645591
0.87 0.764329 0.644827
0.871 0.764973 0.644062
0.872 0.765617 0.643297
0.873 0.76626 0.642531
0.874 0.766902 0.641764
0.875 0.767544 0.640997
0.876 0.768184 0.640229
0.877 0.768824 0.63946
0.878 0.769463 0.638691
0.879 0.770101 0.637922
0.88 0.770739 0.637151
0.881 0.771376 0.63638
0.882 0.772012 0.635608
0.883 0.772647 0.634836
0.884 0.773281 0.634063
0.885 0.773915 0.63329
0.886 0.774548 0.632515
0.887 0.77518 0.63174
0.888 0.775811 0.630965
0.889 0.776442 0.630189
0.89 0.777072 0.629412
0.891 0.777701 0.628635
0.892 0.778329 0.627857
0.893 0.778956 0.627078
0.894 0.779583 0.626299
0.895 0.780209 0.625519
0.896 0.780834 0.624738
0.897 0.781459 0.623957
0.898 0.782082 0.623175
0.899 0.782705 0.622393
0.9 0.783327 0.62161
0.901 0.783948 0.620826
0.902 0.784569 0.620042
0.903 0.785188 0.619257
0.904 0.785807 0.618472
0.905 0.786425 0.617686
0.906 0.787042 0.616899
0.907 0.787659 0.616111
0.908 0.788275 0.615324
0.909 0.78889 0.614535
0.91 0.789504 0.613746
0.911 0.790117 0.612956
0.912 0.79073 0.612166
0.913 0.791341 0.611374
0.914 0.791952 0.610583
0.915 0.792563 0.609791
0.916 0.793172 0.608998
0.917 0.793781 0.608204
0.918 0.794388 0.60741
0.919 0.794995 0.606615
0.92 0.795602 0.60582
0.921 0.796207 0.605024
0.922 0.796812 0.604228
0.923 0.797415 0.603431
0.924 0.798019 0.602633
0.925 0.798621 0.601835
0.926 0.799222 0.601036
0.927 0.799823 0.600236
0.928 0.800423 0.599436
0.929 0.801022 0.598635
0.93 0.80162 0.597834
0.931 0.802217 0.597032
0.932 0.802814 0.59623
0.933 0.80341 0.595426
0.934 0.804005 0.594623
0.935 0.804599 0.593818
0.936 0.805192 0.593014
0.937 0.805785 0.592208
0.938 0.806377 0.591402
0.939 0.806968 0.590595
0.94 0.807558 0.589788
0.941 0.808147 0.58898
0.942 0.808736 0.588172
0.943 0.809324 0.587363
0.944 0.809911 0.586553
0.945 0.810497 0.585743
0.946 0.811082 0.584932
0.947 0.811667 0.584121
0.948 0.812251 0.583309
0.949 0.812833 0.582496
0.95 0.813416 0.581683
0.951 0.813997 0.580869
0.952 0.814577 0.580055
0.953 0.815157 0.57924
0.954 0.815736 0.578425
0.955 0.816314 0.577609
0.956 0.816891 0.576792
0.957 0.817467 0.575975
0.958 0.818043 0.575157
0.959 0.818618 0.574339
0.96 0.819192 0.57352
0.961 0.819765 0.572701
0.962 0.820337 0.57188
0.963 0.820908 0.57106
0.964 0.821479 0.570239
0.965 0.822049 0.569417
0.966 0.822618 0.568595
0.967 0.823186 0.567772
0.968 0.823753 0.566948
0.969 0.82432 0.566124
0.97 0.824886 0.5653
0.971 0.825451 0.564474
0.972 0.826015 0.563649
0.973 0.826578 0.562822
0.974 0.82714 0.561995
0.975 0.827702 0.561168
0.976 0.828263 0.56034
0.977 0.828823 0.559512
0.978 0.829382 0.558682
0.979 0.82994 0.557853
0.98 0.830497 0.557023
0.981 0.831054 0.556192
0.982 0.83161 0.55536
0.983 0.832165 0.554529
0.984 0.832719 0.553696
0.985 0.833272 0.552863
0.986 0.833825 0.55203
0.987 0.834376 0.551195
0.988 0.834927 0.550361
0.989 0.835477 0.549526
0.99 0.836026 0.54869
0.991 0.836574 0.547854
0.992 0.837122 0.547017
0.993 0.837668 0.546179
0.994 0.838214 0.545341
0.995 0.838759 0.544503
0.996 0.839303 0.543664
0.997 0.839846 0.542824
0.998 0.840389 0.541984
0.999 0.84093 0.541144
1 0.841471 0.540302
