             0             0                       1    
             1             0                       1    
             2             3                       1    
             3             3                       1    
             4             3                       1    
             5             6                       1    
             6             6                       1    
            26            26                       1    
             7            26                       1    
             8             9                       1    
             9             9                       1    
            10             9                       1    
            11            12                       1    
            12            12                       1    
            13            12                       1    
            14            15                       1    
            15            15                       1    
            27            27                       1    
            16            27                       1    
            17            18                       1    
            18            18                       1    
            19            18                       1    
            20            21                       1    
            21            21                       1    
            22            21                       1    
            23            24                       1    
            24            24                       1    
