nNodes  nRegions
13366   2
node    region
1	1
2	1
3	1
4	1
5	1
6	1
7	1
8	1
9	1
10	1
11	1
12	1
13	1
14	1
15	1
16	1
17	1
18	1
19	1
20	1
21	1
22	1
23	1
24	1
25	1
26	1
27	1
28	1
29	1
30	1
31	1
32	1
33	1
34	1
35	1
36	1
37	1
38	1
39	1
40	1
41	1
42	1
43	1
44	1
45	1
46	1
47	1
48	1
49	1
50	1
51	1
52	1
53	1
54	1
55	1
56	1
57	1
58	1
59	1
60	1
61	1
62	1
63	1
64	1
65	1
66	1
67	1
68	1
69	1
70	1
71	1
72	1
73	1
74	1
75	1
76	1
77	1
78	1
79	1
80	1
81	1
82	1
83	1
84	1
85	1
86	1
87	1
88	1
89	1
90	1
91	1
92	1
93	1
94	1
95	1
96	1
97	1
98	1
99	1
100	1
101	1
102	1
103	1
104	1
105	1
106	1
107	1
108	1
109	1
110	1
111	1
112	1
113	1
114	1
115	1
116	1
117	1
118	1
119	1
120	1
121	1
122	1
123	1
124	1
125	1
126	1
127	1
128	1
129	1
130	1
131	1
132	1
133	1
134	1
135	1
136	1
137	1
138	1
139	1
140	1
141	1
142	1
143	1
144	1
145	1
146	1
147	1
148	1
149	1
150	1
151	1
152	1
153	1
154	1
155	1
156	1
157	1
158	1
159	1
160	1
161	1
162	1
163	1
164	1
165	1
166	1
167	1
168	1
169	1
170	1
171	1
172	1
173	1
174	1
175	1
176	1
177	1
178	1
179	1
180	1
181	1
182	1
183	1
184	1
185	1
186	1
187	1
188	1
189	1
190	1
191	1
192	1
193	1
194	1
195	1
196	1
197	1
198	1
199	1
200	1
201	1
202	1
203	1
204	1
205	1
206	1
207	1
208	1
209	1
210	1
211	1
212	1
213	1
214	1
215	1
216	1
217	1
218	1
219	1
220	1
221	1
222	1
223	1
224	1
225	1
226	1
227	1
228	1
229	1
230	1
231	1
232	1
233	1
234	1
235	1
236	1
237	1
238	1
239	1
240	1
241	1
242	1
243	1
244	1
245	1
246	1
247	1
248	1
249	1
250	1
251	1
252	1
253	1
254	1
255	1
256	1
257	1
258	1
259	1
260	1
261	1
262	1
263	1
264	1
265	1
266	1
267	1
268	1
269	1
270	1
271	1
272	1
273	1
274	1
275	1
276	1
277	1
278	1
279	1
280	1
281	1
282	1
283	1
284	1
285	1
286	1
287	1
288	1
289	1
290	1
291	1
292	1
293	1
294	1
295	1
296	1
297	1
298	1
299	1
300	1
301	1
302	1
303	1
304	1
305	1
306	1
307	1
308	1
309	1
310	1
311	1
312	1
313	1
314	1
315	1
316	1
317	1
318	1
319	1
320	1
321	1
322	1
323	1
324	1
325	1
326	1
327	1
328	1
329	1
330	1
331	1
332	1
333	1
334	1
335	1
336	1
337	1
338	1
339	1
340	1
341	1
342	1
343	1
344	1
345	1
346	1
347	1
348	1
349	1
350	1
351	1
352	1
353	1
354	1
355	1
356	1
357	1
358	1
359	1
360	1
361	1
362	1
363	1
364	1
365	1
366	1
367	1
368	1
369	1
370	1
371	1
372	1
373	1
374	1
375	1
376	1
377	1
378	1
379	1
380	1
381	1
382	1
383	1
384	1
385	1
386	1
387	1
388	1
389	1
390	1
391	1
392	1
393	1
394	1
395	1
396	1
397	1
398	1
399	1
400	1
401	1
402	1
403	1
404	1
405	1
406	1
407	1
408	1
409	1
410	1
411	1
412	1
413	1
414	1
415	1
416	1
417	1
418	1
419	1
420	1
421	1
422	1
423	1
424	1
425	1
426	1
427	1
428	1
429	1
430	1
431	1
432	1
433	1
434	1
435	1
436	1
437	1
438	1
439	1
440	1
441	1
442	1
443	1
444	1
445	1
446	1
447	1
448	1
449	1
450	1
451	1
452	1
453	1
454	1
455	1
456	1
457	1
458	1
459	1
460	1
461	1
462	1
463	1
464	1
465	1
466	1
467	1
468	1
469	1
470	1
471	1
472	1
473	1
474	1
475	1
476	1
477	1
478	1
479	1
480	1
481	1
482	1
483	1
484	1
485	1
486	1
487	1
488	1
489	1
490	1
491	1
492	1
493	1
494	1
495	1
496	1
497	1
498	1
499	1
500	1
501	1
502	1
503	1
504	1
505	1
506	1
507	1
508	1
509	1
510	1
511	1
512	1
513	1
514	1
515	1
516	1
517	1
518	1
519	1
520	1
521	1
522	1
523	1
524	1
525	1
526	1
527	1
528	1
529	1
530	1
531	1
532	1
533	1
534	1
535	1
536	1
537	1
538	1
539	1
540	1
541	1
542	1
543	1
544	1
545	1
546	1
547	1
548	1
549	1
550	1
551	1
552	1
553	1
554	1
555	1
556	1
557	1
558	1
559	1
560	1
561	1
562	1
563	1
564	1
565	1
566	1
567	1
568	1
569	1
570	1
571	1
572	1
573	1
574	1
575	1
576	1
577	1
578	1
579	1
580	1
581	1
582	1
583	1
584	1
585	1
586	1
587	1
588	1
589	1
590	1
591	1
592	1
593	1
594	1
595	1
596	1
597	1
598	1
599	1
600	1
601	1
602	1
603	1
604	1
605	1
606	1
607	1
608	1
609	1
610	1
611	1
612	1
613	1
614	1
615	1
616	1
617	1
618	1
619	1
620	1
621	1
622	1
623	1
624	1
625	1
626	1
627	1
628	1
629	1
630	1
631	1
632	1
633	1
634	1
635	1
636	1
637	1
638	1
639	1
640	1
641	1
642	1
643	1
644	1
645	1
646	1
647	1
648	1
649	1
650	1
651	1
652	1
653	1
654	1
655	1
656	1
657	1
658	1
659	1
660	1
661	1
662	1
663	1
664	1
665	1
666	1
667	1
668	1
669	1
670	1
671	1
672	1
673	1
674	1
675	1
676	1
677	1
678	1
679	1
680	1
681	1
682	1
683	1
684	1
685	1
686	1
687	1
688	1
689	1
690	1
691	1
692	1
693	1
694	1
695	1
696	1
697	1
698	1
699	1
700	1
701	1
702	1
703	1
704	1
705	1
706	1
707	1
708	1
709	1
710	1
711	1
712	1
713	1
714	1
715	1
716	1
717	1
718	1
719	1
720	1
721	1
722	1
723	1
724	1
725	1
726	1
727	1
728	1
729	1
730	1
731	1
732	1
733	1
734	1
735	1
736	1
737	1
738	1
739	1
740	1
741	1
742	1
743	1
744	1
745	1
746	1
747	1
748	1
749	1
750	1
751	1
752	1
753	1
754	1
755	1
756	1
757	1
758	1
759	1
760	1
761	1
762	1
763	1
764	1
765	1
766	1
767	1
768	1
769	1
770	1
771	1
772	1
773	1
774	1
775	1
776	1
777	1
778	1
779	1
780	1
781	1
782	1
783	1
784	1
785	1
786	1
787	1
788	1
789	1
790	1
791	1
792	1
793	1
794	1
795	1
796	1
797	1
798	1
799	1
800	1
801	1
802	1
803	1
804	1
805	1
806	1
807	1
808	1
809	1
810	1
811	1
812	1
813	1
814	1
815	1
816	1
817	1
818	1
819	1
820	1
821	1
822	1
823	1
824	1
825	1
826	1
827	1
828	1
829	1
830	1
831	1
832	1
833	1
834	1
835	1
836	1
837	1
838	1
839	1
840	1
841	1
842	1
843	1
844	1
845	1
846	1
847	1
848	1
849	1
850	1
851	1
852	1
853	1
854	1
855	1
856	1
857	1
858	1
859	1
860	1
861	1
862	1
863	1
864	1
865	1
866	1
867	1
868	1
869	1
870	1
871	1
872	1
873	1
874	1
875	1
876	1
877	1
878	1
879	1
880	1
881	1
882	1
883	1
884	1
885	1
886	1
887	1
888	1
889	1
890	1
891	1
892	1
893	1
894	1
895	1
896	1
897	1
898	1
899	1
900	1
901	1
902	1
903	1
904	1
905	1
906	1
907	1
908	1
909	1
910	1
911	1
912	1
913	1
914	1
915	1
916	1
917	1
918	1
919	1
920	1
921	1
922	1
923	1
924	1
925	1
926	1
927	1
928	1
929	1
930	1
931	1
932	1
933	1
934	1
935	1
936	1
937	1
938	1
939	1
940	1
941	1
942	1
943	1
944	1
945	1
946	1
947	1
948	1
949	1
950	1
951	1
952	1
953	1
954	1
955	1
956	1
957	1
958	1
959	1
960	1
961	1
962	1
963	1
964	1
965	1
966	1
967	1
968	1
969	1
970	1
971	1
972	1
973	1
974	1
975	1
976	1
977	1
978	1
979	1
980	1
981	1
982	1
983	1
984	1
985	1
986	1
987	1
988	1
989	1
990	1
991	1
992	1
993	1
994	1
995	1
996	1
997	1
998	1
999	1
1000	1
1001	1
1002	1
1003	1
1004	1
1005	1
1006	1
1007	1
1008	1
1009	1
1010	1
1011	1
1012	1
1013	1
1014	1
1015	1
1016	1
1017	1
1018	1
1019	1
1020	1
1021	1
1022	1
1023	1
1024	1
1025	1
1026	1
1027	1
1028	1
1029	1
1030	1
1031	1
1032	1
1033	1
1034	1
1035	1
1036	1
1037	1
1038	1
1039	1
1040	1
1041	1
1042	1
1043	1
1044	1
1045	1
1046	1
1047	1
1048	1
1049	1
1050	1
1051	1
1052	1
1053	1
1054	1
1055	1
1056	1
1057	1
1058	1
1059	1
1060	1
1061	1
1062	1
1063	1
1064	1
1065	1
1066	1
1067	1
1068	1
1069	1
1070	1
1071	1
1072	1
1073	1
1074	1
1075	1
1076	1
1077	1
1078	1
1079	1
1080	1
1081	1
1082	1
1083	1
1084	1
1085	1
1086	1
1087	1
1088	1
1089	1
1090	1
1091	1
1092	1
1093	1
1094	1
1095	1
1096	1
1097	1
1098	1
1099	1
1100	1
1101	1
1102	1
1103	1
1104	1
1105	1
1106	1
1107	1
1108	1
1109	1
1110	1
1111	1
1112	1
1113	1
1114	1
1115	1
1116	1
1117	1
1118	1
1119	1
1120	1
1121	1
1122	1
1123	1
1124	1
1125	1
1126	1
1127	1
1128	1
1129	1
1130	1
1131	1
1132	1
1133	1
1134	1
1135	1
1136	1
1137	1
1138	1
1139	1
1140	1
1141	1
1142	1
1143	1
1144	1
1145	1
1146	1
1147	1
1148	1
1149	1
1150	1
1151	1
1152	1
1153	1
1154	1
1155	1
1156	1
1157	1
1158	1
1159	1
1160	1
1161	1
1162	1
1163	1
1164	1
1165	1
1166	1
1167	1
1168	1
1169	1
1170	1
1171	1
1172	1
1173	1
1174	1
1175	1
1176	1
1177	1
1178	1
1179	1
1180	1
1181	1
1182	1
1183	1
1184	1
1185	1
1186	1
1187	1
1188	1
1189	1
1190	1
1191	1
1192	1
1193	1
1194	1
1195	1
1196	1
1197	1
1198	1
1199	1
1200	1
1201	1
1202	1
1203	1
1204	1
1205	1
1206	1
1207	1
1208	1
1209	1
1210	1
1211	1
1212	1
1213	1
1214	1
1215	1
1216	1
1217	1
1218	1
1219	1
1220	1
1221	1
1222	1
1223	1
1224	1
1225	1
1226	1
1227	1
1228	1
1229	1
1230	1
1231	1
1232	1
1233	1
1234	1
1235	1
1236	1
1237	1
1238	1
1239	1
1240	1
1241	1
1242	1
1243	1
1244	1
1245	1
1246	1
1247	1
1248	1
1249	1
1250	1
1251	1
1252	1
1253	1
1254	1
1255	1
1256	1
1257	1
1258	1
1259	1
1260	1
1261	1
1262	1
1263	1
1264	1
1265	1
1266	1
1267	1
1268	1
1269	1
1270	1
1271	1
1272	1
1273	1
1274	1
1275	1
1276	1
1277	1
1278	1
1279	1
1280	1
1281	1
1282	1
1283	1
1284	1
1285	1
1286	1
1287	1
1288	1
1289	1
1290	1
1291	1
1292	1
1293	1
1294	1
1295	1
1296	1
1297	1
1298	1
1299	1
1300	1
1301	1
1302	1
1303	1
1304	1
1305	1
1306	1
1307	1
1308	1
1309	1
1310	1
1311	1
1312	1
1313	1
1314	1
1315	1
1316	1
1317	1
1318	1
1319	1
1320	1
1321	1
1322	1
1323	1
1324	1
1325	1
1326	1
1327	1
1328	1
1329	1
1330	1
1331	1
1332	1
1333	1
1334	1
1335	1
1336	1
1337	1
1338	1
1339	1
1340	1
1341	1
1342	1
1343	1
1344	1
1345	1
1346	1
1347	1
1348	1
1349	1
1350	1
1351	1
1352	1
1353	1
1354	1
1355	1
1356	1
1357	1
1358	1
1359	1
1360	1
1361	1
1362	1
1363	1
1364	1
1365	1
1366	1
1367	1
1368	1
1369	1
1370	1
1371	1
1372	1
1373	1
1374	1
1375	1
1376	1
1377	1
1378	1
1379	1
1380	1
1381	1
1382	1
1383	1
1384	1
1385	1
1386	1
1387	1
1388	1
1389	1
1390	1
1391	1
1392	1
1393	1
1394	1
1395	1
1396	1
1397	1
1398	1
1399	1
1400	1
1401	1
1402	1
1403	1
1404	1
1405	1
1406	1
1407	1
1408	1
1409	1
1410	1
1411	1
1412	1
1413	1
1414	1
1415	1
1416	1
1417	1
1418	1
1419	1
1420	1
1421	1
1422	1
1423	1
1424	1
1425	1
1426	1
1427	1
1428	1
1429	1
1430	1
1431	1
1432	1
1433	1
1434	1
1435	1
1436	1
1437	1
1438	1
1439	1
1440	1
1441	1
1442	1
1443	1
1444	1
1445	1
1446	1
1447	1
1448	1
1449	1
1450	1
1451	1
1452	1
1453	1
1454	1
1455	1
1456	1
1457	1
1458	1
1459	1
1460	1
1461	1
1462	1
1463	1
1464	1
1465	1
1466	1
1467	1
1468	1
1469	1
1470	1
1471	1
1472	1
1473	1
1474	1
1475	1
1476	1
1477	1
1478	1
1479	1
1480	1
1481	1
1482	1
1483	1
1484	1
1485	1
1486	1
1487	1
1488	1
1489	1
1490	1
1491	1
1492	1
1493	1
1494	1
1495	1
1496	1
1497	1
1498	1
1499	1
1500	1
1501	1
1502	1
1503	1
1504	1
1505	1
1506	1
1507	1
1508	1
1509	1
1510	1
1511	1
1512	1
1513	1
1514	1
1515	1
1516	1
1517	1
1518	1
1519	1
1520	1
1521	1
1522	1
1523	1
1524	1
1525	1
1526	1
1527	1
1528	1
1529	1
1530	1
1531	1
1532	1
1533	1
1534	1
1535	1
1536	1
1537	1
1538	1
1539	1
1540	1
1541	1
1542	1
1543	1
1544	1
1545	1
1546	1
1547	1
1548	1
1549	1
1550	1
1551	1
1552	1
1553	1
1554	1
1555	1
1556	1
1557	1
1558	1
1559	1
1560	1
1561	1
1562	1
1563	1
1564	1
1565	1
1566	1
1567	1
1568	1
1569	1
1570	1
1571	1
1572	1
1573	1
1574	1
1575	1
1576	1
1577	1
1578	1
1579	1
1580	1
1581	1
1582	1
1583	1
1584	1
1585	1
1586	1
1587	1
1588	1
1589	1
1590	1
1591	1
1592	1
1593	1
1594	1
1595	1
1596	1
1597	1
1598	1
1599	1
1600	1
1601	1
1602	1
1603	1
1604	1
1605	1
1606	1
1607	1
1608	1
1609	1
1610	1
1611	1
1612	1
1613	1
1614	1
1615	1
1616	1
1617	1
1618	1
1619	1
1620	1
1621	1
1622	1
1623	1
1624	1
1625	1
1626	1
1627	1
1628	1
1629	1
1630	1
1631	1
1632	1
1633	1
1634	1
1635	1
1636	1
1637	1
1638	1
1639	1
1640	1
1641	1
1642	1
1643	1
1644	1
1645	1
1646	1
1647	1
1648	1
1649	1
1650	1
1651	1
1652	1
1653	1
1654	1
1655	1
1656	1
1657	1
1658	1
1659	1
1660	1
1661	1
1662	1
1663	1
1664	1
1665	1
1666	1
1667	1
1668	1
1669	1
1670	1
1671	1
1672	1
1673	1
1674	1
1675	1
1676	1
1677	1
1678	1
1679	1
1680	1
1681	1
1682	1
1683	1
1684	1
1685	1
1686	1
1687	1
1688	1
1689	1
1690	1
1691	1
1692	1
1693	1
1694	1
1695	1
1696	1
1697	1
1698	1
1699	1
1700	1
1701	1
1702	1
1703	1
1704	1
1705	1
1706	1
1707	1
1708	1
1709	1
1710	1
1711	1
1712	1
1713	1
1714	1
1715	1
1716	1
1717	1
1718	1
1719	1
1720	1
1721	1
1722	1
1723	1
1724	1
1725	1
1726	1
1727	1
1728	1
1729	1
1730	1
1731	1
1732	1
1733	1
1734	1
1735	1
1736	1
1737	1
1738	1
1739	1
1740	1
1741	1
1742	1
1743	1
1744	1
1745	1
1746	1
1747	1
1748	1
1749	1
1750	1
1751	1
1752	1
1753	1
1754	1
1755	1
1756	1
1757	1
1758	1
1759	1
1760	1
1761	1
1762	1
1763	1
1764	1
1765	1
1766	1
1767	1
1768	1
1769	1
1770	1
1771	1
1772	1
1773	1
1774	1
1775	1
1776	1
1777	1
1778	1
1779	1
1780	1
1781	1
1782	1
1783	1
1784	1
1785	1
1786	1
1787	1
1788	1
1789	1
1790	1
1791	1
1792	1
1793	1
1794	1
1795	1
1796	1
1797	1
1798	1
1799	1
1800	1
1801	1
1802	1
1803	1
1804	1
1805	1
1806	1
1807	1
1808	1
1809	1
1810	1
1811	1
1812	1
1813	1
1814	1
1815	1
1816	1
1817	1
1818	1
1819	1
1820	1
1821	1
1822	1
1823	1
1824	1
1825	1
1826	1
1827	1
1828	1
1829	1
1830	1
1831	1
1832	1
1833	1
1834	1
1835	1
1836	1
1837	1
1838	1
1839	1
1840	1
1841	1
1842	1
1843	1
1844	1
1845	1
1846	1
1847	1
1848	1
1849	1
1850	1
1851	1
1852	1
1853	1
1854	1
1855	1
1856	1
1857	1
1858	1
1859	1
1860	1
1861	1
1862	1
1863	1
1864	1
1865	1
1866	1
1867	1
1868	1
1869	1
1870	1
1871	1
1872	1
1873	1
1874	1
1875	1
1876	1
1877	1
1878	1
1879	1
1880	1
1881	1
1882	1
1883	1
1884	1
1885	1
1886	1
1887	1
1888	1
1889	1
1890	1
1891	1
1892	1
1893	1
1894	1
1895	1
1896	1
1897	1
1898	1
1899	1
1900	1
1901	1
1902	1
1903	1
1904	1
1905	1
1906	1
1907	1
1908	1
1909	1
1910	1
1911	1
1912	1
1913	1
1914	1
1915	1
1916	1
1917	1
1918	1
1919	1
1920	1
1921	1
1922	1
1923	1
1924	1
1925	1
1926	1
1927	1
1928	1
1929	1
1930	1
1931	1
1932	1
1933	1
1934	1
1935	1
1936	1
1937	1
1938	1
1939	1
1940	1
1941	1
1942	1
1943	1
1944	1
1945	1
1946	1
1947	1
1948	1
1949	1
1950	1
1951	1
1952	1
1953	1
1954	1
1955	1
1956	1
1957	1
1958	1
1959	1
1960	1
1961	1
1962	1
1963	1
1964	1
1965	1
1966	1
1967	1
1968	1
1969	1
1970	1
1971	1
1972	1
1973	1
1974	1
1975	1
1976	1
1977	1
1978	1
1979	1
1980	1
1981	1
1982	1
1983	1
1984	1
1985	1
1986	1
1987	1
1988	1
1989	1
1990	1
1991	1
1992	1
1993	1
1994	1
1995	1
1996	1
1997	1
1998	1
1999	1
2000	1
2001	1
2002	1
2003	1
2004	1
2005	1
2006	1
2007	1
2008	1
2009	1
2010	1
2011	1
2012	1
2013	1
2014	1
2015	1
2016	1
2017	1
2018	1
2019	1
2020	1
2021	1
2022	1
2023	1
2024	1
2025	1
2026	1
2027	1
2028	1
2029	1
2030	1
2031	1
2032	1
2033	1
2034	1
2035	1
2036	1
2037	1
2038	1
2039	1
2040	1
2041	1
2042	1
2043	1
2044	1
2045	1
2046	1
2047	1
2048	1
2049	1
2050	1
2051	1
2052	1
2053	1
2054	1
2055	1
2056	1
2057	1
2058	1
2059	1
2060	1
2061	1
2062	1
2063	1
2064	1
2065	1
2066	1
2067	1
2068	1
2069	1
2070	1
2071	1
2072	1
2073	1
2074	1
2075	1
2076	1
2077	1
2078	1
2079	1
2080	1
2081	1
2082	1
2083	1
2084	1
2085	1
2086	1
2087	1
2088	1
2089	1
2090	1
2091	1
2092	1
2093	1
2094	1
2095	1
2096	1
2097	1
2098	1
2099	1
2100	1
2101	1
2102	1
2103	1
2104	1
2105	1
2106	1
2107	1
2108	1
2109	1
2110	1
2111	1
2112	1
2113	1
2114	1
2115	1
2116	1
2117	1
2118	1
2119	1
2120	1
2121	1
2122	1
2123	1
2124	1
2125	1
2126	1
2127	1
2128	1
2129	1
2130	1
2131	1
2132	1
2133	1
2134	1
2135	1
2136	1
2137	1
2138	1
2139	1
2140	1
2141	1
2142	1
2143	1
2144	1
2145	1
2146	1
2147	1
2148	1
2149	1
2150	1
2151	1
2152	1
2153	1
2154	1
2155	1
2156	1
2157	1
2158	1
2159	1
2160	1
2161	1
2162	1
2163	1
2164	1
2165	1
2166	1
2167	1
2168	1
2169	1
2170	1
2171	1
2172	1
2173	1
2174	1
2175	1
2176	1
2177	1
2178	1
2179	1
2180	1
2181	1
2182	1
2183	1
2184	1
2185	1
2186	1
2187	1
2188	1
2189	1
2190	1
2191	1
2192	1
2193	1
2194	1
2195	1
2196	1
2197	1
2198	1
2199	1
2200	1
2201	1
2202	1
2203	1
2204	1
2205	1
2206	1
2207	1
2208	1
2209	1
2210	1
2211	1
2212	1
2213	1
2214	1
2215	1
2216	1
2217	1
2218	1
2219	1
2220	1
2221	1
2222	1
2223	1
2224	1
2225	1
2226	1
2227	1
2228	1
2229	1
2230	1
2231	1
2232	1
2233	1
2234	1
2235	1
2236	1
2237	1
2238	1
2239	1
2240	1
2241	1
2242	1
2243	1
2244	1
2245	1
2246	1
2247	1
2248	1
2249	1
2250	1
2251	1
2252	1
2253	1
2254	1
2255	1
2256	1
2257	1
2258	1
2259	1
2260	1
2261	1
2262	1
2263	1
2264	1
2265	1
2266	1
2267	1
2268	1
2269	1
2270	1
2271	1
2272	1
2273	1
2274	1
2275	1
2276	1
2277	1
2278	1
2279	1
2280	1
2281	1
2282	1
2283	1
2284	1
2285	1
2286	1
2287	1
2288	1
2289	1
2290	1
2291	1
2292	1
2293	1
2294	1
2295	1
2296	1
2297	1
2298	1
2299	1
2300	1
2301	1
2302	1
2303	1
2304	1
2305	1
2306	1
2307	1
2308	1
2309	1
2310	1
2311	1
2312	1
2313	1
2314	1
2315	1
2316	1
2317	1
2318	1
2319	1
2320	1
2321	1
2322	1
2323	1
2324	1
2325	1
2326	1
2327	1
2328	1
2329	1
2330	1
2331	1
2332	1
2333	1
2334	1
2335	1
2336	1
2337	1
2338	1
2339	1
2340	1
2341	1
2342	1
2343	1
2344	1
2345	1
2346	1
2347	1
2348	1
2349	1
2350	1
2351	1
2352	1
2353	1
2354	1
2355	1
2356	1
2357	1
2358	1
2359	1
2360	1
2361	1
2362	1
2363	1
2364	1
2365	1
2366	1
2367	1
2368	1
2369	1
2370	1
2371	1
2372	1
2373	1
2374	1
2375	1
2376	1
2377	1
2378	1
2379	1
2380	1
2381	1
2382	1
2383	1
2384	1
2385	1
2386	1
2387	1
2388	1
2389	1
2390	1
2391	1
2392	1
2393	1
2394	1
2395	1
2396	1
2397	1
2398	1
2399	1
2400	1
2401	1
2402	1
2403	1
2404	1
2405	1
2406	1
2407	1
2408	1
2409	1
2410	1
2411	1
2412	1
2413	1
2414	1
2415	1
2416	1
2417	1
2418	1
2419	1
2420	1
2421	1
2422	1
2423	1
2424	1
2425	1
2426	1
2427	1
2428	1
2429	1
2430	1
2431	1
2432	1
2433	1
2434	1
2435	1
2436	1
2437	1
2438	1
2439	1
2440	1
2441	1
2442	1
2443	1
2444	1
2445	1
2446	1
2447	1
2448	1
2449	1
2450	1
2451	1
2452	1
2453	1
2454	1
2455	1
2456	1
2457	1
2458	1
2459	1
2460	1
2461	1
2462	1
2463	1
2464	1
2465	1
2466	1
2467	1
2468	1
2469	1
2470	1
2471	1
2472	1
2473	1
2474	1
2475	1
2476	1
2477	1
2478	1
2479	1
2480	1
2481	1
2482	1
2483	1
2484	1
2485	1
2486	1
2487	1
2488	1
2489	1
2490	1
2491	1
2492	1
2493	1
2494	1
2495	1
2496	1
2497	1
2498	1
2499	1
2500	1
2501	1
2502	1
2503	1
2504	1
2505	1
2506	1
2507	1
2508	1
2509	1
2510	1
2511	1
2512	1
2513	1
2514	1
2515	1
2516	1
2517	1
2518	1
2519	1
2520	1
2521	1
2522	1
2523	1
2524	1
2525	1
2526	1
2527	1
2528	1
2529	1
2530	1
2531	1
2532	1
2533	1
2534	1
2535	1
2536	1
2537	1
2538	1
2539	1
2540	1
2541	1
2542	1
2543	1
2544	1
2545	1
2546	1
2547	1
2548	1
2549	1
2550	1
2551	1
2552	1
2553	1
2554	1
2555	1
2556	1
2557	1
2558	1
2559	1
2560	1
2561	1
2562	1
2563	1
2564	1
2565	1
2566	1
2567	1
2568	1
2569	1
2570	1
2571	1
2572	1
2573	1
2574	1
2575	1
2576	1
2577	1
2578	1
2579	1
2580	1
2581	1
2582	1
2583	1
2584	1
2585	1
2586	1
2587	1
2588	1
2589	1
2590	1
2591	1
2592	1
2593	1
2594	1
2595	1
2596	1
2597	1
2598	1
2599	1
2600	1
2601	1
2602	1
2603	1
2604	1
2605	1
2606	1
2607	1
2608	1
2609	1
2610	1
2611	1
2612	1
2613	1
2614	1
2615	1
2616	1
2617	1
2618	1
2619	1
2620	1
2621	1
2622	1
2623	1
2624	1
2625	1
2626	1
2627	1
2628	1
2629	1
2630	1
2631	1
2632	1
2633	1
2634	1
2635	1
2636	1
2637	1
2638	1
2639	1
2640	1
2641	1
2642	1
2643	1
2644	1
2645	1
2646	1
2647	1
2648	1
2649	1
2650	1
2651	1
2652	1
2653	1
2654	1
2655	1
2656	1
2657	1
2658	1
2659	1
2660	1
2661	1
2662	1
2663	1
2664	1
2665	1
2666	1
2667	1
2668	1
2669	1
2670	1
2671	1
2672	1
2673	1
2674	1
2675	1
2676	1
2677	1
2678	1
2679	1
2680	1
2681	1
2682	1
2683	1
2684	1
2685	1
2686	1
2687	1
2688	1
2689	1
2690	1
2691	1
2692	1
2693	1
2694	1
2695	1
2696	1
2697	1
2698	1
2699	1
2700	1
2701	1
2702	1
2703	1
2704	1
2705	1
2706	1
2707	1
2708	1
2709	1
2710	1
2711	1
2712	1
2713	1
2714	1
2715	1
2716	1
2717	1
2718	1
2719	1
2720	1
2721	1
2722	1
2723	1
2724	1
2725	1
2726	1
2727	1
2728	1
2729	1
2730	1
2731	1
2732	1
2733	1
2734	1
2735	1
2736	1
2737	1
2738	1
2739	1
2740	1
2741	1
2742	1
2743	1
2744	1
2745	1
2746	1
2747	1
2748	1
2749	1
2750	1
2751	1
2752	1
2753	1
2754	1
2755	1
2756	1
2757	1
2758	1
2759	1
2760	1
2761	1
2762	1
2763	1
2764	1
2765	1
2766	1
2767	1
2768	1
2769	1
2770	1
2771	1
2772	1
2773	1
2774	1
2775	1
2776	1
2777	1
2778	1
2779	1
2780	1
2781	1
2782	1
2783	1
2784	1
2785	1
2786	1
2787	1
2788	1
2789	1
2790	1
2791	1
2792	1
2793	1
2794	1
2795	1
2796	1
2797	1
2798	1
2799	1
2800	1
2801	1
2802	1
2803	1
2804	1
2805	1
2806	1
2807	1
2808	1
2809	1
2810	1
2811	1
2812	1
2813	1
2814	1
2815	1
2816	1
2817	1
2818	1
2819	1
2820	1
2821	1
2822	1
2823	1
2824	1
2825	1
2826	1
2827	1
2828	1
2829	1
2830	1
2831	1
2832	1
2833	1
2834	1
2835	1
2836	1
2837	1
2838	1
2839	1
2840	1
2841	1
2842	1
2843	1
2844	1
2845	1
2846	1
2847	1
2848	1
2849	1
2850	1
2851	1
2852	1
2853	1
2854	1
2855	1
2856	1
2857	1
2858	1
2859	1
2860	1
2861	1
2862	1
2863	1
2864	1
2865	1
2866	1
2867	1
2868	1
2869	1
2870	1
2871	1
2872	1
2873	1
2874	1
2875	1
2876	1
2877	1
2878	1
2879	1
2880	1
2881	1
2882	1
2883	1
2884	1
2885	1
2886	1
2887	1
2888	1
2889	1
2890	1
2891	1
2892	1
2893	1
2894	1
2895	1
2896	1
2897	1
2898	1
2899	1
2900	1
2901	1
2902	1
2903	1
2904	1
2905	1
2906	1
2907	1
2908	1
2909	1
2910	1
2911	1
2912	1
2913	1
2914	1
2915	1
2916	1
2917	1
2918	1
2919	1
2920	1
2921	1
2922	1
2923	1
2924	1
2925	1
2926	1
2927	1
2928	1
2929	1
2930	1
2931	1
2932	1
2933	1
2934	1
2935	1
2936	1
2937	1
2938	1
2939	1
2940	1
2941	1
2942	1
2943	1
2944	1
2945	1
2946	1
2947	1
2948	1
2949	1
2950	1
2951	1
2952	1
2953	1
2954	1
2955	1
2956	1
2957	1
2958	1
2959	1
2960	1
2961	1
2962	1
2963	1
2964	1
2965	1
2966	1
2967	1
2968	1
2969	1
2970	1
2971	1
2972	1
2973	1
2974	1
2975	1
2976	1
2977	1
2978	1
2979	1
2980	1
2981	1
2982	1
2983	1
2984	1
2985	1
2986	1
2987	1
2988	1
2989	1
2990	1
2991	1
2992	1
2993	1
2994	1
2995	1
2996	1
2997	1
2998	1
2999	1
3000	1
3001	1
3002	1
3003	1
3004	1
3005	1
3006	1
3007	1
3008	1
3009	1
3010	1
3011	1
3012	1
3013	1
3014	1
3015	1
3016	1
3017	1
3018	1
3019	1
3020	1
3021	1
3022	1
3023	1
3024	1
3025	1
3026	1
3027	1
3028	1
3029	1
3030	1
3031	1
3032	1
3033	1
3034	1
3035	1
3036	1
3037	1
3038	1
3039	1
3040	1
3041	1
3042	1
3043	1
3044	1
3045	1
3046	1
3047	1
3048	1
3049	1
3050	1
3051	1
3052	1
3053	1
3054	1
3055	1
3056	1
3057	1
3058	1
3059	1
3060	1
3061	1
3062	1
3063	1
3064	1
3065	1
3066	1
3067	1
3068	1
3069	1
3070	1
3071	1
3072	1
3073	1
3074	1
3075	1
3076	1
3077	1
3078	1
3079	1
3080	1
3081	1
3082	1
3083	1
3084	1
3085	1
3086	1
3087	1
3088	1
3089	1
3090	1
3091	1
3092	1
3093	1
3094	1
3095	1
3096	1
3097	1
3098	1
3099	1
3100	1
3101	1
3102	1
3103	1
3104	1
3105	1
3106	1
3107	1
3108	1
3109	1
3110	1
3111	1
3112	1
3113	1
3114	1
3115	1
3116	1
3117	1
3118	1
3119	1
3120	1
3121	1
3122	1
3123	1
3124	1
3125	1
3126	1
3127	1
3128	1
3129	1
3130	1
3131	1
3132	1
3133	1
3134	1
3135	1
3136	1
3137	1
3138	1
3139	1
3140	1
3141	1
3142	1
3143	1
3144	1
3145	1
3146	1
3147	1
3148	1
3149	1
3150	1
3151	1
3152	1
3153	1
3154	1
3155	1
3156	1
3157	1
3158	1
3159	1
3160	1
3161	1
3162	1
3163	1
3164	1
3165	1
3166	1
3167	1
3168	1
3169	1
3170	1
3171	1
3172	1
3173	1
3174	1
3175	1
3176	1
3177	1
3178	1
3179	1
3180	1
3181	1
3182	1
3183	1
3184	1
3185	1
3186	1
3187	1
3188	1
3189	1
3190	1
3191	1
3192	1
3193	1
3194	1
3195	1
3196	1
3197	1
3198	1
3199	1
3200	1
3201	1
3202	1
3203	1
3204	1
3205	1
3206	1
3207	1
3208	1
3209	1
3210	1
3211	1
3212	1
3213	1
3214	1
3215	1
3216	1
3217	1
3218	1
3219	1
3220	1
3221	1
3222	1
3223	1
3224	1
3225	1
3226	1
3227	1
3228	1
3229	1
3230	1
3231	1
3232	1
3233	1
3234	1
3235	1
3236	1
3237	1
3238	1
3239	1
3240	1
3241	1
3242	1
3243	1
3244	1
3245	1
3246	1
3247	1
3248	1
3249	1
3250	1
3251	1
3252	1
3253	1
3254	1
3255	1
3256	1
3257	1
3258	1
3259	1
3260	1
3261	1
3262	1
3263	1
3264	1
3265	1
3266	1
3267	1
3268	1
3269	1
3270	1
3271	1
3272	1
3273	1
3274	1
3275	1
3276	1
3277	1
3278	1
3279	1
3280	1
3281	1
3282	1
3283	1
3284	1
3285	1
3286	1
3287	1
3288	1
3289	1
3290	1
3291	1
3292	1
3293	1
3294	1
3295	1
3296	1
3297	1
3298	1
3299	1
3300	1
3301	1
3302	1
3303	1
3304	1
3305	1
3306	1
3307	1
3308	1
3309	1
3310	1
3311	1
3312	1
3313	1
3314	1
3315	1
3316	1
3317	1
3318	1
3319	1
3320	1
3321	1
3322	1
3323	1
3324	1
3325	1
3326	1
3327	1
3328	1
3329	1
3330	1
3331	1
3332	1
3333	1
3334	1
3335	1
3336	1
3337	1
3338	1
3339	1
3340	1
3341	1
3342	1
3343	1
3344	1
3345	1
3346	1
3347	1
3348	1
3349	1
3350	1
3351	1
3352	1
3353	1
3354	1
3355	1
3356	1
3357	1
3358	1
3359	1
3360	1
3361	1
3362	1
3363	1
3364	1
3365	1
3366	1
3367	1
3368	1
3369	1
3370	1
3371	1
3372	1
3373	1
3374	1
3375	1
3376	1
3377	1
3378	1
3379	1
3380	1
3381	1
3382	1
3383	1
3384	1
3385	1
3386	1
3387	1
3388	1
3389	1
3390	1
3391	1
3392	1
3393	1
3394	1
3395	1
3396	1
3397	1
3398	1
3399	1
3400	1
3401	1
3402	1
3403	1
3404	1
3405	1
3406	1
3407	1
3408	1
3409	1
3410	1
3411	1
3412	1
3413	1
3414	1
3415	1
3416	1
3417	1
3418	1
3419	1
3420	1
3421	1
3422	1
3423	1
3424	1
3425	1
3426	1
3427	1
3428	1
3429	1
3430	1
3431	1
3432	1
3433	1
3434	1
3435	1
3436	1
3437	1
3438	1
3439	1
3440	1
3441	1
3442	1
3443	1
3444	1
3445	1
3446	1
3447	1
3448	1
3449	1
3450	1
3451	1
3452	1
3453	1
3454	1
3455	1
3456	1
3457	1
3458	1
3459	1
3460	1
3461	1
3462	1
3463	1
3464	1
3465	1
3466	1
3467	1
3468	1
3469	1
3470	1
3471	1
3472	1
3473	1
3474	1
3475	1
3476	1
3477	1
3478	1
3479	1
3480	1
3481	1
3482	1
3483	1
3484	1
3485	1
3486	1
3487	1
3488	1
3489	1
3490	1
3491	1
3492	1
3493	1
3494	1
3495	1
3496	1
3497	1
3498	1
3499	1
3500	1
3501	1
3502	1
3503	1
3504	1
3505	1
3506	1
3507	1
3508	1
3509	1
3510	1
3511	1
3512	1
3513	1
3514	1
3515	1
3516	1
3517	1
3518	1
3519	1
3520	1
3521	1
3522	1
3523	1
3524	1
3525	1
3526	1
3527	1
3528	1
3529	1
3530	1
3531	1
3532	1
3533	1
3534	1
3535	1
3536	1
3537	1
3538	1
3539	1
3540	1
3541	1
3542	1
3543	1
3544	1
3545	1
3546	1
3547	1
3548	1
3549	1
3550	1
3551	1
3552	1
3553	1
3554	1
3555	1
3556	1
3557	1
3558	1
3559	1
3560	1
3561	1
3562	1
3563	1
3564	1
3565	1
3566	1
3567	1
3568	1
3569	1
3570	1
3571	1
3572	1
3573	1
3574	1
3575	1
3576	1
3577	1
3578	1
3579	1
3580	1
3581	1
3582	1
3583	1
3584	1
3585	1
3586	1
3587	1
3588	1
3589	1
3590	1
3591	1
3592	1
3593	1
3594	1
3595	1
3596	1
3597	1
3598	1
3599	1
3600	1
3601	1
3602	1
3603	1
3604	1
3605	1
3606	1
3607	1
3608	1
3609	1
3610	1
3611	1
3612	1
3613	1
3614	1
3615	1
3616	1
3617	1
3618	1
3619	1
3620	1
3621	1
3622	1
3623	1
3624	1
3625	1
3626	1
3627	1
3628	1
3629	1
3630	1
3631	1
3632	1
3633	1
3634	1
3635	1
3636	1
3637	1
3638	1
3639	1
3640	1
3641	1
3642	1
3643	1
3644	1
3645	1
3646	1
3647	1
3648	1
3649	1
3650	1
3651	1
3652	1
3653	1
3654	1
3655	1
3656	1
3657	1
3658	1
3659	1
3660	1
3661	1
3662	1
3663	1
3664	1
3665	1
3666	1
3667	1
3668	1
3669	1
3670	1
3671	1
3672	1
3673	1
3674	1
3675	1
3676	1
3677	1
3678	1
3679	1
3680	1
3681	1
3682	1
3683	1
3684	1
3685	1
3686	1
3687	1
3688	1
3689	1
3690	1
3691	1
3692	1
3693	1
3694	1
3695	1
3696	1
3697	1
3698	1
3699	1
3700	1
3701	1
3702	1
3703	1
3704	1
3705	1
3706	1
3707	1
3708	1
3709	1
3710	1
3711	1
3712	1
3713	1
3714	1
3715	1
3716	1
3717	1
3718	1
3719	1
3720	1
3721	1
3722	1
3723	1
3724	1
3725	1
3726	1
3727	1
3728	1
3729	1
3730	1
3731	1
3732	1
3733	1
3734	1
3735	1
3736	1
3737	1
3738	1
3739	1
3740	1
3741	1
3742	1
3743	1
3744	1
3745	1
3746	1
3747	1
3748	1
3749	1
3750	1
3751	1
3752	1
3753	1
3754	1
3755	1
3756	1
3757	1
3758	1
3759	1
3760	1
3761	1
3762	1
3763	1
3764	1
3765	1
3766	1
3767	1
3768	1
3769	1
3770	1
3771	1
3772	1
3773	1
3774	1
3775	1
3776	1
3777	1
3778	1
3779	1
3780	1
3781	1
3782	1
3783	1
3784	1
3785	1
3786	1
3787	1
3788	1
3789	1
3790	1
3791	1
3792	1
3793	1
3794	1
3795	1
3796	1
3797	1
3798	1
3799	1
3800	1
3801	1
3802	1
3803	1
3804	1
3805	1
3806	1
3807	1
3808	1
3809	1
3810	1
3811	1
3812	1
3813	1
3814	1
3815	1
3816	1
3817	1
3818	1
3819	1
3820	1
3821	1
3822	1
3823	1
3824	1
3825	1
3826	1
3827	1
3828	1
3829	1
3830	1
3831	1
3832	1
3833	1
3834	1
3835	1
3836	1
3837	1
3838	1
3839	1
3840	1
3841	1
3842	1
3843	1
3844	1
3845	1
3846	1
3847	1
3848	1
3849	1
3850	1
3851	1
3852	1
3853	1
3854	1
3855	1
3856	1
3857	1
3858	1
3859	1
3860	1
3861	1
3862	1
3863	1
3864	1
3865	1
3866	1
3867	1
3868	1
3869	1
3870	1
3871	1
3872	1
3873	1
3874	1
3875	1
3876	1
3877	1
3878	1
3879	1
3880	1
3881	1
3882	1
3883	1
3884	1
3885	1
3886	1
3887	1
3888	1
3889	1
3890	1
3891	1
3892	1
3893	1
3894	1
3895	1
3896	1
3897	1
3898	1
3899	1
3900	1
3901	1
3902	1
3903	1
3904	1
3905	1
3906	1
3907	1
3908	1
3909	1
3910	1
3911	1
3912	1
3913	1
3914	1
3915	1
3916	1
3917	1
3918	1
3919	1
3920	1
3921	1
3922	1
3923	1
3924	1
3925	1
3926	1
3927	1
3928	1
3929	1
3930	1
3931	1
3932	1
3933	1
3934	1
3935	1
3936	1
3937	1
3938	1
3939	1
3940	1
3941	1
3942	1
3943	1
3944	1
3945	1
3946	1
3947	1
3948	1
3949	1
3950	1
3951	1
3952	1
3953	1
3954	1
3955	1
3956	1
3957	1
3958	1
3959	1
3960	1
3961	1
3962	1
3963	1
3964	1
3965	1
3966	1
3967	1
3968	1
3969	1
3970	1
3971	1
3972	1
3973	1
3974	1
3975	1
3976	1
3977	1
3978	1
3979	1
3980	1
3981	1
3982	1
3983	1
3984	1
3985	1
3986	1
3987	1
3988	1
3989	1
3990	1
3991	1
3992	1
3993	1
3994	1
3995	1
3996	1
3997	1
3998	1
3999	1
4000	1
4001	1
4002	1
4003	1
4004	1
4005	1
4006	1
4007	1
4008	1
4009	1
4010	1
4011	1
4012	1
4013	1
4014	1
4015	1
4016	1
4017	1
4018	1
4019	1
4020	1
4021	1
4022	1
4023	1
4024	1
4025	1
4026	1
4027	1
4028	1
4029	1
4030	1
4031	1
4032	1
4033	1
4034	1
4035	1
4036	1
4037	1
4038	1
4039	1
4040	1
4041	1
4042	1
4043	1
4044	1
4045	1
4046	1
4047	1
4048	1
4049	1
4050	1
4051	1
4052	1
4053	1
4054	1
4055	1
4056	1
4057	1
4058	1
4059	1
4060	1
4061	1
4062	1
4063	1
4064	1
4065	1
4066	1
4067	1
4068	1
4069	1
4070	1
4071	1
4072	1
4073	1
4074	1
4075	1
4076	1
4077	1
4078	1
4079	1
4080	1
4081	1
4082	1
4083	1
4084	1
4085	1
4086	1
4087	1
4088	1
4089	1
4090	1
4091	1
4092	1
4093	1
4094	1
4095	1
4096	1
4097	1
4098	1
4099	1
4100	1
4101	1
4102	1
4103	1
4104	1
4105	1
4106	1
4107	1
4108	1
4109	1
4110	1
4111	1
4112	1
4113	1
4114	1
4115	1
4116	1
4117	1
4118	1
4119	1
4120	1
4121	1
4122	1
4123	1
4124	1
4125	1
4126	1
4127	1
4128	1
4129	1
4130	1
4131	1
4132	1
4133	1
4134	1
4135	1
4136	1
4137	1
4138	1
4139	1
4140	1
4141	1
4142	1
4143	1
4144	1
4145	1
4146	1
4147	1
4148	1
4149	1
4150	1
4151	1
4152	1
4153	1
4154	1
4155	1
4156	1
4157	1
4158	1
4159	1
4160	1
4161	1
4162	1
4163	1
4164	1
4165	1
4166	1
4167	1
4168	1
4169	1
4170	1
4171	1
4172	1
4173	1
4174	1
4175	1
4176	1
4177	1
4178	1
4179	1
4180	1
4181	1
4182	1
4183	1
4184	1
4185	1
4186	1
4187	1
4188	1
4189	1
4190	1
4191	1
4192	1
4193	1
4194	1
4195	1
4196	1
4197	1
4198	1
4199	1
4200	1
4201	1
4202	1
4203	1
4204	1
4205	1
4206	1
4207	1
4208	1
4209	1
4210	1
4211	1
4212	1
4213	1
4214	1
4215	1
4216	1
4217	1
4218	1
4219	1
4220	1
4221	1
4222	1
4223	1
4224	1
4225	1
4226	1
4227	1
4228	1
4229	1
4230	1
4231	1
4232	1
4233	1
4234	1
4235	1
4236	1
4237	1
4238	1
4239	1
4240	1
4241	1
4242	1
4243	1
4244	1
4245	1
4246	1
4247	1
4248	1
4249	1
4250	1
4251	1
4252	1
4253	1
4254	1
4255	1
4256	1
4257	1
4258	1
4259	1
4260	1
4261	1
4262	1
4263	1
4264	1
4265	1
4266	1
4267	1
4268	1
4269	1
4270	1
4271	1
4272	1
4273	1
4274	1
4275	1
4276	1
4277	1
4278	1
4279	1
4280	1
4281	1
4282	1
4283	1
4284	1
4285	1
4286	1
4287	1
4288	1
4289	1
4290	1
4291	1
4292	1
4293	1
4294	1
4295	1
4296	1
4297	1
4298	1
4299	1
4300	1
4301	1
4302	1
4303	1
4304	1
4305	1
4306	1
4307	1
4308	1
4309	1
4310	1
4311	1
4312	1
4313	1
4314	1
4315	1
4316	1
4317	1
4318	1
4319	1
4320	1
4321	1
4322	1
4323	1
4324	1
4325	1
4326	1
4327	1
4328	1
4329	1
4330	1
4331	1
4332	1
4333	1
4334	1
4335	1
4336	1
4337	1
4338	1
4339	1
4340	1
4341	1
4342	1
4343	1
4344	1
4345	1
4346	1
4347	1
4348	1
4349	1
4350	1
4351	1
4352	1
4353	1
4354	1
4355	1
4356	1
4357	1
4358	1
4359	1
4360	1
4361	1
4362	1
4363	1
4364	1
4365	1
4366	1
4367	1
4368	1
4369	1
4370	1
4371	1
4372	1
4373	1
4374	1
4375	1
4376	1
4377	1
4378	1
4379	1
4380	1
4381	1
4382	1
4383	1
4384	1
4385	1
4386	1
4387	1
4388	1
4389	1
4390	1
4391	1
4392	1
4393	1
4394	1
4395	1
4396	1
4397	1
4398	1
4399	1
4400	1
4401	1
4402	1
4403	1
4404	1
4405	1
4406	1
4407	1
4408	1
4409	1
4410	1
4411	1
4412	1
4413	1
4414	1
4415	1
4416	1
4417	1
4418	1
4419	1
4420	1
4421	1
4422	1
4423	1
4424	1
4425	1
4426	1
4427	1
4428	1
4429	1
4430	1
4431	1
4432	1
4433	1
4434	1
4435	1
4436	1
4437	1
4438	1
4439	1
4440	1
4441	1
4442	1
4443	1
4444	1
4445	1
4446	1
4447	1
4448	1
4449	1
4450	1
4451	1
4452	1
4453	1
4454	1
4455	1
4456	1
4457	1
4458	1
4459	1
4460	1
4461	1
4462	1
4463	1
4464	1
4465	1
4466	1
4467	1
4468	1
4469	1
4470	1
4471	1
4472	1
4473	1
4474	1
4475	1
4476	1
4477	1
4478	1
4479	1
4480	1
4481	1
4482	1
4483	1
4484	1
4485	1
4486	1
4487	1
4488	1
4489	1
4490	1
4491	1
4492	1
4493	1
4494	1
4495	1
4496	1
4497	1
4498	1
4499	1
4500	1
4501	1
4502	1
4503	1
4504	1
4505	1
4506	1
4507	1
4508	1
4509	1
4510	1
4511	1
4512	1
4513	1
4514	1
4515	1
4516	1
4517	1
4518	1
4519	1
4520	1
4521	1
4522	1
4523	1
4524	1
4525	1
4526	1
4527	1
4528	1
4529	1
4530	1
4531	1
4532	1
4533	1
4534	1
4535	1
4536	1
4537	1
4538	1
4539	1
4540	1
4541	1
4542	1
4543	1
4544	1
4545	1
4546	1
4547	1
4548	1
4549	1
4550	1
4551	1
4552	1
4553	1
4554	1
4555	1
4556	1
4557	1
4558	1
4559	1
4560	1
4561	1
4562	1
4563	1
4564	1
4565	1
4566	1
4567	1
4568	1
4569	1
4570	1
4571	1
4572	1
4573	1
4574	1
4575	1
4576	1
4577	1
4578	1
4579	1
4580	1
4581	1
4582	1
4583	1
4584	1
4585	1
4586	1
4587	1
4588	1
4589	1
4590	1
4591	1
4592	1
4593	1
4594	1
4595	1
4596	1
4597	1
4598	1
4599	1
4600	1
4601	1
4602	1
4603	1
4604	1
4605	1
4606	1
4607	1
4608	1
4609	1
4610	1
4611	1
4612	1
4613	1
4614	1
4615	1
4616	1
4617	1
4618	1
4619	1
4620	1
4621	1
4622	1
4623	1
4624	1
4625	1
4626	1
4627	1
4628	1
4629	1
4630	1
4631	1
4632	1
4633	1
4634	1
4635	1
4636	1
4637	1
4638	1
4639	1
4640	1
4641	1
4642	1
4643	1
4644	1
4645	1
4646	1
4647	1
4648	1
4649	1
4650	1
4651	1
4652	1
4653	1
4654	1
4655	1
4656	1
4657	1
4658	1
4659	1
4660	1
4661	1
4662	1
4663	1
4664	1
4665	1
4666	1
4667	1
4668	1
4669	1
4670	1
4671	1
4672	1
4673	1
4674	1
4675	1
4676	1
4677	1
4678	1
4679	1
4680	1
4681	1
4682	1
4683	1
4684	1
4685	1
4686	1
4687	1
4688	1
4689	1
4690	1
4691	1
4692	1
4693	1
4694	1
4695	1
4696	1
4697	1
4698	1
4699	1
4700	1
4701	1
4702	1
4703	1
4704	1
4705	1
4706	1
4707	1
4708	1
4709	1
4710	1
4711	1
4712	1
4713	1
4714	1
4715	1
4716	1
4717	1
4718	1
4719	1
4720	1
4721	1
4722	1
4723	1
4724	1
4725	1
4726	1
4727	1
4728	1
4729	1
4730	1
4731	1
4732	1
4733	1
4734	1
4735	1
4736	1
4737	1
4738	1
4739	1
4740	1
4741	1
4742	1
4743	1
4744	1
4745	1
4746	1
4747	1
4748	1
4749	1
4750	1
4751	1
4752	1
4753	1
4754	1
4755	1
4756	1
4757	1
4758	1
4759	1
4760	1
4761	1
4762	1
4763	1
4764	1
4765	1
4766	1
4767	1
4768	1
4769	1
4770	1
4771	1
4772	1
4773	1
4774	1
4775	1
4776	1
4777	1
4778	1
4779	1
4780	1
4781	1
4782	1
4783	1
4784	1
4785	1
4786	1
4787	1
4788	1
4789	1
4790	1
4791	1
4792	1
4793	1
4794	1
4795	1
4796	1
4797	1
4798	1
4799	1
4800	1
4801	1
4802	1
4803	1
4804	1
4805	1
4806	1
4807	1
4808	1
4809	1
4810	1
4811	1
4812	1
4813	1
4814	1
4815	1
4816	1
4817	1
4818	1
4819	1
4820	1
4821	1
4822	1
4823	1
4824	1
4825	1
4826	1
4827	1
4828	1
4829	1
4830	1
4831	1
4832	1
4833	1
4834	1
4835	1
4836	1
4837	1
4838	1
4839	1
4840	1
4841	1
4842	1
4843	1
4844	1
4845	1
4846	1
4847	1
4848	1
4849	1
4850	1
4851	1
4852	1
4853	1
4854	1
4855	1
4856	1
4857	1
4858	1
4859	1
4860	1
4861	1
4862	1
4863	1
4864	1
4865	1
4866	1
4867	1
4868	1
4869	1
4870	1
4871	1
4872	1
4873	1
4874	1
4875	1
4876	1
4877	1
4878	1
4879	1
4880	1
4881	1
4882	1
4883	1
4884	1
4885	1
4886	1
4887	1
4888	1
4889	1
4890	1
4891	1
4892	1
4893	1
4894	1
4895	1
4896	1
4897	1
4898	1
4899	1
4900	1
4901	1
4902	1
4903	1
4904	1
4905	1
4906	1
4907	1
4908	1
4909	1
4910	1
4911	1
4912	1
4913	1
4914	1
4915	1
4916	1
4917	1
4918	1
4919	1
4920	1
4921	1
4922	1
4923	1
4924	1
4925	1
4926	1
4927	1
4928	1
4929	1
4930	1
4931	1
4932	1
4933	1
4934	1
4935	1
4936	1
4937	1
4938	1
4939	1
4940	1
4941	1
4942	1
4943	1
4944	1
4945	1
4946	1
4947	1
4948	1
4949	1
4950	1
4951	1
4952	1
4953	1
4954	1
4955	1
4956	1
4957	1
4958	1
4959	1
4960	1
4961	1
4962	1
4963	1
4964	1
4965	1
4966	1
4967	1
4968	1
4969	1
4970	1
4971	1
4972	1
4973	1
4974	1
4975	1
4976	1
4977	1
4978	1
4979	1
4980	1
4981	1
4982	1
4983	1
4984	1
4985	1
4986	1
4987	1
4988	1
4989	1
4990	1
4991	1
4992	1
4993	1
4994	1
4995	1
4996	1
4997	1
4998	1
4999	1
5000	1
5001	1
5002	1
5003	1
5004	1
5005	1
5006	1
5007	1
5008	1
5009	1
5010	1
5011	1
5012	1
5013	1
5014	1
5015	1
5016	1
5017	1
5018	1
5019	1
5020	1
5021	1
5022	1
5023	1
5024	1
5025	1
5026	1
5027	1
5028	1
5029	1
5030	1
5031	1
5032	1
5033	1
5034	1
5035	1
5036	1
5037	1
5038	1
5039	1
5040	1
5041	1
5042	1
5043	1
5044	1
5045	1
5046	1
5047	1
5048	1
5049	1
5050	1
5051	1
5052	1
5053	1
5054	1
5055	1
5056	1
5057	1
5058	1
5059	1
5060	1
5061	1
5062	1
5063	1
5064	1
5065	1
5066	1
5067	1
5068	1
5069	1
5070	1
5071	1
5072	1
5073	1
5074	1
5075	1
5076	1
5077	1
5078	1
5079	1
5080	1
5081	1
5082	1
5083	1
5084	1
5085	1
5086	1
5087	1
5088	1
5089	1
5090	1
5091	1
5092	1
5093	1
5094	1
5095	1
5096	1
5097	1
5098	1
5099	1
5100	1
5101	1
5102	1
5103	1
5104	1
5105	1
5106	1
5107	1
5108	1
5109	1
5110	1
5111	1
5112	1
5113	1
5114	1
5115	1
5116	1
5117	1
5118	1
5119	1
5120	1
5121	1
5122	1
5123	1
5124	1
5125	1
5126	1
5127	1
5128	1
5129	1
5130	1
5131	1
5132	1
5133	1
5134	1
5135	1
5136	1
5137	1
5138	1
5139	1
5140	1
5141	1
5142	1
5143	1
5144	1
5145	1
5146	1
5147	1
5148	1
5149	1
5150	1
5151	1
5152	1
5153	1
5154	1
5155	1
5156	1
5157	1
5158	1
5159	1
5160	1
5161	1
5162	1
5163	1
5164	1
5165	1
5166	1
5167	1
5168	1
5169	1
5170	1
5171	1
5172	1
5173	1
5174	1
5175	1
5176	1
5177	1
5178	1
5179	1
5180	1
5181	1
5182	1
5183	1
5184	1
5185	1
5186	1
5187	1
5188	1
5189	1
5190	1
5191	1
5192	1
5193	1
5194	1
5195	1
5196	1
5197	1
5198	1
5199	1
5200	1
5201	1
5202	1
5203	1
5204	1
5205	1
5206	1
5207	1
5208	1
5209	1
5210	1
5211	1
5212	1
5213	1
5214	1
5215	1
5216	1
5217	1
5218	1
5219	1
5220	1
5221	1
5222	1
5223	1
5224	1
5225	1
5226	1
5227	1
5228	1
5229	1
5230	1
5231	1
5232	1
5233	1
5234	1
5235	1
5236	1
5237	1
5238	1
5239	1
5240	1
5241	1
5242	1
5243	1
5244	1
5245	1
5246	1
5247	1
5248	1
5249	1
5250	1
5251	1
5252	1
5253	1
5254	1
5255	1
5256	1
5257	1
5258	1
5259	1
5260	1
5261	1
5262	1
5263	1
5264	1
5265	1
5266	1
5267	1
5268	1
5269	1
5270	1
5271	1
5272	1
5273	1
5274	1
5275	1
5276	1
5277	1
5278	1
5279	1
5280	1
5281	1
5282	1
5283	1
5284	1
5285	1
5286	1
5287	1
5288	1
5289	1
5290	1
5291	1
5292	1
5293	1
5294	1
5295	1
5296	1
5297	1
5298	1
5299	1
5300	1
5301	1
5302	1
5303	1
5304	1
5305	1
5306	1
5307	1
5308	1
5309	1
5310	1
5311	1
5312	1
5313	1
5314	1
5315	1
5316	1
5317	1
5318	1
5319	1
5320	1
5321	1
5322	1
5323	1
5324	1
5325	1
5326	1
5327	1
5328	1
5329	1
5330	1
5331	1
5332	1
5333	1
5334	1
5335	1
5336	1
5337	1
5338	1
5339	1
5340	1
5341	1
5342	1
5343	1
5344	1
5345	1
5346	1
5347	1
5348	1
5349	1
5350	1
5351	1
5352	1
5353	1
5354	1
5355	1
5356	1
5357	1
5358	1
5359	1
5360	1
5361	1
5362	1
5363	1
5364	1
5365	1
5366	1
5367	1
5368	1
5369	1
5370	1
5371	1
5372	1
5373	1
5374	1
5375	1
5376	1
5377	1
5378	1
5379	1
5380	1
5381	1
5382	1
5383	1
5384	1
5385	1
5386	1
5387	1
5388	1
5389	1
5390	1
5391	1
5392	1
5393	1
5394	1
5395	1
5396	1
5397	1
5398	1
5399	1
5400	1
5401	1
5402	1
5403	1
5404	1
5405	1
5406	1
5407	1
5408	1
5409	1
5410	1
5411	1
5412	1
5413	1
5414	1
5415	1
5416	1
5417	1
5418	1
5419	1
5420	1
5421	1
5422	1
5423	1
5424	1
5425	1
5426	1
5427	1
5428	1
5429	1
5430	1
5431	1
5432	1
5433	1
5434	1
5435	1
5436	1
5437	1
5438	1
5439	1
5440	1
5441	1
5442	1
5443	1
5444	1
5445	1
5446	1
5447	1
5448	1
5449	1
5450	1
5451	1
5452	1
5453	1
5454	1
5455	1
5456	1
5457	1
5458	1
5459	1
5460	1
5461	1
5462	1
5463	1
5464	1
5465	1
5466	1
5467	1
5468	1
5469	1
5470	1
5471	1
5472	1
5473	1
5474	1
5475	1
5476	1
5477	1
5478	1
5479	1
5480	1
5481	1
5482	1
5483	1
5484	1
5485	1
5486	1
5487	1
5488	1
5489	1
5490	1
5491	1
5492	1
5493	1
5494	1
5495	1
5496	1
5497	1
5498	1
5499	1
5500	1
5501	1
5502	1
5503	1
5504	1
5505	1
5506	1
5507	1
5508	1
5509	1
5510	1
5511	1
5512	1
5513	1
5514	1
5515	1
5516	1
5517	1
5518	1
5519	1
5520	1
5521	1
5522	1
5523	1
5524	1
5525	1
5526	1
5527	1
5528	1
5529	1
5530	1
5531	1
5532	1
5533	1
5534	1
5535	1
5536	1
5537	1
5538	1
5539	1
5540	1
5541	1
5542	1
5543	1
5544	1
5545	1
5546	1
5547	1
5548	1
5549	1
5550	1
5551	1
5552	1
5553	1
5554	1
5555	1
5556	1
5557	1
5558	1
5559	1
5560	1
5561	1
5562	1
5563	1
5564	1
5565	1
5566	1
5567	1
5568	1
5569	1
5570	1
5571	1
5572	1
5573	1
5574	1
5575	1
5576	1
5577	1
5578	1
5579	1
5580	1
5581	1
5582	1
5583	1
5584	1
5585	1
5586	1
5587	1
5588	1
5589	1
5590	1
5591	1
5592	1
5593	1
5594	1
5595	1
5596	1
5597	1
5598	1
5599	1
5600	1
5601	1
5602	1
5603	1
5604	1
5605	1
5606	1
5607	1
5608	1
5609	1
5610	1
5611	1
5612	1
5613	1
5614	1
5615	1
5616	1
5617	1
5618	1
5619	1
5620	1
5621	1
5622	1
5623	1
5624	1
5625	1
5626	1
5627	1
5628	1
5629	1
5630	1
5631	1
5632	1
5633	1
5634	1
5635	1
5636	1
5637	1
5638	1
5639	1
5640	1
5641	1
5642	1
5643	1
5644	1
5645	1
5646	1
5647	1
5648	1
5649	1
5650	1
5651	1
5652	1
5653	1
5654	1
5655	1
5656	1
5657	1
5658	1
5659	1
5660	1
5661	1
5662	1
5663	1
5664	1
5665	1
5666	1
5667	1
5668	1
5669	1
5670	1
5671	1
5672	1
5673	1
5674	1
5675	1
5676	1
5677	1
5678	1
5679	1
5680	1
5681	1
5682	1
5683	1
5684	1
5685	1
5686	1
5687	1
5688	1
5689	1
5690	1
5691	1
5692	1
5693	1
5694	1
5695	1
5696	1
5697	1
5698	1
5699	1
5700	1
5701	1
5702	1
5703	1
5704	1
5705	1
5706	1
5707	1
5708	1
5709	1
5710	1
5711	1
5712	1
5713	1
5714	1
5715	1
5716	1
5717	1
5718	1
5719	1
5720	1
5721	1
5722	1
5723	1
5724	1
5725	1
5726	1
5727	1
5728	1
5729	1
5730	1
5731	1
5732	1
5733	1
5734	1
5735	1
5736	1
5737	1
5738	1
5739	1
5740	1
5741	1
5742	1
5743	1
5744	1
5745	1
5746	1
5747	1
5748	1
5749	1
5750	1
5751	1
5752	1
5753	1
5754	1
5755	1
5756	1
5757	1
5758	1
5759	1
5760	1
5761	1
5762	1
5763	1
5764	1
5765	1
5766	1
5767	1
5768	1
5769	1
5770	1
5771	1
5772	1
5773	1
5774	1
5775	1
5776	1
5777	1
5778	1
5779	1
5780	1
5781	1
5782	1
5783	1
5784	1
5785	1
5786	1
5787	1
5788	1
5789	1
5790	1
5791	1
5792	1
5793	1
5794	1
5795	1
5796	1
5797	1
5798	1
5799	1
5800	1
5801	1
5802	1
5803	1
5804	1
5805	1
5806	1
5807	1
5808	1
5809	1
5810	1
5811	1
5812	1
5813	1
5814	1
5815	1
5816	1
5817	1
5818	1
5819	1
5820	1
5821	1
5822	1
5823	1
5824	1
5825	1
5826	1
5827	1
5828	1
5829	1
5830	1
5831	1
5832	1
5833	1
5834	1
5835	1
5836	1
5837	1
5838	1
5839	1
5840	1
5841	1
5842	1
5843	1
5844	1
5845	1
5846	1
5847	1
5848	1
5849	1
5850	1
5851	1
5852	1
5853	1
5854	1
5855	1
5856	1
5857	1
5858	1
5859	1
5860	1
5861	1
5862	1
5863	1
5864	1
5865	1
5866	1
5867	1
5868	1
5869	1
5870	1
5871	1
5872	1
5873	1
5874	1
5875	1
5876	1
5877	1
5878	1
5879	1
5880	1
5881	1
5882	1
5883	1
5884	1
5885	1
5886	1
5887	1
5888	1
5889	1
5890	1
5891	1
5892	1
5893	1
5894	1
5895	1
5896	1
5897	1
5898	1
5899	1
5900	1
5901	1
5902	1
5903	1
5904	1
5905	1
5906	1
5907	1
5908	1
5909	1
5910	1
5911	1
5912	1
5913	1
5914	1
5915	1
5916	1
5917	1
5918	1
5919	1
5920	1
5921	1
5922	1
5923	1
5924	1
5925	1
5926	1
5927	1
5928	1
5929	1
5930	1
5931	1
5932	1
5933	1
5934	1
5935	1
5936	1
5937	1
5938	1
5939	1
5940	1
5941	1
5942	1
5943	1
5944	1
5945	1
5946	1
5947	1
5948	1
5949	1
5950	1
5951	1
5952	1
5953	1
5954	1
5955	1
5956	1
5957	1
5958	1
5959	1
5960	1
5961	1
5962	1
5963	1
5964	1
5965	1
5966	1
5967	1
5968	1
5969	1
5970	1
5971	1
5972	1
5973	1
5974	1
5975	1
5976	1
5977	1
5978	1
5979	1
5980	1
5981	1
5982	1
5983	1
5984	1
5985	1
5986	1
5987	1
5988	1
5989	1
5990	1
5991	1
5992	1
5993	1
5994	1
5995	1
5996	1
5997	1
5998	1
5999	1
6000	1
6001	1
6002	1
6003	1
6004	1
6005	1
6006	1
6007	1
6008	1
6009	1
6010	1
6011	1
6012	1
6013	1
6014	1
6015	1
6016	1
6017	1
6018	1
6019	1
6020	1
6021	1
6022	1
6023	1
6024	1
6025	1
6026	1
6027	1
6028	1
6029	1
6030	1
6031	1
6032	1
6033	1
6034	1
6035	1
6036	1
6037	1
6038	1
6039	1
6040	1
6041	1
6042	1
6043	1
6044	1
6045	1
6046	1
6047	1
6048	1
6049	1
6050	1
6051	1
6052	1
6053	1
6054	1
6055	1
6056	1
6057	1
6058	1
6059	1
6060	1
6061	1
6062	1
6063	1
6064	1
6065	1
6066	1
6067	1
6068	1
6069	1
6070	1
6071	1
6072	1
6073	1
6074	1
6075	1
6076	1
6077	1
6078	1
6079	1
6080	1
6081	1
6082	1
6083	1
6084	1
6085	1
6086	1
6087	1
6088	1
6089	1
6090	1
6091	1
6092	1
6093	1
6094	1
6095	1
6096	1
6097	1
6098	1
6099	1
6100	1
6101	1
6102	1
6103	1
6104	1
6105	1
6106	1
6107	1
6108	1
6109	1
6110	1
6111	1
6112	1
6113	1
6114	1
6115	1
6116	1
6117	1
6118	1
6119	1
6120	1
6121	1
6122	1
6123	1
6124	1
6125	1
6126	1
6127	1
6128	1
6129	1
6130	1
6131	1
6132	1
6133	1
6134	1
6135	1
6136	1
6137	1
6138	1
6139	1
6140	1
6141	1
6142	1
6143	1
6144	1
6145	1
6146	1
6147	1
6148	1
6149	1
6150	1
6151	1
6152	1
6153	1
6154	1
6155	1
6156	1
6157	1
6158	1
6159	1
6160	1
6161	1
6162	1
6163	1
6164	1
6165	1
6166	1
6167	1
6168	1
6169	1
6170	1
6171	1
6172	1
6173	1
6174	1
6175	1
6176	1
6177	1
6178	1
6179	1
6180	1
6181	1
6182	1
6183	1
6184	1
6185	1
6186	1
6187	1
6188	1
6189	1
6190	1
6191	1
6192	1
6193	1
6194	1
6195	1
6196	1
6197	1
6198	1
6199	1
6200	1
6201	1
6202	1
6203	1
6204	1
6205	1
6206	1
6207	1
6208	1
6209	1
6210	1
6211	1
6212	1
6213	1
6214	1
6215	1
6216	1
6217	1
6218	1
6219	1
6220	1
6221	1
6222	1
6223	1
6224	1
6225	1
6226	1
6227	1
6228	1
6229	1
6230	1
6231	1
6232	1
6233	1
6234	1
6235	1
6236	1
6237	1
6238	1
6239	1
6240	1
6241	1
6242	1
6243	1
6244	1
6245	1
6246	1
6247	1
6248	1
6249	1
6250	1
6251	1
6252	1
6253	1
6254	1
6255	1
6256	1
6257	1
6258	1
6259	1
6260	1
6261	1
6262	1
6263	1
6264	1
6265	1
6266	1
6267	1
6268	1
6269	1
6270	1
6271	1
6272	1
6273	1
6274	1
6275	1
6276	1
6277	1
6278	1
6279	1
6280	1
6281	1
6282	1
6283	1
6284	1
6285	1
6286	1
6287	1
6288	1
6289	1
6290	1
6291	1
6292	1
6293	1
6294	1
6295	1
6296	1
6297	1
6298	1
6299	1
6300	1
6301	1
6302	1
6303	1
6304	1
6305	1
6306	1
6307	1
6308	1
6309	1
6310	1
6311	1
6312	1
6313	1
6314	1
6315	1
6316	1
6317	1
6318	1
6319	1
6320	1
6321	1
6322	1
6323	1
6324	1
6325	1
6326	1
6327	1
6328	1
6329	1
6330	1
6331	1
6332	1
6333	1
6334	1
6335	1
6336	1
6337	1
6338	1
6339	1
6340	1
6341	1
6342	1
6343	1
6344	1
6345	1
6346	1
6347	1
6348	1
6349	1
6350	1
6351	1
6352	1
6353	1
6354	1
6355	1
6356	1
6357	1
6358	1
6359	1
6360	1
6361	1
6362	1
6363	1
6364	1
6365	1
6366	1
6367	1
6368	1
6369	1
6370	1
6371	1
6372	1
6373	1
6374	1
6375	1
6376	1
6377	1
6378	1
6379	1
6380	1
6381	1
6382	1
6383	1
6384	1
6385	1
6386	1
6387	1
6388	1
6389	1
6390	1
6391	1
6392	1
6393	1
6394	1
6395	1
6396	1
6397	1
6398	1
6399	1
6400	1
6401	1
6402	1
6403	1
6404	1
6405	1
6406	1
6407	1
6408	1
6409	1
6410	1
6411	1
6412	1
6413	1
6414	1
6415	1
6416	1
6417	1
6418	1
6419	1
6420	1
6421	1
6422	1
6423	1
6424	1
6425	1
6426	1
6427	1
6428	1
6429	1
6430	1
6431	1
6432	1
6433	1
6434	1
6435	1
6436	1
6437	1
6438	1
6439	1
6440	1
6441	1
6442	1
6443	1
6444	1
6445	1
6446	1
6447	1
6448	1
6449	1
6450	1
6451	1
6452	1
6453	1
6454	1
6455	1
6456	1
6457	1
6458	1
6459	1
6460	1
6461	1
6462	1
6463	1
6464	1
6465	1
6466	1
6467	1
6468	1
6469	1
6470	1
6471	1
6472	1
6473	1
6474	1
6475	1
6476	1
6477	1
6478	1
6479	1
6480	1
6481	1
6482	1
6483	1
6484	1
6485	1
6486	1
6487	1
6488	1
6489	1
6490	1
6491	1
6492	1
6493	1
6494	1
6495	1
6496	1
6497	1
6498	1
6499	1
6500	1
6501	1
6502	1
6503	1
6504	1
6505	1
6506	1
6507	1
6508	1
6509	1
6510	1
6511	1
6512	1
6513	1
6514	1
6515	1
6516	1
6517	1
6518	1
6519	1
6520	1
6521	1
6522	1
6523	1
6524	1
6525	1
6526	1
6527	1
6528	1
6529	1
6530	1
6531	1
6532	1
6533	1
6534	1
6535	1
6536	1
6537	1
6538	1
6539	1
6540	1
6541	1
6542	1
6543	1
6544	1
6545	1
6546	1
6547	1
6548	1
6549	1
6550	1
6551	1
6552	1
6553	1
6554	1
6555	1
6556	1
6557	1
6558	1
6559	1
6560	1
6561	1
6562	1
6563	1
6564	1
6565	1
6566	1
6567	1
6568	1
6569	1
6570	1
6571	1
6572	1
6573	1
6574	1
6575	1
6576	1
6577	1
6578	1
6579	1
6580	1
6581	1
6582	1
6583	1
6584	1
6585	1
6586	1
6587	1
6588	1
6589	1
6590	1
6591	1
6592	1
6593	1
6594	1
6595	1
6596	1
6597	1
6598	1
6599	1
6600	1
6601	1
6602	1
6603	1
6604	1
6605	1
6606	1
6607	1
6608	1
6609	1
6610	1
6611	1
6612	1
6613	1
6614	1
6615	1
6616	1
6617	1
6618	1
6619	1
6620	1
6621	1
6622	1
6623	1
6624	1
6625	1
6626	1
6627	1
6628	1
6629	1
6630	1
6631	1
6632	1
6633	1
6634	1
6635	1
6636	1
6637	1
6638	1
6639	1
6640	1
6641	1
6642	1
6643	1
6644	1
6645	1
6646	1
6647	1
6648	1
6649	1
6650	1
6651	1
6652	1
6653	1
6654	1
6655	1
6656	1
6657	1
6658	1
6659	1
6660	1
6661	1
6662	1
6663	1
6664	1
6665	1
6666	1
6667	1
6668	1
6669	1
6670	1
6671	1
6672	1
6673	1
6674	1
6675	1
6676	1
6677	1
6678	1
6679	1
6680	1
6681	1
6682	1
6683	1
6684	1
6685	1
6686	1
6687	1
6688	1
6689	1
6690	1
6691	1
6692	1
6693	1
6694	1
6695	1
6696	1
6697	1
6698	1
6699	1
6700	1
6701	1
6702	1
6703	1
6704	1
6705	1
6706	1
6707	1
6708	1
6709	1
6710	1
6711	1
6712	1
6713	1
6714	1
6715	1
6716	1
6717	1
6718	1
6719	1
6720	1
6721	1
6722	1
6723	1
6724	1
6643	2
6644	2
6645	2
6646	2
6647	2
6648	2
6649	2
6650	2
6651	2
6652	2
6653	2
6654	2
6655	2
6656	2
6657	2
6658	2
6659	2
6660	2
6661	2
6662	2
6663	2
6664	2
6665	2
6666	2
6667	2
6668	2
6669	2
6670	2
6671	2
6672	2
6673	2
6674	2
6675	2
6676	2
6677	2
6678	2
6679	2
6680	2
6681	2
6682	2
6683	2
6684	2
6685	2
6686	2
6687	2
6688	2
6689	2
6690	2
6691	2
6692	2
6693	2
6694	2
6695	2
6696	2
6697	2
6698	2
6699	2
6700	2
6701	2
6702	2
6703	2
6704	2
6705	2
6706	2
6707	2
6708	2
6709	2
6710	2
6711	2
6712	2
6713	2
6714	2
6715	2
6716	2
6717	2
6718	2
6719	2
6720	2
6721	2
6722	2
6723	2
6724	2
6725	2
6726	2
6727	2
6728	2
6729	2
6730	2
6731	2
6732	2
6733	2
6734	2
6735	2
6736	2
6737	2
6738	2
6739	2
6740	2
6741	2
6742	2
6743	2
6744	2
6745	2
6746	2
6747	2
6748	2
6749	2
6750	2
6751	2
6752	2
6753	2
6754	2
6755	2
6756	2
6757	2
6758	2
6759	2
6760	2
6761	2
6762	2
6763	2
6764	2
6765	2
6766	2
6767	2
6768	2
6769	2
6770	2
6771	2
6772	2
6773	2
6774	2
6775	2
6776	2
6777	2
6778	2
6779	2
6780	2
6781	2
6782	2
6783	2
6784	2
6785	2
6786	2
6787	2
6788	2
6789	2
6790	2
6791	2
6792	2
6793	2
6794	2
6795	2
6796	2
6797	2
6798	2
6799	2
6800	2
6801	2
6802	2
6803	2
6804	2
6805	2
6806	2
6807	2
6808	2
6809	2
6810	2
6811	2
6812	2
6813	2
6814	2
6815	2
6816	2
6817	2
6818	2
6819	2
6820	2
6821	2
6822	2
6823	2
6824	2
6825	2
6826	2
6827	2
6828	2
6829	2
6830	2
6831	2
6832	2
6833	2
6834	2
6835	2
6836	2
6837	2
6838	2
6839	2
6840	2
6841	2
6842	2
6843	2
6844	2
6845	2
6846	2
6847	2
6848	2
6849	2
6850	2
6851	2
6852	2
6853	2
6854	2
6855	2
6856	2
6857	2
6858	2
6859	2
6860	2
6861	2
6862	2
6863	2
6864	2
6865	2
6866	2
6867	2
6868	2
6869	2
6870	2
6871	2
6872	2
6873	2
6874	2
6875	2
6876	2
6877	2
6878	2
6879	2
6880	2
6881	2
6882	2
6883	2
6884	2
6885	2
6886	2
6887	2
6888	2
6889	2
6890	2
6891	2
6892	2
6893	2
6894	2
6895	2
6896	2
6897	2
6898	2
6899	2
6900	2
6901	2
6902	2
6903	2
6904	2
6905	2
6906	2
6907	2
6908	2
6909	2
6910	2
6911	2
6912	2
6913	2
6914	2
6915	2
6916	2
6917	2
6918	2
6919	2
6920	2
6921	2
6922	2
6923	2
6924	2
6925	2
6926	2
6927	2
6928	2
6929	2
6930	2
6931	2
6932	2
6933	2
6934	2
6935	2
6936	2
6937	2
6938	2
6939	2
6940	2
6941	2
6942	2
6943	2
6944	2
6945	2
6946	2
6947	2
6948	2
6949	2
6950	2
6951	2
6952	2
6953	2
6954	2
6955	2
6956	2
6957	2
6958	2
6959	2
6960	2
6961	2
6962	2
6963	2
6964	2
6965	2
6966	2
6967	2
6968	2
6969	2
6970	2
6971	2
6972	2
6973	2
6974	2
6975	2
6976	2
6977	2
6978	2
6979	2
6980	2
6981	2
6982	2
6983	2
6984	2
6985	2
6986	2
6987	2
6988	2
6989	2
6990	2
6991	2
6992	2
6993	2
6994	2
6995	2
6996	2
6997	2
6998	2
6999	2
7000	2
7001	2
7002	2
7003	2
7004	2
7005	2
7006	2
7007	2
7008	2
7009	2
7010	2
7011	2
7012	2
7013	2
7014	2
7015	2
7016	2
7017	2
7018	2
7019	2
7020	2
7021	2
7022	2
7023	2
7024	2
7025	2
7026	2
7027	2
7028	2
7029	2
7030	2
7031	2
7032	2
7033	2
7034	2
7035	2
7036	2
7037	2
7038	2
7039	2
7040	2
7041	2
7042	2
7043	2
7044	2
7045	2
7046	2
7047	2
7048	2
7049	2
7050	2
7051	2
7052	2
7053	2
7054	2
7055	2
7056	2
7057	2
7058	2
7059	2
7060	2
7061	2
7062	2
7063	2
7064	2
7065	2
7066	2
7067	2
7068	2
7069	2
7070	2
7071	2
7072	2
7073	2
7074	2
7075	2
7076	2
7077	2
7078	2
7079	2
7080	2
7081	2
7082	2
7083	2
7084	2
7085	2
7086	2
7087	2
7088	2
7089	2
7090	2
7091	2
7092	2
7093	2
7094	2
7095	2
7096	2
7097	2
7098	2
7099	2
7100	2
7101	2
7102	2
7103	2
7104	2
7105	2
7106	2
7107	2
7108	2
7109	2
7110	2
7111	2
7112	2
7113	2
7114	2
7115	2
7116	2
7117	2
7118	2
7119	2
7120	2
7121	2
7122	2
7123	2
7124	2
7125	2
7126	2
7127	2
7128	2
7129	2
7130	2
7131	2
7132	2
7133	2
7134	2
7135	2
7136	2
7137	2
7138	2
7139	2
7140	2
7141	2
7142	2
7143	2
7144	2
7145	2
7146	2
7147	2
7148	2
7149	2
7150	2
7151	2
7152	2
7153	2
7154	2
7155	2
7156	2
7157	2
7158	2
7159	2
7160	2
7161	2
7162	2
7163	2
7164	2
7165	2
7166	2
7167	2
7168	2
7169	2
7170	2
7171	2
7172	2
7173	2
7174	2
7175	2
7176	2
7177	2
7178	2
7179	2
7180	2
7181	2
7182	2
7183	2
7184	2
7185	2
7186	2
7187	2
7188	2
7189	2
7190	2
7191	2
7192	2
7193	2
7194	2
7195	2
7196	2
7197	2
7198	2
7199	2
7200	2
7201	2
7202	2
7203	2
7204	2
7205	2
7206	2
7207	2
7208	2
7209	2
7210	2
7211	2
7212	2
7213	2
7214	2
7215	2
7216	2
7217	2
7218	2
7219	2
7220	2
7221	2
7222	2
7223	2
7224	2
7225	2
7226	2
7227	2
7228	2
7229	2
7230	2
7231	2
7232	2
7233	2
7234	2
7235	2
7236	2
7237	2
7238	2
7239	2
7240	2
7241	2
7242	2
7243	2
7244	2
7245	2
7246	2
7247	2
7248	2
7249	2
7250	2
7251	2
7252	2
7253	2
7254	2
7255	2
7256	2
7257	2
7258	2
7259	2
7260	2
7261	2
7262	2
7263	2
7264	2
7265	2
7266	2
7267	2
7268	2
7269	2
7270	2
7271	2
7272	2
7273	2
7274	2
7275	2
7276	2
7277	2
7278	2
7279	2
7280	2
7281	2
7282	2
7283	2
7284	2
7285	2
7286	2
7287	2
7288	2
7289	2
7290	2
7291	2
7292	2
7293	2
7294	2
7295	2
7296	2
7297	2
7298	2
7299	2
7300	2
7301	2
7302	2
7303	2
7304	2
7305	2
7306	2
7307	2
7308	2
7309	2
7310	2
7311	2
7312	2
7313	2
7314	2
7315	2
7316	2
7317	2
7318	2
7319	2
7320	2
7321	2
7322	2
7323	2
7324	2
7325	2
7326	2
7327	2
7328	2
7329	2
7330	2
7331	2
7332	2
7333	2
7334	2
7335	2
7336	2
7337	2
7338	2
7339	2
7340	2
7341	2
7342	2
7343	2
7344	2
7345	2
7346	2
7347	2
7348	2
7349	2
7350	2
7351	2
7352	2
7353	2
7354	2
7355	2
7356	2
7357	2
7358	2
7359	2
7360	2
7361	2
7362	2
7363	2
7364	2
7365	2
7366	2
7367	2
7368	2
7369	2
7370	2
7371	2
7372	2
7373	2
7374	2
7375	2
7376	2
7377	2
7378	2
7379	2
7380	2
7381	2
7382	2
7383	2
7384	2
7385	2
7386	2
7387	2
7388	2
7389	2
7390	2
7391	2
7392	2
7393	2
7394	2
7395	2
7396	2
7397	2
7398	2
7399	2
7400	2
7401	2
7402	2
7403	2
7404	2
7405	2
7406	2
7407	2
7408	2
7409	2
7410	2
7411	2
7412	2
7413	2
7414	2
7415	2
7416	2
7417	2
7418	2
7419	2
7420	2
7421	2
7422	2
7423	2
7424	2
7425	2
7426	2
7427	2
7428	2
7429	2
7430	2
7431	2
7432	2
7433	2
7434	2
7435	2
7436	2
7437	2
7438	2
7439	2
7440	2
7441	2
7442	2
7443	2
7444	2
7445	2
7446	2
7447	2
7448	2
7449	2
7450	2
7451	2
7452	2
7453	2
7454	2
7455	2
7456	2
7457	2
7458	2
7459	2
7460	2
7461	2
7462	2
7463	2
7464	2
7465	2
7466	2
7467	2
7468	2
7469	2
7470	2
7471	2
7472	2
7473	2
7474	2
7475	2
7476	2
7477	2
7478	2
7479	2
7480	2
7481	2
7482	2
7483	2
7484	2
7485	2
7486	2
7487	2
7488	2
7489	2
7490	2
7491	2
7492	2
7493	2
7494	2
7495	2
7496	2
7497	2
7498	2
7499	2
7500	2
7501	2
7502	2
7503	2
7504	2
7505	2
7506	2
7507	2
7508	2
7509	2
7510	2
7511	2
7512	2
7513	2
7514	2
7515	2
7516	2
7517	2
7518	2
7519	2
7520	2
7521	2
7522	2
7523	2
7524	2
7525	2
7526	2
7527	2
7528	2
7529	2
7530	2
7531	2
7532	2
7533	2
7534	2
7535	2
7536	2
7537	2
7538	2
7539	2
7540	2
7541	2
7542	2
7543	2
7544	2
7545	2
7546	2
7547	2
7548	2
7549	2
7550	2
7551	2
7552	2
7553	2
7554	2
7555	2
7556	2
7557	2
7558	2
7559	2
7560	2
7561	2
7562	2
7563	2
7564	2
7565	2
7566	2
7567	2
7568	2
7569	2
7570	2
7571	2
7572	2
7573	2
7574	2
7575	2
7576	2
7577	2
7578	2
7579	2
7580	2
7581	2
7582	2
7583	2
7584	2
7585	2
7586	2
7587	2
7588	2
7589	2
7590	2
7591	2
7592	2
7593	2
7594	2
7595	2
7596	2
7597	2
7598	2
7599	2
7600	2
7601	2
7602	2
7603	2
7604	2
7605	2
7606	2
7607	2
7608	2
7609	2
7610	2
7611	2
7612	2
7613	2
7614	2
7615	2
7616	2
7617	2
7618	2
7619	2
7620	2
7621	2
7622	2
7623	2
7624	2
7625	2
7626	2
7627	2
7628	2
7629	2
7630	2
7631	2
7632	2
7633	2
7634	2
7635	2
7636	2
7637	2
7638	2
7639	2
7640	2
7641	2
7642	2
7643	2
7644	2
7645	2
7646	2
7647	2
7648	2
7649	2
7650	2
7651	2
7652	2
7653	2
7654	2
7655	2
7656	2
7657	2
7658	2
7659	2
7660	2
7661	2
7662	2
7663	2
7664	2
7665	2
7666	2
7667	2
7668	2
7669	2
7670	2
7671	2
7672	2
7673	2
7674	2
7675	2
7676	2
7677	2
7678	2
7679	2
7680	2
7681	2
7682	2
7683	2
7684	2
7685	2
7686	2
7687	2
7688	2
7689	2
7690	2
7691	2
7692	2
7693	2
7694	2
7695	2
7696	2
7697	2
7698	2
7699	2
7700	2
7701	2
7702	2
7703	2
7704	2
7705	2
7706	2
7707	2
7708	2
7709	2
7710	2
7711	2
7712	2
7713	2
7714	2
7715	2
7716	2
7717	2
7718	2
7719	2
7720	2
7721	2
7722	2
7723	2
7724	2
7725	2
7726	2
7727	2
7728	2
7729	2
7730	2
7731	2
7732	2
7733	2
7734	2
7735	2
7736	2
7737	2
7738	2
7739	2
7740	2
7741	2
7742	2
7743	2
7744	2
7745	2
7746	2
7747	2
7748	2
7749	2
7750	2
7751	2
7752	2
7753	2
7754	2
7755	2
7756	2
7757	2
7758	2
7759	2
7760	2
7761	2
7762	2
7763	2
7764	2
7765	2
7766	2
7767	2
7768	2
7769	2
7770	2
7771	2
7772	2
7773	2
7774	2
7775	2
7776	2
7777	2
7778	2
7779	2
7780	2
7781	2
7782	2
7783	2
7784	2
7785	2
7786	2
7787	2
7788	2
7789	2
7790	2
7791	2
7792	2
7793	2
7794	2
7795	2
7796	2
7797	2
7798	2
7799	2
7800	2
7801	2
7802	2
7803	2
7804	2
7805	2
7806	2
7807	2
7808	2
7809	2
7810	2
7811	2
7812	2
7813	2
7814	2
7815	2
7816	2
7817	2
7818	2
7819	2
7820	2
7821	2
7822	2
7823	2
7824	2
7825	2
7826	2
7827	2
7828	2
7829	2
7830	2
7831	2
7832	2
7833	2
7834	2
7835	2
7836	2
7837	2
7838	2
7839	2
7840	2
7841	2
7842	2
7843	2
7844	2
7845	2
7846	2
7847	2
7848	2
7849	2
7850	2
7851	2
7852	2
7853	2
7854	2
7855	2
7856	2
7857	2
7858	2
7859	2
7860	2
7861	2
7862	2
7863	2
7864	2
7865	2
7866	2
7867	2
7868	2
7869	2
7870	2
7871	2
7872	2
7873	2
7874	2
7875	2
7876	2
7877	2
7878	2
7879	2
7880	2
7881	2
7882	2
7883	2
7884	2
7885	2
7886	2
7887	2
7888	2
7889	2
7890	2
7891	2
7892	2
7893	2
7894	2
7895	2
7896	2
7897	2
7898	2
7899	2
7900	2
7901	2
7902	2
7903	2
7904	2
7905	2
7906	2
7907	2
7908	2
7909	2
7910	2
7911	2
7912	2
7913	2
7914	2
7915	2
7916	2
7917	2
7918	2
7919	2
7920	2
7921	2
7922	2
7923	2
7924	2
7925	2
7926	2
7927	2
7928	2
7929	2
7930	2
7931	2
7932	2
7933	2
7934	2
7935	2
7936	2
7937	2
7938	2
7939	2
7940	2
7941	2
7942	2
7943	2
7944	2
7945	2
7946	2
7947	2
7948	2
7949	2
7950	2
7951	2
7952	2
7953	2
7954	2
7955	2
7956	2
7957	2
7958	2
7959	2
7960	2
7961	2
7962	2
7963	2
7964	2
7965	2
7966	2
7967	2
7968	2
7969	2
7970	2
7971	2
7972	2
7973	2
7974	2
7975	2
7976	2
7977	2
7978	2
7979	2
7980	2
7981	2
7982	2
7983	2
7984	2
7985	2
7986	2
7987	2
7988	2
7989	2
7990	2
7991	2
7992	2
7993	2
7994	2
7995	2
7996	2
7997	2
7998	2
7999	2
8000	2
8001	2
8002	2
8003	2
8004	2
8005	2
8006	2
8007	2
8008	2
8009	2
8010	2
8011	2
8012	2
8013	2
8014	2
8015	2
8016	2
8017	2
8018	2
8019	2
8020	2
8021	2
8022	2
8023	2
8024	2
8025	2
8026	2
8027	2
8028	2
8029	2
8030	2
8031	2
8032	2
8033	2
8034	2
8035	2
8036	2
8037	2
8038	2
8039	2
8040	2
8041	2
8042	2
8043	2
8044	2
8045	2
8046	2
8047	2
8048	2
8049	2
8050	2
8051	2
8052	2
8053	2
8054	2
8055	2
8056	2
8057	2
8058	2
8059	2
8060	2
8061	2
8062	2
8063	2
8064	2
8065	2
8066	2
8067	2
8068	2
8069	2
8070	2
8071	2
8072	2
8073	2
8074	2
8075	2
8076	2
8077	2
8078	2
8079	2
8080	2
8081	2
8082	2
8083	2
8084	2
8085	2
8086	2
8087	2
8088	2
8089	2
8090	2
8091	2
8092	2
8093	2
8094	2
8095	2
8096	2
8097	2
8098	2
8099	2
8100	2
8101	2
8102	2
8103	2
8104	2
8105	2
8106	2
8107	2
8108	2
8109	2
8110	2
8111	2
8112	2
8113	2
8114	2
8115	2
8116	2
8117	2
8118	2
8119	2
8120	2
8121	2
8122	2
8123	2
8124	2
8125	2
8126	2
8127	2
8128	2
8129	2
8130	2
8131	2
8132	2
8133	2
8134	2
8135	2
8136	2
8137	2
8138	2
8139	2
8140	2
8141	2
8142	2
8143	2
8144	2
8145	2
8146	2
8147	2
8148	2
8149	2
8150	2
8151	2
8152	2
8153	2
8154	2
8155	2
8156	2
8157	2
8158	2
8159	2
8160	2
8161	2
8162	2
8163	2
8164	2
8165	2
8166	2
8167	2
8168	2
8169	2
8170	2
8171	2
8172	2
8173	2
8174	2
8175	2
8176	2
8177	2
8178	2
8179	2
8180	2
8181	2
8182	2
8183	2
8184	2
8185	2
8186	2
8187	2
8188	2
8189	2
8190	2
8191	2
8192	2
8193	2
8194	2
8195	2
8196	2
8197	2
8198	2
8199	2
8200	2
8201	2
8202	2
8203	2
8204	2
8205	2
8206	2
8207	2
8208	2
8209	2
8210	2
8211	2
8212	2
8213	2
8214	2
8215	2
8216	2
8217	2
8218	2
8219	2
8220	2
8221	2
8222	2
8223	2
8224	2
8225	2
8226	2
8227	2
8228	2
8229	2
8230	2
8231	2
8232	2
8233	2
8234	2
8235	2
8236	2
8237	2
8238	2
8239	2
8240	2
8241	2
8242	2
8243	2
8244	2
8245	2
8246	2
8247	2
8248	2
8249	2
8250	2
8251	2
8252	2
8253	2
8254	2
8255	2
8256	2
8257	2
8258	2
8259	2
8260	2
8261	2
8262	2
8263	2
8264	2
8265	2
8266	2
8267	2
8268	2
8269	2
8270	2
8271	2
8272	2
8273	2
8274	2
8275	2
8276	2
8277	2
8278	2
8279	2
8280	2
8281	2
8282	2
8283	2
8284	2
8285	2
8286	2
8287	2
8288	2
8289	2
8290	2
8291	2
8292	2
8293	2
8294	2
8295	2
8296	2
8297	2
8298	2
8299	2
8300	2
8301	2
8302	2
8303	2
8304	2
8305	2
8306	2
8307	2
8308	2
8309	2
8310	2
8311	2
8312	2
8313	2
8314	2
8315	2
8316	2
8317	2
8318	2
8319	2
8320	2
8321	2
8322	2
8323	2
8324	2
8325	2
8326	2
8327	2
8328	2
8329	2
8330	2
8331	2
8332	2
8333	2
8334	2
8335	2
8336	2
8337	2
8338	2
8339	2
8340	2
8341	2
8342	2
8343	2
8344	2
8345	2
8346	2
8347	2
8348	2
8349	2
8350	2
8351	2
8352	2
8353	2
8354	2
8355	2
8356	2
8357	2
8358	2
8359	2
8360	2
8361	2
8362	2
8363	2
8364	2
8365	2
8366	2
8367	2
8368	2
8369	2
8370	2
8371	2
8372	2
8373	2
8374	2
8375	2
8376	2
8377	2
8378	2
8379	2
8380	2
8381	2
8382	2
8383	2
8384	2
8385	2
8386	2
8387	2
8388	2
8389	2
8390	2
8391	2
8392	2
8393	2
8394	2
8395	2
8396	2
8397	2
8398	2
8399	2
8400	2
8401	2
8402	2
8403	2
8404	2
8405	2
8406	2
8407	2
8408	2
8409	2
8410	2
8411	2
8412	2
8413	2
8414	2
8415	2
8416	2
8417	2
8418	2
8419	2
8420	2
8421	2
8422	2
8423	2
8424	2
8425	2
8426	2
8427	2
8428	2
8429	2
8430	2
8431	2
8432	2
8433	2
8434	2
8435	2
8436	2
8437	2
8438	2
8439	2
8440	2
8441	2
8442	2
8443	2
8444	2
8445	2
8446	2
8447	2
8448	2
8449	2
8450	2
8451	2
8452	2
8453	2
8454	2
8455	2
8456	2
8457	2
8458	2
8459	2
8460	2
8461	2
8462	2
8463	2
8464	2
8465	2
8466	2
8467	2
8468	2
8469	2
8470	2
8471	2
8472	2
8473	2
8474	2
8475	2
8476	2
8477	2
8478	2
8479	2
8480	2
8481	2
8482	2
8483	2
8484	2
8485	2
8486	2
8487	2
8488	2
8489	2
8490	2
8491	2
8492	2
8493	2
8494	2
8495	2
8496	2
8497	2
8498	2
8499	2
8500	2
8501	2
8502	2
8503	2
8504	2
8505	2
8506	2
8507	2
8508	2
8509	2
8510	2
8511	2
8512	2
8513	2
8514	2
8515	2
8516	2
8517	2
8518	2
8519	2
8520	2
8521	2
8522	2
8523	2
8524	2
8525	2
8526	2
8527	2
8528	2
8529	2
8530	2
8531	2
8532	2
8533	2
8534	2
8535	2
8536	2
8537	2
8538	2
8539	2
8540	2
8541	2
8542	2
8543	2
8544	2
8545	2
8546	2
8547	2
8548	2
8549	2
8550	2
8551	2
8552	2
8553	2
8554	2
8555	2
8556	2
8557	2
8558	2
8559	2
8560	2
8561	2
8562	2
8563	2
8564	2
8565	2
8566	2
8567	2
8568	2
8569	2
8570	2
8571	2
8572	2
8573	2
8574	2
8575	2
8576	2
8577	2
8578	2
8579	2
8580	2
8581	2
8582	2
8583	2
8584	2
8585	2
8586	2
8587	2
8588	2
8589	2
8590	2
8591	2
8592	2
8593	2
8594	2
8595	2
8596	2
8597	2
8598	2
8599	2
8600	2
8601	2
8602	2
8603	2
8604	2
8605	2
8606	2
8607	2
8608	2
8609	2
8610	2
8611	2
8612	2
8613	2
8614	2
8615	2
8616	2
8617	2
8618	2
8619	2
8620	2
8621	2
8622	2
8623	2
8624	2
8625	2
8626	2
8627	2
8628	2
8629	2
8630	2
8631	2
8632	2
8633	2
8634	2
8635	2
8636	2
8637	2
8638	2
8639	2
8640	2
8641	2
8642	2
8643	2
8644	2
8645	2
8646	2
8647	2
8648	2
8649	2
8650	2
8651	2
8652	2
8653	2
8654	2
8655	2
8656	2
8657	2
8658	2
8659	2
8660	2
8661	2
8662	2
8663	2
8664	2
8665	2
8666	2
8667	2
8668	2
8669	2
8670	2
8671	2
8672	2
8673	2
8674	2
8675	2
8676	2
8677	2
8678	2
8679	2
8680	2
8681	2
8682	2
8683	2
8684	2
8685	2
8686	2
8687	2
8688	2
8689	2
8690	2
8691	2
8692	2
8693	2
8694	2
8695	2
8696	2
8697	2
8698	2
8699	2
8700	2
8701	2
8702	2
8703	2
8704	2
8705	2
8706	2
8707	2
8708	2
8709	2
8710	2
8711	2
8712	2
8713	2
8714	2
8715	2
8716	2
8717	2
8718	2
8719	2
8720	2
8721	2
8722	2
8723	2
8724	2
8725	2
8726	2
8727	2
8728	2
8729	2
8730	2
8731	2
8732	2
8733	2
8734	2
8735	2
8736	2
8737	2
8738	2
8739	2
8740	2
8741	2
8742	2
8743	2
8744	2
8745	2
8746	2
8747	2
8748	2
8749	2
8750	2
8751	2
8752	2
8753	2
8754	2
8755	2
8756	2
8757	2
8758	2
8759	2
8760	2
8761	2
8762	2
8763	2
8764	2
8765	2
8766	2
8767	2
8768	2
8769	2
8770	2
8771	2
8772	2
8773	2
8774	2
8775	2
8776	2
8777	2
8778	2
8779	2
8780	2
8781	2
8782	2
8783	2
8784	2
8785	2
8786	2
8787	2
8788	2
8789	2
8790	2
8791	2
8792	2
8793	2
8794	2
8795	2
8796	2
8797	2
8798	2
8799	2
8800	2
8801	2
8802	2
8803	2
8804	2
8805	2
8806	2
8807	2
8808	2
8809	2
8810	2
8811	2
8812	2
8813	2
8814	2
8815	2
8816	2
8817	2
8818	2
8819	2
8820	2
8821	2
8822	2
8823	2
8824	2
8825	2
8826	2
8827	2
8828	2
8829	2
8830	2
8831	2
8832	2
8833	2
8834	2
8835	2
8836	2
8837	2
8838	2
8839	2
8840	2
8841	2
8842	2
8843	2
8844	2
8845	2
8846	2
8847	2
8848	2
8849	2
8850	2
8851	2
8852	2
8853	2
8854	2
8855	2
8856	2
8857	2
8858	2
8859	2
8860	2
8861	2
8862	2
8863	2
8864	2
8865	2
8866	2
8867	2
8868	2
8869	2
8870	2
8871	2
8872	2
8873	2
8874	2
8875	2
8876	2
8877	2
8878	2
8879	2
8880	2
8881	2
8882	2
8883	2
8884	2
8885	2
8886	2
8887	2
8888	2
8889	2
8890	2
8891	2
8892	2
8893	2
8894	2
8895	2
8896	2
8897	2
8898	2
8899	2
8900	2
8901	2
8902	2
8903	2
8904	2
8905	2
8906	2
8907	2
8908	2
8909	2
8910	2
8911	2
8912	2
8913	2
8914	2
8915	2
8916	2
8917	2
8918	2
8919	2
8920	2
8921	2
8922	2
8923	2
8924	2
8925	2
8926	2
8927	2
8928	2
8929	2
8930	2
8931	2
8932	2
8933	2
8934	2
8935	2
8936	2
8937	2
8938	2
8939	2
8940	2
8941	2
8942	2
8943	2
8944	2
8945	2
8946	2
8947	2
8948	2
8949	2
8950	2
8951	2
8952	2
8953	2
8954	2
8955	2
8956	2
8957	2
8958	2
8959	2
8960	2
8961	2
8962	2
8963	2
8964	2
8965	2
8966	2
8967	2
8968	2
8969	2
8970	2
8971	2
8972	2
8973	2
8974	2
8975	2
8976	2
8977	2
8978	2
8979	2
8980	2
8981	2
8982	2
8983	2
8984	2
8985	2
8986	2
8987	2
8988	2
8989	2
8990	2
8991	2
8992	2
8993	2
8994	2
8995	2
8996	2
8997	2
8998	2
8999	2
9000	2
9001	2
9002	2
9003	2
9004	2
9005	2
9006	2
9007	2
9008	2
9009	2
9010	2
9011	2
9012	2
9013	2
9014	2
9015	2
9016	2
9017	2
9018	2
9019	2
9020	2
9021	2
9022	2
9023	2
9024	2
9025	2
9026	2
9027	2
9028	2
9029	2
9030	2
9031	2
9032	2
9033	2
9034	2
9035	2
9036	2
9037	2
9038	2
9039	2
9040	2
9041	2
9042	2
9043	2
9044	2
9045	2
9046	2
9047	2
9048	2
9049	2
9050	2
9051	2
9052	2
9053	2
9054	2
9055	2
9056	2
9057	2
9058	2
9059	2
9060	2
9061	2
9062	2
9063	2
9064	2
9065	2
9066	2
9067	2
9068	2
9069	2
9070	2
9071	2
9072	2
9073	2
9074	2
9075	2
9076	2
9077	2
9078	2
9079	2
9080	2
9081	2
9082	2
9083	2
9084	2
9085	2
9086	2
9087	2
9088	2
9089	2
9090	2
9091	2
9092	2
9093	2
9094	2
9095	2
9096	2
9097	2
9098	2
9099	2
9100	2
9101	2
9102	2
9103	2
9104	2
9105	2
9106	2
9107	2
9108	2
9109	2
9110	2
9111	2
9112	2
9113	2
9114	2
9115	2
9116	2
9117	2
9118	2
9119	2
9120	2
9121	2
9122	2
9123	2
9124	2
9125	2
9126	2
9127	2
9128	2
9129	2
9130	2
9131	2
9132	2
9133	2
9134	2
9135	2
9136	2
9137	2
9138	2
9139	2
9140	2
9141	2
9142	2
9143	2
9144	2
9145	2
9146	2
9147	2
9148	2
9149	2
9150	2
9151	2
9152	2
9153	2
9154	2
9155	2
9156	2
9157	2
9158	2
9159	2
9160	2
9161	2
9162	2
9163	2
9164	2
9165	2
9166	2
9167	2
9168	2
9169	2
9170	2
9171	2
9172	2
9173	2
9174	2
9175	2
9176	2
9177	2
9178	2
9179	2
9180	2
9181	2
9182	2
9183	2
9184	2
9185	2
9186	2
9187	2
9188	2
9189	2
9190	2
9191	2
9192	2
9193	2
9194	2
9195	2
9196	2
9197	2
9198	2
9199	2
9200	2
9201	2
9202	2
9203	2
9204	2
9205	2
9206	2
9207	2
9208	2
9209	2
9210	2
9211	2
9212	2
9213	2
9214	2
9215	2
9216	2
9217	2
9218	2
9219	2
9220	2
9221	2
9222	2
9223	2
9224	2
9225	2
9226	2
9227	2
9228	2
9229	2
9230	2
9231	2
9232	2
9233	2
9234	2
9235	2
9236	2
9237	2
9238	2
9239	2
9240	2
9241	2
9242	2
9243	2
9244	2
9245	2
9246	2
9247	2
9248	2
9249	2
9250	2
9251	2
9252	2
9253	2
9254	2
9255	2
9256	2
9257	2
9258	2
9259	2
9260	2
9261	2
9262	2
9263	2
9264	2
9265	2
9266	2
9267	2
9268	2
9269	2
9270	2
9271	2
9272	2
9273	2
9274	2
9275	2
9276	2
9277	2
9278	2
9279	2
9280	2
9281	2
9282	2
9283	2
9284	2
9285	2
9286	2
9287	2
9288	2
9289	2
9290	2
9291	2
9292	2
9293	2
9294	2
9295	2
9296	2
9297	2
9298	2
9299	2
9300	2
9301	2
9302	2
9303	2
9304	2
9305	2
9306	2
9307	2
9308	2
9309	2
9310	2
9311	2
9312	2
9313	2
9314	2
9315	2
9316	2
9317	2
9318	2
9319	2
9320	2
9321	2
9322	2
9323	2
9324	2
9325	2
9326	2
9327	2
9328	2
9329	2
9330	2
9331	2
9332	2
9333	2
9334	2
9335	2
9336	2
9337	2
9338	2
9339	2
9340	2
9341	2
9342	2
9343	2
9344	2
9345	2
9346	2
9347	2
9348	2
9349	2
9350	2
9351	2
9352	2
9353	2
9354	2
9355	2
9356	2
9357	2
9358	2
9359	2
9360	2
9361	2
9362	2
9363	2
9364	2
9365	2
9366	2
9367	2
9368	2
9369	2
9370	2
9371	2
9372	2
9373	2
9374	2
9375	2
9376	2
9377	2
9378	2
9379	2
9380	2
9381	2
9382	2
9383	2
9384	2
9385	2
9386	2
9387	2
9388	2
9389	2
9390	2
9391	2
9392	2
9393	2
9394	2
9395	2
9396	2
9397	2
9398	2
9399	2
9400	2
9401	2
9402	2
9403	2
9404	2
9405	2
9406	2
9407	2
9408	2
9409	2
9410	2
9411	2
9412	2
9413	2
9414	2
9415	2
9416	2
9417	2
9418	2
9419	2
9420	2
9421	2
9422	2
9423	2
9424	2
9425	2
9426	2
9427	2
9428	2
9429	2
9430	2
9431	2
9432	2
9433	2
9434	2
9435	2
9436	2
9437	2
9438	2
9439	2
9440	2
9441	2
9442	2
9443	2
9444	2
9445	2
9446	2
9447	2
9448	2
9449	2
9450	2
9451	2
9452	2
9453	2
9454	2
9455	2
9456	2
9457	2
9458	2
9459	2
9460	2
9461	2
9462	2
9463	2
9464	2
9465	2
9466	2
9467	2
9468	2
9469	2
9470	2
9471	2
9472	2
9473	2
9474	2
9475	2
9476	2
9477	2
9478	2
9479	2
9480	2
9481	2
9482	2
9483	2
9484	2
9485	2
9486	2
9487	2
9488	2
9489	2
9490	2
9491	2
9492	2
9493	2
9494	2
9495	2
9496	2
9497	2
9498	2
9499	2
9500	2
9501	2
9502	2
9503	2
9504	2
9505	2
9506	2
9507	2
9508	2
9509	2
9510	2
9511	2
9512	2
9513	2
9514	2
9515	2
9516	2
9517	2
9518	2
9519	2
9520	2
9521	2
9522	2
9523	2
9524	2
9525	2
9526	2
9527	2
9528	2
9529	2
9530	2
9531	2
9532	2
9533	2
9534	2
9535	2
9536	2
9537	2
9538	2
9539	2
9540	2
9541	2
9542	2
9543	2
9544	2
9545	2
9546	2
9547	2
9548	2
9549	2
9550	2
9551	2
9552	2
9553	2
9554	2
9555	2
9556	2
9557	2
9558	2
9559	2
9560	2
9561	2
9562	2
9563	2
9564	2
9565	2
9566	2
9567	2
9568	2
9569	2
9570	2
9571	2
9572	2
9573	2
9574	2
9575	2
9576	2
9577	2
9578	2
9579	2
9580	2
9581	2
9582	2
9583	2
9584	2
9585	2
9586	2
9587	2
9588	2
9589	2
9590	2
9591	2
9592	2
9593	2
9594	2
9595	2
9596	2
9597	2
9598	2
9599	2
9600	2
9601	2
9602	2
9603	2
9604	2
9605	2
9606	2
9607	2
9608	2
9609	2
9610	2
9611	2
9612	2
9613	2
9614	2
9615	2
9616	2
9617	2
9618	2
9619	2
9620	2
9621	2
9622	2
9623	2
9624	2
9625	2
9626	2
9627	2
9628	2
9629	2
9630	2
9631	2
9632	2
9633	2
9634	2
9635	2
9636	2
9637	2
9638	2
9639	2
9640	2
9641	2
9642	2
9643	2
9644	2
9645	2
9646	2
9647	2
9648	2
9649	2
9650	2
9651	2
9652	2
9653	2
9654	2
9655	2
9656	2
9657	2
9658	2
9659	2
9660	2
9661	2
9662	2
9663	2
9664	2
9665	2
9666	2
9667	2
9668	2
9669	2
9670	2
9671	2
9672	2
9673	2
9674	2
9675	2
9676	2
9677	2
9678	2
9679	2
9680	2
9681	2
9682	2
9683	2
9684	2
9685	2
9686	2
9687	2
9688	2
9689	2
9690	2
9691	2
9692	2
9693	2
9694	2
9695	2
9696	2
9697	2
9698	2
9699	2
9700	2
9701	2
9702	2
9703	2
9704	2
9705	2
9706	2
9707	2
9708	2
9709	2
9710	2
9711	2
9712	2
9713	2
9714	2
9715	2
9716	2
9717	2
9718	2
9719	2
9720	2
9721	2
9722	2
9723	2
9724	2
9725	2
9726	2
9727	2
9728	2
9729	2
9730	2
9731	2
9732	2
9733	2
9734	2
9735	2
9736	2
9737	2
9738	2
9739	2
9740	2
9741	2
9742	2
9743	2
9744	2
9745	2
9746	2
9747	2
9748	2
9749	2
9750	2
9751	2
9752	2
9753	2
9754	2
9755	2
9756	2
9757	2
9758	2
9759	2
9760	2
9761	2
9762	2
9763	2
9764	2
9765	2
9766	2
9767	2
9768	2
9769	2
9770	2
9771	2
9772	2
9773	2
9774	2
9775	2
9776	2
9777	2
9778	2
9779	2
9780	2
9781	2
9782	2
9783	2
9784	2
9785	2
9786	2
9787	2
9788	2
9789	2
9790	2
9791	2
9792	2
9793	2
9794	2
9795	2
9796	2
9797	2
9798	2
9799	2
9800	2
9801	2
9802	2
9803	2
9804	2
9805	2
9806	2
9807	2
9808	2
9809	2
9810	2
9811	2
9812	2
9813	2
9814	2
9815	2
9816	2
9817	2
9818	2
9819	2
9820	2
9821	2
9822	2
9823	2
9824	2
9825	2
9826	2
9827	2
9828	2
9829	2
9830	2
9831	2
9832	2
9833	2
9834	2
9835	2
9836	2
9837	2
9838	2
9839	2
9840	2
9841	2
9842	2
9843	2
9844	2
9845	2
9846	2
9847	2
9848	2
9849	2
9850	2
9851	2
9852	2
9853	2
9854	2
9855	2
9856	2
9857	2
9858	2
9859	2
9860	2
9861	2
9862	2
9863	2
9864	2
9865	2
9866	2
9867	2
9868	2
9869	2
9870	2
9871	2
9872	2
9873	2
9874	2
9875	2
9876	2
9877	2
9878	2
9879	2
9880	2
9881	2
9882	2
9883	2
9884	2
9885	2
9886	2
9887	2
9888	2
9889	2
9890	2
9891	2
9892	2
9893	2
9894	2
9895	2
9896	2
9897	2
9898	2
9899	2
9900	2
9901	2
9902	2
9903	2
9904	2
9905	2
9906	2
9907	2
9908	2
9909	2
9910	2
9911	2
9912	2
9913	2
9914	2
9915	2
9916	2
9917	2
9918	2
9919	2
9920	2
9921	2
9922	2
9923	2
9924	2
9925	2
9926	2
9927	2
9928	2
9929	2
9930	2
9931	2
9932	2
9933	2
9934	2
9935	2
9936	2
9937	2
9938	2
9939	2
9940	2
9941	2
9942	2
9943	2
9944	2
9945	2
9946	2
9947	2
9948	2
9949	2
9950	2
9951	2
9952	2
9953	2
9954	2
9955	2
9956	2
9957	2
9958	2
9959	2
9960	2
9961	2
9962	2
9963	2
9964	2
9965	2
9966	2
9967	2
9968	2
9969	2
9970	2
9971	2
9972	2
9973	2
9974	2
9975	2
9976	2
9977	2
9978	2
9979	2
9980	2
9981	2
9982	2
9983	2
9984	2
9985	2
9986	2
9987	2
9988	2
9989	2
9990	2
9991	2
9992	2
9993	2
9994	2
9995	2
9996	2
9997	2
9998	2
9999	2
10000	2
10001	2
10002	2
10003	2
10004	2
10005	2
10006	2
10007	2
10008	2
10009	2
10010	2
10011	2
10012	2
10013	2
10014	2
10015	2
10016	2
10017	2
10018	2
10019	2
10020	2
10021	2
10022	2
10023	2
10024	2
10025	2
10026	2
10027	2
10028	2
10029	2
10030	2
10031	2
10032	2
10033	2
10034	2
10035	2
10036	2
10037	2
10038	2
10039	2
10040	2
10041	2
10042	2
10043	2
10044	2
10045	2
10046	2
10047	2
10048	2
10049	2
10050	2
10051	2
10052	2
10053	2
10054	2
10055	2
10056	2
10057	2
10058	2
10059	2
10060	2
10061	2
10062	2
10063	2
10064	2
10065	2
10066	2
10067	2
10068	2
10069	2
10070	2
10071	2
10072	2
10073	2
10074	2
10075	2
10076	2
10077	2
10078	2
10079	2
10080	2
10081	2
10082	2
10083	2
10084	2
10085	2
10086	2
10087	2
10088	2
10089	2
10090	2
10091	2
10092	2
10093	2
10094	2
10095	2
10096	2
10097	2
10098	2
10099	2
10100	2
10101	2
10102	2
10103	2
10104	2
10105	2
10106	2
10107	2
10108	2
10109	2
10110	2
10111	2
10112	2
10113	2
10114	2
10115	2
10116	2
10117	2
10118	2
10119	2
10120	2
10121	2
10122	2
10123	2
10124	2
10125	2
10126	2
10127	2
10128	2
10129	2
10130	2
10131	2
10132	2
10133	2
10134	2
10135	2
10136	2
10137	2
10138	2
10139	2
10140	2
10141	2
10142	2
10143	2
10144	2
10145	2
10146	2
10147	2
10148	2
10149	2
10150	2
10151	2
10152	2
10153	2
10154	2
10155	2
10156	2
10157	2
10158	2
10159	2
10160	2
10161	2
10162	2
10163	2
10164	2
10165	2
10166	2
10167	2
10168	2
10169	2
10170	2
10171	2
10172	2
10173	2
10174	2
10175	2
10176	2
10177	2
10178	2
10179	2
10180	2
10181	2
10182	2
10183	2
10184	2
10185	2
10186	2
10187	2
10188	2
10189	2
10190	2
10191	2
10192	2
10193	2
10194	2
10195	2
10196	2
10197	2
10198	2
10199	2
10200	2
10201	2
10202	2
10203	2
10204	2
10205	2
10206	2
10207	2
10208	2
10209	2
10210	2
10211	2
10212	2
10213	2
10214	2
10215	2
10216	2
10217	2
10218	2
10219	2
10220	2
10221	2
10222	2
10223	2
10224	2
10225	2
10226	2
10227	2
10228	2
10229	2
10230	2
10231	2
10232	2
10233	2
10234	2
10235	2
10236	2
10237	2
10238	2
10239	2
10240	2
10241	2
10242	2
10243	2
10244	2
10245	2
10246	2
10247	2
10248	2
10249	2
10250	2
10251	2
10252	2
10253	2
10254	2
10255	2
10256	2
10257	2
10258	2
10259	2
10260	2
10261	2
10262	2
10263	2
10264	2
10265	2
10266	2
10267	2
10268	2
10269	2
10270	2
10271	2
10272	2
10273	2
10274	2
10275	2
10276	2
10277	2
10278	2
10279	2
10280	2
10281	2
10282	2
10283	2
10284	2
10285	2
10286	2
10287	2
10288	2
10289	2
10290	2
10291	2
10292	2
10293	2
10294	2
10295	2
10296	2
10297	2
10298	2
10299	2
10300	2
10301	2
10302	2
10303	2
10304	2
10305	2
10306	2
10307	2
10308	2
10309	2
10310	2
10311	2
10312	2
10313	2
10314	2
10315	2
10316	2
10317	2
10318	2
10319	2
10320	2
10321	2
10322	2
10323	2
10324	2
10325	2
10326	2
10327	2
10328	2
10329	2
10330	2
10331	2
10332	2
10333	2
10334	2
10335	2
10336	2
10337	2
10338	2
10339	2
10340	2
10341	2
10342	2
10343	2
10344	2
10345	2
10346	2
10347	2
10348	2
10349	2
10350	2
10351	2
10352	2
10353	2
10354	2
10355	2
10356	2
10357	2
10358	2
10359	2
10360	2
10361	2
10362	2
10363	2
10364	2
10365	2
10366	2
10367	2
10368	2
10369	2
10370	2
10371	2
10372	2
10373	2
10374	2
10375	2
10376	2
10377	2
10378	2
10379	2
10380	2
10381	2
10382	2
10383	2
10384	2
10385	2
10386	2
10387	2
10388	2
10389	2
10390	2
10391	2
10392	2
10393	2
10394	2
10395	2
10396	2
10397	2
10398	2
10399	2
10400	2
10401	2
10402	2
10403	2
10404	2
10405	2
10406	2
10407	2
10408	2
10409	2
10410	2
10411	2
10412	2
10413	2
10414	2
10415	2
10416	2
10417	2
10418	2
10419	2
10420	2
10421	2
10422	2
10423	2
10424	2
10425	2
10426	2
10427	2
10428	2
10429	2
10430	2
10431	2
10432	2
10433	2
10434	2
10435	2
10436	2
10437	2
10438	2
10439	2
10440	2
10441	2
10442	2
10443	2
10444	2
10445	2
10446	2
10447	2
10448	2
10449	2
10450	2
10451	2
10452	2
10453	2
10454	2
10455	2
10456	2
10457	2
10458	2
10459	2
10460	2
10461	2
10462	2
10463	2
10464	2
10465	2
10466	2
10467	2
10468	2
10469	2
10470	2
10471	2
10472	2
10473	2
10474	2
10475	2
10476	2
10477	2
10478	2
10479	2
10480	2
10481	2
10482	2
10483	2
10484	2
10485	2
10486	2
10487	2
10488	2
10489	2
10490	2
10491	2
10492	2
10493	2
10494	2
10495	2
10496	2
10497	2
10498	2
10499	2
10500	2
10501	2
10502	2
10503	2
10504	2
10505	2
10506	2
10507	2
10508	2
10509	2
10510	2
10511	2
10512	2
10513	2
10514	2
10515	2
10516	2
10517	2
10518	2
10519	2
10520	2
10521	2
10522	2
10523	2
10524	2
10525	2
10526	2
10527	2
10528	2
10529	2
10530	2
10531	2
10532	2
10533	2
10534	2
10535	2
10536	2
10537	2
10538	2
10539	2
10540	2
10541	2
10542	2
10543	2
10544	2
10545	2
10546	2
10547	2
10548	2
10549	2
10550	2
10551	2
10552	2
10553	2
10554	2
10555	2
10556	2
10557	2
10558	2
10559	2
10560	2
10561	2
10562	2
10563	2
10564	2
10565	2
10566	2
10567	2
10568	2
10569	2
10570	2
10571	2
10572	2
10573	2
10574	2
10575	2
10576	2
10577	2
10578	2
10579	2
10580	2
10581	2
10582	2
10583	2
10584	2
10585	2
10586	2
10587	2
10588	2
10589	2
10590	2
10591	2
10592	2
10593	2
10594	2
10595	2
10596	2
10597	2
10598	2
10599	2
10600	2
10601	2
10602	2
10603	2
10604	2
10605	2
10606	2
10607	2
10608	2
10609	2
10610	2
10611	2
10612	2
10613	2
10614	2
10615	2
10616	2
10617	2
10618	2
10619	2
10620	2
10621	2
10622	2
10623	2
10624	2
10625	2
10626	2
10627	2
10628	2
10629	2
10630	2
10631	2
10632	2
10633	2
10634	2
10635	2
10636	2
10637	2
10638	2
10639	2
10640	2
10641	2
10642	2
10643	2
10644	2
10645	2
10646	2
10647	2
10648	2
10649	2
10650	2
10651	2
10652	2
10653	2
10654	2
10655	2
10656	2
10657	2
10658	2
10659	2
10660	2
10661	2
10662	2
10663	2
10664	2
10665	2
10666	2
10667	2
10668	2
10669	2
10670	2
10671	2
10672	2
10673	2
10674	2
10675	2
10676	2
10677	2
10678	2
10679	2
10680	2
10681	2
10682	2
10683	2
10684	2
10685	2
10686	2
10687	2
10688	2
10689	2
10690	2
10691	2
10692	2
10693	2
10694	2
10695	2
10696	2
10697	2
10698	2
10699	2
10700	2
10701	2
10702	2
10703	2
10704	2
10705	2
10706	2
10707	2
10708	2
10709	2
10710	2
10711	2
10712	2
10713	2
10714	2
10715	2
10716	2
10717	2
10718	2
10719	2
10720	2
10721	2
10722	2
10723	2
10724	2
10725	2
10726	2
10727	2
10728	2
10729	2
10730	2
10731	2
10732	2
10733	2
10734	2
10735	2
10736	2
10737	2
10738	2
10739	2
10740	2
10741	2
10742	2
10743	2
10744	2
10745	2
10746	2
10747	2
10748	2
10749	2
10750	2
10751	2
10752	2
10753	2
10754	2
10755	2
10756	2
10757	2
10758	2
10759	2
10760	2
10761	2
10762	2
10763	2
10764	2
10765	2
10766	2
10767	2
10768	2
10769	2
10770	2
10771	2
10772	2
10773	2
10774	2
10775	2
10776	2
10777	2
10778	2
10779	2
10780	2
10781	2
10782	2
10783	2
10784	2
10785	2
10786	2
10787	2
10788	2
10789	2
10790	2
10791	2
10792	2
10793	2
10794	2
10795	2
10796	2
10797	2
10798	2
10799	2
10800	2
10801	2
10802	2
10803	2
10804	2
10805	2
10806	2
10807	2
10808	2
10809	2
10810	2
10811	2
10812	2
10813	2
10814	2
10815	2
10816	2
10817	2
10818	2
10819	2
10820	2
10821	2
10822	2
10823	2
10824	2
10825	2
10826	2
10827	2
10828	2
10829	2
10830	2
10831	2
10832	2
10833	2
10834	2
10835	2
10836	2
10837	2
10838	2
10839	2
10840	2
10841	2
10842	2
10843	2
10844	2
10845	2
10846	2
10847	2
10848	2
10849	2
10850	2
10851	2
10852	2
10853	2
10854	2
10855	2
10856	2
10857	2
10858	2
10859	2
10860	2
10861	2
10862	2
10863	2
10864	2
10865	2
10866	2
10867	2
10868	2
10869	2
10870	2
10871	2
10872	2
10873	2
10874	2
10875	2
10876	2
10877	2
10878	2
10879	2
10880	2
10881	2
10882	2
10883	2
10884	2
10885	2
10886	2
10887	2
10888	2
10889	2
10890	2
10891	2
10892	2
10893	2
10894	2
10895	2
10896	2
10897	2
10898	2
10899	2
10900	2
10901	2
10902	2
10903	2
10904	2
10905	2
10906	2
10907	2
10908	2
10909	2
10910	2
10911	2
10912	2
10913	2
10914	2
10915	2
10916	2
10917	2
10918	2
10919	2
10920	2
10921	2
10922	2
10923	2
10924	2
10925	2
10926	2
10927	2
10928	2
10929	2
10930	2
10931	2
10932	2
10933	2
10934	2
10935	2
10936	2
10937	2
10938	2
10939	2
10940	2
10941	2
10942	2
10943	2
10944	2
10945	2
10946	2
10947	2
10948	2
10949	2
10950	2
10951	2
10952	2
10953	2
10954	2
10955	2
10956	2
10957	2
10958	2
10959	2
10960	2
10961	2
10962	2
10963	2
10964	2
10965	2
10966	2
10967	2
10968	2
10969	2
10970	2
10971	2
10972	2
10973	2
10974	2
10975	2
10976	2
10977	2
10978	2
10979	2
10980	2
10981	2
10982	2
10983	2
10984	2
10985	2
10986	2
10987	2
10988	2
10989	2
10990	2
10991	2
10992	2
10993	2
10994	2
10995	2
10996	2
10997	2
10998	2
10999	2
11000	2
11001	2
11002	2
11003	2
11004	2
11005	2
11006	2
11007	2
11008	2
11009	2
11010	2
11011	2
11012	2
11013	2
11014	2
11015	2
11016	2
11017	2
11018	2
11019	2
11020	2
11021	2
11022	2
11023	2
11024	2
11025	2
11026	2
11027	2
11028	2
11029	2
11030	2
11031	2
11032	2
11033	2
11034	2
11035	2
11036	2
11037	2
11038	2
11039	2
11040	2
11041	2
11042	2
11043	2
11044	2
11045	2
11046	2
11047	2
11048	2
11049	2
11050	2
11051	2
11052	2
11053	2
11054	2
11055	2
11056	2
11057	2
11058	2
11059	2
11060	2
11061	2
11062	2
11063	2
11064	2
11065	2
11066	2
11067	2
11068	2
11069	2
11070	2
11071	2
11072	2
11073	2
11074	2
11075	2
11076	2
11077	2
11078	2
11079	2
11080	2
11081	2
11082	2
11083	2
11084	2
11085	2
11086	2
11087	2
11088	2
11089	2
11090	2
11091	2
11092	2
11093	2
11094	2
11095	2
11096	2
11097	2
11098	2
11099	2
11100	2
11101	2
11102	2
11103	2
11104	2
11105	2
11106	2
11107	2
11108	2
11109	2
11110	2
11111	2
11112	2
11113	2
11114	2
11115	2
11116	2
11117	2
11118	2
11119	2
11120	2
11121	2
11122	2
11123	2
11124	2
11125	2
11126	2
11127	2
11128	2
11129	2
11130	2
11131	2
11132	2
11133	2
11134	2
11135	2
11136	2
11137	2
11138	2
11139	2
11140	2
11141	2
11142	2
11143	2
11144	2
11145	2
11146	2
11147	2
11148	2
11149	2
11150	2
11151	2
11152	2
11153	2
11154	2
11155	2
11156	2
11157	2
11158	2
11159	2
11160	2
11161	2
11162	2
11163	2
11164	2
11165	2
11166	2
11167	2
11168	2
11169	2
11170	2
11171	2
11172	2
11173	2
11174	2
11175	2
11176	2
11177	2
11178	2
11179	2
11180	2
11181	2
11182	2
11183	2
11184	2
11185	2
11186	2
11187	2
11188	2
11189	2
11190	2
11191	2
11192	2
11193	2
11194	2
11195	2
11196	2
11197	2
11198	2
11199	2
11200	2
11201	2
11202	2
11203	2
11204	2
11205	2
11206	2
11207	2
11208	2
11209	2
11210	2
11211	2
11212	2
11213	2
11214	2
11215	2
11216	2
11217	2
11218	2
11219	2
11220	2
11221	2
11222	2
11223	2
11224	2
11225	2
11226	2
11227	2
11228	2
11229	2
11230	2
11231	2
11232	2
11233	2
11234	2
11235	2
11236	2
11237	2
11238	2
11239	2
11240	2
11241	2
11242	2
11243	2
11244	2
11245	2
11246	2
11247	2
11248	2
11249	2
11250	2
11251	2
11252	2
11253	2
11254	2
11255	2
11256	2
11257	2
11258	2
11259	2
11260	2
11261	2
11262	2
11263	2
11264	2
11265	2
11266	2
11267	2
11268	2
11269	2
11270	2
11271	2
11272	2
11273	2
11274	2
11275	2
11276	2
11277	2
11278	2
11279	2
11280	2
11281	2
11282	2
11283	2
11284	2
11285	2
11286	2
11287	2
11288	2
11289	2
11290	2
11291	2
11292	2
11293	2
11294	2
11295	2
11296	2
11297	2
11298	2
11299	2
11300	2
11301	2
11302	2
11303	2
11304	2
11305	2
11306	2
11307	2
11308	2
11309	2
11310	2
11311	2
11312	2
11313	2
11314	2
11315	2
11316	2
11317	2
11318	2
11319	2
11320	2
11321	2
11322	2
11323	2
11324	2
11325	2
11326	2
11327	2
11328	2
11329	2
11330	2
11331	2
11332	2
11333	2
11334	2
11335	2
11336	2
11337	2
11338	2
11339	2
11340	2
11341	2
11342	2
11343	2
11344	2
11345	2
11346	2
11347	2
11348	2
11349	2
11350	2
11351	2
11352	2
11353	2
11354	2
11355	2
11356	2
11357	2
11358	2
11359	2
11360	2
11361	2
11362	2
11363	2
11364	2
11365	2
11366	2
11367	2
11368	2
11369	2
11370	2
11371	2
11372	2
11373	2
11374	2
11375	2
11376	2
11377	2
11378	2
11379	2
11380	2
11381	2
11382	2
11383	2
11384	2
11385	2
11386	2
11387	2
11388	2
11389	2
11390	2
11391	2
11392	2
11393	2
11394	2
11395	2
11396	2
11397	2
11398	2
11399	2
11400	2
11401	2
11402	2
11403	2
11404	2
11405	2
11406	2
11407	2
11408	2
11409	2
11410	2
11411	2
11412	2
11413	2
11414	2
11415	2
11416	2
11417	2
11418	2
11419	2
11420	2
11421	2
11422	2
11423	2
11424	2
11425	2
11426	2
11427	2
11428	2
11429	2
11430	2
11431	2
11432	2
11433	2
11434	2
11435	2
11436	2
11437	2
11438	2
11439	2
11440	2
11441	2
11442	2
11443	2
11444	2
11445	2
11446	2
11447	2
11448	2
11449	2
11450	2
11451	2
11452	2
11453	2
11454	2
11455	2
11456	2
11457	2
11458	2
11459	2
11460	2
11461	2
11462	2
11463	2
11464	2
11465	2
11466	2
11467	2
11468	2
11469	2
11470	2
11471	2
11472	2
11473	2
11474	2
11475	2
11476	2
11477	2
11478	2
11479	2
11480	2
11481	2
11482	2
11483	2
11484	2
11485	2
11486	2
11487	2
11488	2
11489	2
11490	2
11491	2
11492	2
11493	2
11494	2
11495	2
11496	2
11497	2
11498	2
11499	2
11500	2
11501	2
11502	2
11503	2
11504	2
11505	2
11506	2
11507	2
11508	2
11509	2
11510	2
11511	2
11512	2
11513	2
11514	2
11515	2
11516	2
11517	2
11518	2
11519	2
11520	2
11521	2
11522	2
11523	2
11524	2
11525	2
11526	2
11527	2
11528	2
11529	2
11530	2
11531	2
11532	2
11533	2
11534	2
11535	2
11536	2
11537	2
11538	2
11539	2
11540	2
11541	2
11542	2
11543	2
11544	2
11545	2
11546	2
11547	2
11548	2
11549	2
11550	2
11551	2
11552	2
11553	2
11554	2
11555	2
11556	2
11557	2
11558	2
11559	2
11560	2
11561	2
11562	2
11563	2
11564	2
11565	2
11566	2
11567	2
11568	2
11569	2
11570	2
11571	2
11572	2
11573	2
11574	2
11575	2
11576	2
11577	2
11578	2
11579	2
11580	2
11581	2
11582	2
11583	2
11584	2
11585	2
11586	2
11587	2
11588	2
11589	2
11590	2
11591	2
11592	2
11593	2
11594	2
11595	2
11596	2
11597	2
11598	2
11599	2
11600	2
11601	2
11602	2
11603	2
11604	2
11605	2
11606	2
11607	2
11608	2
11609	2
11610	2
11611	2
11612	2
11613	2
11614	2
11615	2
11616	2
11617	2
11618	2
11619	2
11620	2
11621	2
11622	2
11623	2
11624	2
11625	2
11626	2
11627	2
11628	2
11629	2
11630	2
11631	2
11632	2
11633	2
11634	2
11635	2
11636	2
11637	2
11638	2
11639	2
11640	2
11641	2
11642	2
11643	2
11644	2
11645	2
11646	2
11647	2
11648	2
11649	2
11650	2
11651	2
11652	2
11653	2
11654	2
11655	2
11656	2
11657	2
11658	2
11659	2
11660	2
11661	2
11662	2
11663	2
11664	2
11665	2
11666	2
11667	2
11668	2
11669	2
11670	2
11671	2
11672	2
11673	2
11674	2
11675	2
11676	2
11677	2
11678	2
11679	2
11680	2
11681	2
11682	2
11683	2
11684	2
11685	2
11686	2
11687	2
11688	2
11689	2
11690	2
11691	2
11692	2
11693	2
11694	2
11695	2
11696	2
11697	2
11698	2
11699	2
11700	2
11701	2
11702	2
11703	2
11704	2
11705	2
11706	2
11707	2
11708	2
11709	2
11710	2
11711	2
11712	2
11713	2
11714	2
11715	2
11716	2
11717	2
11718	2
11719	2
11720	2
11721	2
11722	2
11723	2
11724	2
11725	2
11726	2
11727	2
11728	2
11729	2
11730	2
11731	2
11732	2
11733	2
11734	2
11735	2
11736	2
11737	2
11738	2
11739	2
11740	2
11741	2
11742	2
11743	2
11744	2
11745	2
11746	2
11747	2
11748	2
11749	2
11750	2
11751	2
11752	2
11753	2
11754	2
11755	2
11756	2
11757	2
11758	2
11759	2
11760	2
11761	2
11762	2
11763	2
11764	2
11765	2
11766	2
11767	2
11768	2
11769	2
11770	2
11771	2
11772	2
11773	2
11774	2
11775	2
11776	2
11777	2
11778	2
11779	2
11780	2
11781	2
11782	2
11783	2
11784	2
11785	2
11786	2
11787	2
11788	2
11789	2
11790	2
11791	2
11792	2
11793	2
11794	2
11795	2
11796	2
11797	2
11798	2
11799	2
11800	2
11801	2
11802	2
11803	2
11804	2
11805	2
11806	2
11807	2
11808	2
11809	2
11810	2
11811	2
11812	2
11813	2
11814	2
11815	2
11816	2
11817	2
11818	2
11819	2
11820	2
11821	2
11822	2
11823	2
11824	2
11825	2
11826	2
11827	2
11828	2
11829	2
11830	2
11831	2
11832	2
11833	2
11834	2
11835	2
11836	2
11837	2
11838	2
11839	2
11840	2
11841	2
11842	2
11843	2
11844	2
11845	2
11846	2
11847	2
11848	2
11849	2
11850	2
11851	2
11852	2
11853	2
11854	2
11855	2
11856	2
11857	2
11858	2
11859	2
11860	2
11861	2
11862	2
11863	2
11864	2
11865	2
11866	2
11867	2
11868	2
11869	2
11870	2
11871	2
11872	2
11873	2
11874	2
11875	2
11876	2
11877	2
11878	2
11879	2
11880	2
11881	2
11882	2
11883	2
11884	2
11885	2
11886	2
11887	2
11888	2
11889	2
11890	2
11891	2
11892	2
11893	2
11894	2
11895	2
11896	2
11897	2
11898	2
11899	2
11900	2
11901	2
11902	2
11903	2
11904	2
11905	2
11906	2
11907	2
11908	2
11909	2
11910	2
11911	2
11912	2
11913	2
11914	2
11915	2
11916	2
11917	2
11918	2
11919	2
11920	2
11921	2
11922	2
11923	2
11924	2
11925	2
11926	2
11927	2
11928	2
11929	2
11930	2
11931	2
11932	2
11933	2
11934	2
11935	2
11936	2
11937	2
11938	2
11939	2
11940	2
11941	2
11942	2
11943	2
11944	2
11945	2
11946	2
11947	2
11948	2
11949	2
11950	2
11951	2
11952	2
11953	2
11954	2
11955	2
11956	2
11957	2
11958	2
11959	2
11960	2
11961	2
11962	2
11963	2
11964	2
11965	2
11966	2
11967	2
11968	2
11969	2
11970	2
11971	2
11972	2
11973	2
11974	2
11975	2
11976	2
11977	2
11978	2
11979	2
11980	2
11981	2
11982	2
11983	2
11984	2
11985	2
11986	2
11987	2
11988	2
11989	2
11990	2
11991	2
11992	2
11993	2
11994	2
11995	2
11996	2
11997	2
11998	2
11999	2
12000	2
12001	2
12002	2
12003	2
12004	2
12005	2
12006	2
12007	2
12008	2
12009	2
12010	2
12011	2
12012	2
12013	2
12014	2
12015	2
12016	2
12017	2
12018	2
12019	2
12020	2
12021	2
12022	2
12023	2
12024	2
12025	2
12026	2
12027	2
12028	2
12029	2
12030	2
12031	2
12032	2
12033	2
12034	2
12035	2
12036	2
12037	2
12038	2
12039	2
12040	2
12041	2
12042	2
12043	2
12044	2
12045	2
12046	2
12047	2
12048	2
12049	2
12050	2
12051	2
12052	2
12053	2
12054	2
12055	2
12056	2
12057	2
12058	2
12059	2
12060	2
12061	2
12062	2
12063	2
12064	2
12065	2
12066	2
12067	2
12068	2
12069	2
12070	2
12071	2
12072	2
12073	2
12074	2
12075	2
12076	2
12077	2
12078	2
12079	2
12080	2
12081	2
12082	2
12083	2
12084	2
12085	2
12086	2
12087	2
12088	2
12089	2
12090	2
12091	2
12092	2
12093	2
12094	2
12095	2
12096	2
12097	2
12098	2
12099	2
12100	2
12101	2
12102	2
12103	2
12104	2
12105	2
12106	2
12107	2
12108	2
12109	2
12110	2
12111	2
12112	2
12113	2
12114	2
12115	2
12116	2
12117	2
12118	2
12119	2
12120	2
12121	2
12122	2
12123	2
12124	2
12125	2
12126	2
12127	2
12128	2
12129	2
12130	2
12131	2
12132	2
12133	2
12134	2
12135	2
12136	2
12137	2
12138	2
12139	2
12140	2
12141	2
12142	2
12143	2
12144	2
12145	2
12146	2
12147	2
12148	2
12149	2
12150	2
12151	2
12152	2
12153	2
12154	2
12155	2
12156	2
12157	2
12158	2
12159	2
12160	2
12161	2
12162	2
12163	2
12164	2
12165	2
12166	2
12167	2
12168	2
12169	2
12170	2
12171	2
12172	2
12173	2
12174	2
12175	2
12176	2
12177	2
12178	2
12179	2
12180	2
12181	2
12182	2
12183	2
12184	2
12185	2
12186	2
12187	2
12188	2
12189	2
12190	2
12191	2
12192	2
12193	2
12194	2
12195	2
12196	2
12197	2
12198	2
12199	2
12200	2
12201	2
12202	2
12203	2
12204	2
12205	2
12206	2
12207	2
12208	2
12209	2
12210	2
12211	2
12212	2
12213	2
12214	2
12215	2
12216	2
12217	2
12218	2
12219	2
12220	2
12221	2
12222	2
12223	2
12224	2
12225	2
12226	2
12227	2
12228	2
12229	2
12230	2
12231	2
12232	2
12233	2
12234	2
12235	2
12236	2
12237	2
12238	2
12239	2
12240	2
12241	2
12242	2
12243	2
12244	2
12245	2
12246	2
12247	2
12248	2
12249	2
12250	2
12251	2
12252	2
12253	2
12254	2
12255	2
12256	2
12257	2
12258	2
12259	2
12260	2
12261	2
12262	2
12263	2
12264	2
12265	2
12266	2
12267	2
12268	2
12269	2
12270	2
12271	2
12272	2
12273	2
12274	2
12275	2
12276	2
12277	2
12278	2
12279	2
12280	2
12281	2
12282	2
12283	2
12284	2
12285	2
12286	2
12287	2
12288	2
12289	2
12290	2
12291	2
12292	2
12293	2
12294	2
12295	2
12296	2
12297	2
12298	2
12299	2
12300	2
12301	2
12302	2
12303	2
12304	2
12305	2
12306	2
12307	2
12308	2
12309	2
12310	2
12311	2
12312	2
12313	2
12314	2
12315	2
12316	2
12317	2
12318	2
12319	2
12320	2
12321	2
12322	2
12323	2
12324	2
12325	2
12326	2
12327	2
12328	2
12329	2
12330	2
12331	2
12332	2
12333	2
12334	2
12335	2
12336	2
12337	2
12338	2
12339	2
12340	2
12341	2
12342	2
12343	2
12344	2
12345	2
12346	2
12347	2
12348	2
12349	2
12350	2
12351	2
12352	2
12353	2
12354	2
12355	2
12356	2
12357	2
12358	2
12359	2
12360	2
12361	2
12362	2
12363	2
12364	2
12365	2
12366	2
12367	2
12368	2
12369	2
12370	2
12371	2
12372	2
12373	2
12374	2
12375	2
12376	2
12377	2
12378	2
12379	2
12380	2
12381	2
12382	2
12383	2
12384	2
12385	2
12386	2
12387	2
12388	2
12389	2
12390	2
12391	2
12392	2
12393	2
12394	2
12395	2
12396	2
12397	2
12398	2
12399	2
12400	2
12401	2
12402	2
12403	2
12404	2
12405	2
12406	2
12407	2
12408	2
12409	2
12410	2
12411	2
12412	2
12413	2
12414	2
12415	2
12416	2
12417	2
12418	2
12419	2
12420	2
12421	2
12422	2
12423	2
12424	2
12425	2
12426	2
12427	2
12428	2
12429	2
12430	2
12431	2
12432	2
12433	2
12434	2
12435	2
12436	2
12437	2
12438	2
12439	2
12440	2
12441	2
12442	2
12443	2
12444	2
12445	2
12446	2
12447	2
12448	2
12449	2
12450	2
12451	2
12452	2
12453	2
12454	2
12455	2
12456	2
12457	2
12458	2
12459	2
12460	2
12461	2
12462	2
12463	2
12464	2
12465	2
12466	2
12467	2
12468	2
12469	2
12470	2
12471	2
12472	2
12473	2
12474	2
12475	2
12476	2
12477	2
12478	2
12479	2
12480	2
12481	2
12482	2
12483	2
12484	2
12485	2
12486	2
12487	2
12488	2
12489	2
12490	2
12491	2
12492	2
12493	2
12494	2
12495	2
12496	2
12497	2
12498	2
12499	2
12500	2
12501	2
12502	2
12503	2
12504	2
12505	2
12506	2
12507	2
12508	2
12509	2
12510	2
12511	2
12512	2
12513	2
12514	2
12515	2
12516	2
12517	2
12518	2
12519	2
12520	2
12521	2
12522	2
12523	2
12524	2
12525	2
12526	2
12527	2
12528	2
12529	2
12530	2
12531	2
12532	2
12533	2
12534	2
12535	2
12536	2
12537	2
12538	2
12539	2
12540	2
12541	2
12542	2
12543	2
12544	2
12545	2
12546	2
12547	2
12548	2
12549	2
12550	2
12551	2
12552	2
12553	2
12554	2
12555	2
12556	2
12557	2
12558	2
12559	2
12560	2
12561	2
12562	2
12563	2
12564	2
12565	2
12566	2
12567	2
12568	2
12569	2
12570	2
12571	2
12572	2
12573	2
12574	2
12575	2
12576	2
12577	2
12578	2
12579	2
12580	2
12581	2
12582	2
12583	2
12584	2
12585	2
12586	2
12587	2
12588	2
12589	2
12590	2
12591	2
12592	2
12593	2
12594	2
12595	2
12596	2
12597	2
12598	2
12599	2
12600	2
12601	2
12602	2
12603	2
12604	2
12605	2
12606	2
12607	2
12608	2
12609	2
12610	2
12611	2
12612	2
12613	2
12614	2
12615	2
12616	2
12617	2
12618	2
12619	2
12620	2
12621	2
12622	2
12623	2
12624	2
12625	2
12626	2
12627	2
12628	2
12629	2
12630	2
12631	2
12632	2
12633	2
12634	2
12635	2
12636	2
12637	2
12638	2
12639	2
12640	2
12641	2
12642	2
12643	2
12644	2
12645	2
12646	2
12647	2
12648	2
12649	2
12650	2
12651	2
12652	2
12653	2
12654	2
12655	2
12656	2
12657	2
12658	2
12659	2
12660	2
12661	2
12662	2
12663	2
12664	2
12665	2
12666	2
12667	2
12668	2
12669	2
12670	2
12671	2
12672	2
12673	2
12674	2
12675	2
12676	2
12677	2
12678	2
12679	2
12680	2
12681	2
12682	2
12683	2
12684	2
12685	2
12686	2
12687	2
12688	2
12689	2
12690	2
12691	2
12692	2
12693	2
12694	2
12695	2
12696	2
12697	2
12698	2
12699	2
12700	2
12701	2
12702	2
12703	2
12704	2
12705	2
12706	2
12707	2
12708	2
12709	2
12710	2
12711	2
12712	2
12713	2
12714	2
12715	2
12716	2
12717	2
12718	2
12719	2
12720	2
12721	2
12722	2
12723	2
12724	2
12725	2
12726	2
12727	2
12728	2
12729	2
12730	2
12731	2
12732	2
12733	2
12734	2
12735	2
12736	2
12737	2
12738	2
12739	2
12740	2
12741	2
12742	2
12743	2
12744	2
12745	2
12746	2
12747	2
12748	2
12749	2
12750	2
12751	2
12752	2
12753	2
12754	2
12755	2
12756	2
12757	2
12758	2
12759	2
12760	2
12761	2
12762	2
12763	2
12764	2
12765	2
12766	2
12767	2
12768	2
12769	2
12770	2
12771	2
12772	2
12773	2
12774	2
12775	2
12776	2
12777	2
12778	2
12779	2
12780	2
12781	2
12782	2
12783	2
12784	2
12785	2
12786	2
12787	2
12788	2
12789	2
12790	2
12791	2
12792	2
12793	2
12794	2
12795	2
12796	2
12797	2
12798	2
12799	2
12800	2
12801	2
12802	2
12803	2
12804	2
12805	2
12806	2
12807	2
12808	2
12809	2
12810	2
12811	2
12812	2
12813	2
12814	2
12815	2
12816	2
12817	2
12818	2
12819	2
12820	2
12821	2
12822	2
12823	2
12824	2
12825	2
12826	2
12827	2
12828	2
12829	2
12830	2
12831	2
12832	2
12833	2
12834	2
12835	2
12836	2
12837	2
12838	2
12839	2
12840	2
12841	2
12842	2
12843	2
12844	2
12845	2
12846	2
12847	2
12848	2
12849	2
12850	2
12851	2
12852	2
12853	2
12854	2
12855	2
12856	2
12857	2
12858	2
12859	2
12860	2
12861	2
12862	2
12863	2
12864	2
12865	2
12866	2
12867	2
12868	2
12869	2
12870	2
12871	2
12872	2
12873	2
12874	2
12875	2
12876	2
12877	2
12878	2
12879	2
12880	2
12881	2
12882	2
12883	2
12884	2
12885	2
12886	2
12887	2
12888	2
12889	2
12890	2
12891	2
12892	2
12893	2
12894	2
12895	2
12896	2
12897	2
12898	2
12899	2
12900	2
12901	2
12902	2
12903	2
12904	2
12905	2
12906	2
12907	2
12908	2
12909	2
12910	2
12911	2
12912	2
12913	2
12914	2
12915	2
12916	2
12917	2
12918	2
12919	2
12920	2
12921	2
12922	2
12923	2
12924	2
12925	2
12926	2
12927	2
12928	2
12929	2
12930	2
12931	2
12932	2
12933	2
12934	2
12935	2
12936	2
12937	2
12938	2
12939	2
12940	2
12941	2
12942	2
12943	2
12944	2
12945	2
12946	2
12947	2
12948	2
12949	2
12950	2
12951	2
12952	2
12953	2
12954	2
12955	2
12956	2
12957	2
12958	2
12959	2
12960	2
12961	2
12962	2
12963	2
12964	2
12965	2
12966	2
12967	2
12968	2
12969	2
12970	2
12971	2
12972	2
12973	2
12974	2
12975	2
12976	2
12977	2
12978	2
12979	2
12980	2
12981	2
12982	2
12983	2
12984	2
12985	2
12986	2
12987	2
12988	2
12989	2
12990	2
12991	2
12992	2
12993	2
12994	2
12995	2
12996	2
12997	2
12998	2
12999	2
13000	2
13001	2
13002	2
13003	2
13004	2
13005	2
13006	2
13007	2
13008	2
13009	2
13010	2
13011	2
13012	2
13013	2
13014	2
13015	2
13016	2
13017	2
13018	2
13019	2
13020	2
13021	2
13022	2
13023	2
13024	2
13025	2
13026	2
13027	2
13028	2
13029	2
13030	2
13031	2
13032	2
13033	2
13034	2
13035	2
13036	2
13037	2
13038	2
13039	2
13040	2
13041	2
13042	2
13043	2
13044	2
13045	2
13046	2
13047	2
13048	2
13049	2
13050	2
13051	2
13052	2
13053	2
13054	2
13055	2
13056	2
13057	2
13058	2
13059	2
13060	2
13061	2
13062	2
13063	2
13064	2
13065	2
13066	2
13067	2
13068	2
13069	2
13070	2
13071	2
13072	2
13073	2
13074	2
13075	2
13076	2
13077	2
13078	2
13079	2
13080	2
13081	2
13082	2
13083	2
13084	2
13085	2
13086	2
13087	2
13088	2
13089	2
13090	2
13091	2
13092	2
13093	2
13094	2
13095	2
13096	2
13097	2
13098	2
13099	2
13100	2
13101	2
13102	2
13103	2
13104	2
13105	2
13106	2
13107	2
13108	2
13109	2
13110	2
13111	2
13112	2
13113	2
13114	2
13115	2
13116	2
13117	2
13118	2
13119	2
13120	2
13121	2
13122	2
13123	2
13124	2
13125	2
13126	2
13127	2
13128	2
13129	2
13130	2
13131	2
13132	2
13133	2
13134	2
13135	2
13136	2
13137	2
13138	2
13139	2
13140	2
13141	2
13142	2
13143	2
13144	2
13145	2
13146	2
13147	2
13148	2
13149	2
13150	2
13151	2
13152	2
13153	2
13154	2
13155	2
13156	2
13157	2
13158	2
13159	2
13160	2
13161	2
13162	2
13163	2
13164	2
13165	2
13166	2
13167	2
13168	2
13169	2
13170	2
13171	2
13172	2
13173	2
13174	2
13175	2
13176	2
13177	2
13178	2
13179	2
13180	2
13181	2
13182	2
13183	2
13184	2
13185	2
13186	2
13187	2
13188	2
13189	2
13190	2
13191	2
13192	2
13193	2
13194	2
13195	2
13196	2
13197	2
13198	2
13199	2
13200	2
13201	2
13202	2
13203	2
13204	2
13205	2
13206	2
13207	2
13208	2
13209	2
13210	2
13211	2
13212	2
13213	2
13214	2
13215	2
13216	2
13217	2
13218	2
13219	2
13220	2
13221	2
13222	2
13223	2
13224	2
13225	2
13226	2
13227	2
13228	2
13229	2
13230	2
13231	2
13232	2
13233	2
13234	2
13235	2
13236	2
13237	2
13238	2
13239	2
13240	2
13241	2
13242	2
13243	2
13244	2
13245	2
13246	2
13247	2
13248	2
13249	2
13250	2
13251	2
13252	2
13253	2
13254	2
13255	2
13256	2
13257	2
13258	2
13259	2
13260	2
13261	2
13262	2
13263	2
13264	2
13265	2
13266	2
13267	2
13268	2
13269	2
13270	2
13271	2
13272	2
13273	2
13274	2
13275	2
13276	2
13277	2
13278	2
13279	2
13280	2
13281	2
13282	2
13283	2
13284	2
13285	2
13286	2
13287	2
13288	2
13289	2
13290	2
13291	2
13292	2
13293	2
13294	2
13295	2
13296	2
13297	2
13298	2
13299	2
13300	2
13301	2
13302	2
13303	2
13304	2
13305	2
13306	2
13307	2
13308	2
13309	2
13310	2
13311	2
13312	2
13313	2
13314	2
13315	2
13316	2
13317	2
13318	2
13319	2
13320	2
13321	2
13322	2
13323	2
13324	2
13325	2
13326	2
13327	2
13328	2
13329	2
13330	2
13331	2
13332	2
13333	2
13334	2
13335	2
13336	2
13337	2
13338	2
13339	2
13340	2
13341	2
13342	2
13343	2
13344	2
13345	2
13346	2
13347	2
13348	2
13349	2
13350	2
13351	2
13352	2
13353	2
13354	2
13355	2
13356	2
13357	2
13358	2
13359	2
13360	2
13361	2
13362	2
13363	2
13364	2
13365	2
13366	2
