-0.117579057931 1.89299880299e-06
0.827051251109 9.9999800383
-0.03512674372 -2.14679379907e-07
-0.0489422830324 4.88037021913e-08
-0.0573780698054 -3.19749265327e-07
-9.07764801996e-09 1.84350114166e-05
0 3.62442324777e-07
0 -7.40895263992e-08
0 9.86900617961
0 9.9999192063
274.899104562 9.99998015572
0 0.178379092895
0 6.8216540942
9740.57059421 9.99997985632
0 9.766309622
0.00307627604937 0.1783781671
0 9.99988606241
467.645390685 9.99998000936
0 7.00521063619
0 9.7657354062
3700.50994075 9.99998008931
0 9.50509728733
-0.00529573813926 0.00754465153532
0 9.99997994377
892.462046721 9.99998128035
0 0.0205016232181
0.409502369874 7.00502456699
0 9.5044323632
7337.41963468 9.99998000344
0 0.178379046076
0.891314029536 9.86897040732
0 0.0204678586251
12832.5410443 9.99998003314
0 5.00195079818
0 7.00501110649
7615.38397659 9.99998004444
0 9.76680275775
0.123849210626 5.00194991389
0 9.99979336746
466.966502701 9.999980035
0 0.0526118514721
0 9.76657840055
6899.75121323 9.99998106667
0 9.76173538388
-0.00381881740943 0.0528479807758
0 9.9998517812
475.919600613 9.99998003786
0 6.82172729286
0 9.76141442466
3828.18003921 9.99997956393
0 6.82165099625
0 5.0019507469
7735.25896675 9.99997983162
0 9.86895666212
0 2.14811773209e-05
-18699.2826446 -1.16609653974e-07
0 0.17838854193
0 6.82163961506
-16332.2273153 -1.45850733663e-06
0 7.00502229458
0 1.6681064105e-05
-15491.6725957 -1.8297561832e-07
0 7.00499045539
0 1.65531496513e-05
-15491.6272702 1.19021394272e-07
0 0.0204164543281
0 5.16272107265e-06
-132.353291811 7.24983690576e-09
0 0.0204557480935
0 4.35891699166e-06
-132.597948203 3.84181247139e-08
0 0.0204685594419
0 0.178369834686
-1200.66240234 -6.7382492086e-09
0 7.00500907368
0 5.00194948639
-28293.5566389 3.38823302748e-08
0 0.0528642494793
0 3.23183924588e-05
-336.949445054 -1.00367083643e-07
0 0.0529371306244
0 9.53159736537e-05
-337.863523108 -9.24859079091e-07
0 6.82118226328
0 1.83530298184e-05
-15263.6073463 2.41557302698e-06
0 6.82136682172
0 1.68862547593e-05
-15263.8708263 -8.61914365749e-08
0 6.82138829772
0 5.00194945108
-28065.8000209 -2.55004564131e-08
0.0964680158225 6.82147721974
0.074776051679 6.82155841741
0.0141526107489 0.178383353242
0.00943464410855 0.17837399985
0.000841471004724 0.02046704339
0.167091046818 7.00501682116
0.240152993635 5.00194969867
0.0423973802722 5.00194968241
0.134361369512 6.821382746
0.196751613954 6.82137200818
0.196750962567 6.82132974088
0.0909043286048 9.86896353466
0.240563828104 7.00502344962
0.0425430093769 7.0050075112
0.000485011767901 0.0204606377813
0.00193034183976 0.0204409901037
0.00414688946614 0.0528561031627
0.0057032312326 0.0528925550309
-0.0431457350304 6.82156565929
-0.0567817088256 0.178378631188
-0.0244112817165 0.178378606791
-0.0645991153141 0.0204666950749
-0.0276992930724 0.0204835757276
-0.0117447850004 9.50459858889
-0.0117388634387 9.50493104882
-0.00860645489713 9.76669058139
-0.0527642332418 0.0527299160835
-0.00236916043303 9.86898829466
-0.0077167670243 9.76602251426
-0.0187940382305 7.00511760271
-0.0363680466764 7.00501783965
-0.0212843194958 5.00195035635
-0.0212843195576 5.00195033096
-0.0386733219813 6.82156410994
-0.0128647112407 6.82160225664
-0.00612205014112 9.76157490455
0.000175386888366 0.0204655276657
0.0205839140964 6.82137719468
0 9.50476481885
0 9.88406605761
-0.011216605872 0.052848036185
0 9.99991192764
245.092167138 9.99997993428
0 9.8839866368
0 1.9883996582e-05
-18714.7181631 1.0155953939e-07
-0.0889169504264 0.0528480296918
-0.0100844634561 9.88403813502
0.355520600901 9.883998423
12.6818419655 9.88401020927
0 10
0 0.00207120993924
0 0
15263.7784264 6.82138852541
12802.0206009 5.00194941949
337.226109956 0.0529432191913
0.637414383556 9.63340012056e-05
336.732338706 0.0528643585602
0.216434006834 3.29811349602e-05
132.566725222 0.0204550802126
0.0302576172582 4.73136223239e-06
132.316611453 0.0204159511811
0.0366806069165 5.60384690652e-06
1068.11867834 0.17838866709
15264.1077496 6.82165070582
18714.5460336 9.88397920762
0.173213476488 2.65321676132e-05
15263.7508139 6.8213661133
0.120226215919 1.82574828385e-05
15263.4928246 6.82116211936
0.114729528349 1.99211942551e-05
15491.5360975 7.00500881554
12802.0209179 5.00194948397
132.655195385 0.020468766519
1068.00721422 0.178369679426
15491.5105089 7.00498812574
0.116980878123 1.7967524327e-05
15491.5529396 7.00502227636
0.119855531184 1.81063683602e-05
18699.1293709 9.8689557234
0.153583111223 2.33166245831e-05
-6432.76920226 0.0525333566383
-466.98057899 9.76655660439
-466.498788072 9.76682455304
-0.466519548357 9.99977189381
-4383.24190264 5.00195109194
-3232.14262991 7.00501021459
-6388.55435033 0.178379338134
-6443.98812095 0.0204680695497
-6443.97197458 0.0205136220275
-893.447809379 9.50442376045
-892.43768092 9.50510589074
-0.0222024249145 9.99997073648
-244.746166227 9.88416016349
-0.335868189036 9.99982795322
-3352.01583342 6.82167098851
-4383.24117169 5.00195088512
-3351.92590507 6.82181042275
-476.252201941 9.76137749874
-475.54778433 9.76177230967
-0.369334781383 9.99981489829
-3231.98628355 7.00524452348
-468.521710828 9.76569655067
-467.352500991 9.76634847749
-0.290438272629 9.99985002599
-6388.55361408 0.178379184953
-3352.01537428 6.82167172687
-274.708708091 9.86901807036
-0.187857773884 9.99989587939
0 3.77232576766e-06
0.00207120993924 -1.02638746391e-06
10 -1.99616973724e-05
