-0.000163943073421 1.54713260043
0.836551586813 5
0.0202753589294 4.65098005833
0.00229260631838 1.20770054771
-0.011842358303 0.652444678504
0.0132092631699 0.582357160569
0.000954466184847 0.49269418317
3.66199347997e-15 0.463430493806
-0.00248026890593 0.538648616005
0.000123578890484 1.10686001598
0.0172531605172 4.83423720105
-0.00742830502894 0.146325225061
5.49138624603e-05 0.107205360908
4.89397647895e-16 0.0974764883737
0.0111198221232 4.94047563902
0.0344551373688 0.0179276383514
-0.70596881808 3.6598179304
0.695085478381 3.89502449541
1.67041140553e-06 4.3143507687
-0.000109365137495 3.21818722092
9.29078816354e-15 4.77145025627
2.07152001868e-13 4.99999999854
-0.836551586813 4.25680387922
0 9.82133090808e-05
0 3.21797919912
0 0
0 0
0 2.27538546141
0 2.27552436307
0 1.60894048791
0 -1.60894049124
0 2.27508668615
0 2.27508669322
0 0
0 0
0 1.6087292219
0 3.2174584538
0 -1.60872922523
0 1.85407245112e-13
0.321744772937 3.21744772897
0 5
0 1.7838946704e-11
0 2.70706375961
-0.117804983563 0.902354586536
-0.117804983563 1.80470917307
-0.00140915368415 0.140563455198
-0.0109073965188 0.141797678266
0.0104342326933 1.08154711878
0.000143867696295 3.65981892534
0.0124667803178 4.28388846089
0.707141882272 0.641532374511
9.7710603667e-05 0.0950340515381
-0.00982485548427 0.634750799897
0.00195802742891 0.537728379507
0.00106241066538 0.453979784567
-0.00224400915256 0.619636451687
-0.00848159779222 1.17090923286
0 -3.70536934469e-15
0 -2.68120681354e-05
0 -1.96426618161e-06
0 3.7177256258e-05
0.117804983563 2.4291598868
0.117804983563 1.52680530026
0.117804983563 0.624450713728
-7.64710997758e-12 2.70706376008
-3.21777006136e-11 3.3926140984e-10
0.037335196041 2.48993440976e-05
0.0373718686136 -1.89589952185e-05
0.0889671588493 2.76772358914e-05
0.0890021093878 -1.89589951543e-05
0.0642695227677 2.68120681354e-05
0.0643229325835 -2.68120681355e-05
0.0642718930893 3.90051217573e-05
0.0643439184474 -3.7177256258e-05
0 -3.70814490225e-15
0 -3.70814490225e-15
0 -2.68120681354e-05
0 -2.68120681354e-05
0 -1.96426618162e-06
0 -1.96426618162e-06
0 3.7177256258e-05
0 3.7177256258e-05
5 -0.000305724832052
5 -0.0319450172618
1.54713260043 -0.000163978271151
