     #nodes  #regions   #procs   #which case
     361        4        4       MultipleRegionsPerProc
     nodeID   regionID   procID
       0         0        0
       1         0        0
       2         0        0
       3         0        0
       4         0        0
       5         0        0
       6         0        0
       7         0        0
       8         0        0
       9         0        0
       9         1        1
      10         1        1
      11         1        1
      12         1        1
      13         1        1
      14         1        1
      15         1        1
      16         1        1
      17         1        1
      18         1        1
      19         0        0
      20         0        0
      21         0        0
      22         0        0
      23         0        0
      24         0        0
      25         0        0
      26         0        0
      27         0        0
      28         0        0
      28         1        1
      29         1        1
      30         1        1
      31         1        1
      32         1        1
      33         1        1
      34         1        1
      35         1        1
      36         1        1
      37         1        1
      38         0        0
      39         0        0
      40         0        0
      41         0        0
      42         0        0
      43         0        0
      44         0        0
      45         0        0
      46         0        0
      47         0        0
      47         1        1
      48         1        1
      49         1        1
      50         1        1
      51         1        1
      52         1        1
      53         1        1
      54         1        1
      55         1        1
      56         1        1
      57         0        0
      58         0        0
      59         0        0
      60         0        0
      61         0        0
      62         0        0
      63         0        0
      64         0        0
      65         0        0
      66         0        0
      66         1        1
      67         1        1
      68         1        1
      69         1        1
      70         1        1
      71         1        1
      72         1        1
      73         1        1
      74         1        1
      75         1        1
      76         0        0
      77         0        0
      78         0        0
      79         0        0
      80         0        0
      81         0        0
      82         0        0
      83         0        0
      84         0        0
      85         0        0
      85         1        1
      86         1        1
      87         1        1
      88         1        1
      89         1        1
      90         1        1
      91         1        1
      92         1        1
      93         1        1
      94         1        1
      95         0        0
      96         0        0
      97         0        0
      98         0        0
      99         0        0
     100         0        0
     101         0        0
     102         0        0
     103         0        0
     104         0        0
     104         1        1
     105         1        1
     106         1        1
     107         1        1
     108         1        1
     109         1        1
     110         1        1
     111         1        1
     112         1        1
     113         1        1
     114         0        0
     115         0        0
     116         0        0
     117         0        0
     118         0        0
     119         0        0
     120         0        0
     121         0        0
     122         0        0
     123         0        0
     123         1        1
     124         1        1
     125         1        1
     126         1        1
     127         1        1
     128         1        1
     129         1        1
     130         1        1
     131         1        1
     132         1        1
     133         0        0
     134         0        0
     135         0        0
     136         0        0
     137         0        0
     138         0        0
     139         0        0
     140         0        0
     141         0        0
     142         0        0
     142         1        1
     143         1        1
     144         1        1
     145         1        1
     146         1        1
     147         1        1
     148         1        1
     149         1        1
     150         1        1
     151         1        1
     152         0        0
     153         0        0
     154         0        0
     155         0        0
     156         0        0
     157         0        0
     158         0        0
     159         0        0
     160         0        0
     161         0        0
     161         1        1
     162         1        1
     163         1        1
     164         1        1
     165         1        1
     166         1        1
     167         1        1
     168         1        1
     169         1        1
     170         1        1
     171         0        0
     171         2        2
     172         0        0
     172         2        2
     173         0        0
     173         2        2
     174         0        0
     174         2        2
     175         0        0
     175         2        2
     176         0        0
     176         2        2
     177         0        0
     177         2        2
     178         0        0
     178         2        2
     179         0        0
     179         2        2
     180         0        0
     180         1        1
     180         2        2
     180         3        3
     181         1        1
     181         3        3
     182         1        1
     182         3        3
     183         1        1
     183         3        3
     184         1        1
     184         3        3
     185         1        1
     185         3        3
     186         1        1
     186         3        3
     187         1        1
     187         3        3
     188         1        1
     188         3        3
     189         1        1
     189         3        3
     190         2        2
     191         2        2
     192         2        2
     193         2        2
     194         2        2
     195         2        2
     196         2        2
     197         2        2
     198         2        2
     199         2        2
     199         3        3
     200         3        3
     201         3        3
     202         3        3
     203         3        3
     204         3        3
     205         3        3
     206         3        3
     207         3        3
     208         3        3
     209         2        2
     210         2        2
     211         2        2
     212         2        2
     213         2        2
     214         2        2
     215         2        2
     216         2        2
     217         2        2
     218         2        2
     218         3        3
     219         3        3
     220         3        3
     221         3        3
     222         3        3
     223         3        3
     224         3        3
     225         3        3
     226         3        3
     227         3        3
     228         2        2
     229         2        2
     230         2        2
     231         2        2
     232         2        2
     233         2        2
     234         2        2
     235         2        2
     236         2        2
     237         2        2
     237         3        3
     238         3        3
     239         3        3
     240         3        3
     241         3        3
     242         3        3
     243         3        3
     244         3        3
     245         3        3
     246         3        3
     247         2        2
     248         2        2
     249         2        2
     250         2        2
     251         2        2
     252         2        2
     253         2        2
     254         2        2
     255         2        2
     256         2        2
     256         3        3
     257         3        3
     258         3        3
     259         3        3
     260         3        3
     261         3        3
     262         3        3
     263         3        3
     264         3        3
     265         3        3
     266         2        2
     267         2        2
     268         2        2
     269         2        2
     270         2        2
     271         2        2
     272         2        2
     273         2        2
     274         2        2
     275         2        2
     275         3        3
     276         3        3
     277         3        3
     278         3        3
     279         3        3
     280         3        3
     281         3        3
     282         3        3
     283         3        3
     284         3        3
     285         2        2
     286         2        2
     287         2        2
     288         2        2
     289         2        2
     290         2        2
     291         2        2
     292         2        2
     293         2        2
     294         2        2
     294         3        3
     295         3        3
     296         3        3
     297         3        3
     298         3        3
     299         3        3
     300         3        3
     301         3        3
     302         3        3
     303         3        3
     304         2        2
     305         2        2
     306         2        2
     307         2        2
     308         2        2
     309         2        2
     310         2        2
     311         2        2
     312         2        2
     313         2        2
     313         3        3
     314         3        3
     315         3        3
     316         3        3
     317         3        3
     318         3        3
     319         3        3
     320         3        3
     321         3        3
     322         3        3
     323         2        2
     324         2        2
     325         2        2
     326         2        2
     327         2        2
     328         2        2
     329         2        2
     330         2        2
     331         2        2
     332         2        2
     332         3        3
     333         3        3
     334         3        3
     335         3        3
     336         3        3
     337         3        3
     338         3        3
     339         3        3
     340         3        3
     341         3        3
     342         2        2
     343         2        2
     344         2        2
     345         2        2
     346         2        2
     347         2        2
     348         2        2
     349         2        2
     350         2        2
     351         2        2
     351         3        3
     352         3        3
     353         3        3
     354         3        3
     355         3        3
     356         3        3
     357         3        3
     358         3        3
     359         3        3
     360         3        3
