43 42 2.7777777777777998e-02
47 42 1.3888888888888999e-02
51 42 1.3888888888888999e-02
55 42 6.9444444444443998e-03
42 43 2.7777777777777998e-02
46 43 1.3888888888888999e-02
50 43 1.3888888888888999e-02
54 43 6.9444444444443998e-03
43 46 1.3888888888888999e-02
47 46 5.5555555555555997e-02
51 46 6.9444444444443998e-03
55 46 2.7777777777777998e-02
79 46 1.3888888888888999e-02
83 46 6.9444444444443998e-03
42 47 1.3888888888888999e-02
46 47 5.5555555555555997e-02
50 47 6.9444444444443998e-03
54 47 2.7777777777777998e-02
78 47 1.3888888888888999e-02
82 47 6.9444444444443998e-03
43 50 1.3888888888888999e-02
47 50 6.9444444444443998e-03
51 50 5.5555555555555997e-02
55 50 2.7777777777777998e-02
107 50 1.3888888888888999e-02
111 50 6.9444444444443998e-03
42 51 1.3888888888888999e-02
46 51 6.9444444444443998e-03
50 51 5.5555555555555997e-02
54 51 2.7777777777777998e-02
106 51 1.3888888888888999e-02
110 51 6.9444444444443998e-03
43 54 6.9444444444443998e-03
47 54 2.7777777777777998e-02
51 54 2.7777777777777998e-02
55 54 1.1111111111110999e-01
79 54 6.9444444444443998e-03
83 54 2.7777777777777998e-02
107 54 6.9444444444443998e-03
111 54 2.7777777777777998e-02
125 54 6.9444444444443998e-03
42 55 6.9444444444443998e-03
46 55 2.7777777777777998e-02
50 55 2.7777777777777998e-02
54 55 1.1111111111110999e-01
78 55 6.9444444444443998e-03
82 55 2.7777777777777998e-02
106 55 6.9444444444443998e-03
110 55 2.7777777777777998e-02
124 55 6.9444444444443998e-03
47 78 1.3888888888888999e-02
55 78 6.9444444444443998e-03
79 78 2.7777777777777998e-02
83 78 1.3888888888888999e-02
46 79 1.3888888888888999e-02
54 79 6.9444444444443998e-03
78 79 2.7777777777777998e-02
82 79 1.3888888888888999e-02
47 82 6.9444444444443998e-03
55 82 2.7777777777777998e-02
79 82 1.3888888888888999e-02
83 82 5.5555555555555997e-02
111 82 6.9444444444443998e-03
125 82 1.3888888888888999e-02
46 83 6.9444444444443998e-03
54 83 2.7777777777777998e-02
78 83 1.3888888888888999e-02
82 83 5.5555555555555997e-02
110 83 6.9444444444443998e-03
124 83 1.3888888888888999e-02
51 106 1.3888888888888999e-02
55 106 6.9444444444443998e-03
107 106 2.7777777777777998e-02
111 106 1.3888888888888999e-02
50 107 1.3888888888888999e-02
54 107 6.9444444444443998e-03
106 107 2.7777777777777998e-02
110 107 1.3888888888888999e-02
51 110 6.9444444444443998e-03
55 110 2.7777777777777998e-02
83 110 6.9444444444443998e-03
107 110 1.3888888888888999e-02
111 110 5.5555555555555997e-02
125 110 1.3888888888888999e-02
50 111 6.9444444444443998e-03
54 111 2.7777777777777998e-02
82 111 6.9444444444443998e-03
106 111 1.3888888888888999e-02
110 111 5.5555555555555997e-02
124 111 1.3888888888888999e-02
55 124 6.9444444444443998e-03
83 124 1.3888888888888999e-02
111 124 1.3888888888888999e-02
125 124 2.7777777777777998e-02
54 125 6.9444444444443998e-03
82 125 1.3888888888888999e-02
110 125 1.3888888888888999e-02
124 125 2.7777777777777998e-02
