-0.0243502926634244325089558428537156614268871093149758091634531663960566965166295288529853061657116894882370493013671717560479926679408068852617342586968190919443025679363843727751902756254975073084367002129407854253246662805532069172532219089321005870178809284335033318073251039701073379759
0.0243502926634244325089558428537156614268871093149758091634531663960566965166295288529853061657116894882370493013671717560479926679408068852617342586968190919443025679363843727751902756254975073084367002129407854253246662805532069172532219089321005870178809284335033318073251039701073379759
-0.0729931217877990394495429419403374932441261816687788533563163323377395217254429050181833064967505478802134768007678458612956459126148837496307967995621683597067400860540057918571357609346700883624064782909888895547912499697295335516804810990011835717296819569741981551097569810739977931249
0.0729931217877990394495429419403374932441261816687788533563163323377395217254429050181833064967505478802134768007678458612956459126148837496307967995621683597067400860540057918571357609346700883624064782909888895547912499697295335516804810990011835717296819569741981551097569810739977931249
-0.1214628192961205544703764634922478782186836383371912940423495826006931832245070944213952236889690237679661122848626352437115925113582515415979746598665681268376919737373113667247142315234607397986222184384307059013512155412722263090766858403726100735651684437098923088469949297570988091677
0.1214628192961205544703764634922478782186836383371912940423495826006931832245070944213952236889690237679661122848626352437115925113582515415979746598665681268376919737373113667247142315234607397986222184384307059013512155412722263090766858403726100735651684437098923088469949297570988091677
-0.1696444204239928180373136297482698441999902667343778505894178746884342357796505591325925801106834127602396624627746208498838190598644711533868179088757129652678801285453336384132061358206434768209251779433993367981112053126660575920785488821886662635718276505127786854167528795165050389903
0.1696444204239928180373136297482698441999902667343778505894178746884342357796505591325925801106834127602396624627746208498838190598644711533868179088757129652678801285453336384132061358206434768209251779433993367981112053126660575920785488821886662635718276505127786854167528795165050389903
-0.217423643740007084149648748988822617578485831141222348630380401885689634737659235537163737740243604800759921292790013642836998201691226098978544332296437547642195961469059807833597096166848933098833151166287901339013986496737408125314858259377210847115061960167857239951500335854820530586
0.217423643740007084149648748988822617578485831141222348630380401885689634737659235537163737740243604800759921292790013642836998201691226098978544332296437547642195961469059807833597096166848933098833151166287901339013986496737408125314858259377210847115061960167857239951500335854820530586
-0.2646871622087674163739641725100201179804131362950932439559895448126206429452852982016450901649805445999078728714943692622330016257776575354105370883948495294882935681426154386660616476411740312465060150591301869544672050088454083442813632094277160007745547301572849406353682760306061929911
0.2646871622087674163739641725100201179804131362950932439559895448126206429452852982016450901649805445999078728714943692622330016257776575354105370883948495294882935681426154386660616476411740312465060150591301869544672050088454083442813632094277160007745547301572849406353682760306061929911
-0.3113228719902109561575126985601568835577153578680501269954571709858169098868398268719654999460149709757804582988077747605532896065842023340674450299515989484487746153929299031759475919924980452933324186984188982046762542556035347023744560814177013801414889023264804693830155588690576492164
0.3113228719902109561575126985601568835577153578680501269954571709858169098868398268719654999460149709757804582988077747605532896065842023340674450299515989484487746153929299031759475919924980452933324186984188982046762542556035347023744560814177013801414889023264804693830155588690576492164
-0.357220158337668115950442615046202531626264464640909112021237019340099177403802509741325589540743874845093675632547750287037622834793938695456980400958079292460482315821150714268593539935795231095157602025909339384694681190969656053235824652679875951093689200190014853543993102190088381483
0.357220158337668115950442615046202531626264464640909112021237019340099177403802509741325589540743874845093675632547750287037622834793938695456980400958079292460482315821150714268593539935795231095157602025909339384694681190969656053235824652679875951093689200190014853543993102190088381483
-0.4022701579639916036957667712601588487132652056150208082760431843129087214967261515969669708970990221669508217089555714806012046537594438323569293594638517933840725639831594134038262580440842200076281605641993773325072728778928440394419613403725280285705765326861533477990551765453978736181
0.4022701579639916036957667712601588487132652056150208082760431843129087214967261515969669708970990221669508217089555714806012046537594438323569293594638517933840725639831594134038262580440842200076281605641993773325072728778928440394419613403725280285705765326861533477990551765453978736181
-0.4463660172534640879849477147589151892067507578262501763082606820212937626970791295735937384813941473610238854736863966831464694923749954564921955859791688348936235671762050333408576202492209167272366373825152067680845198006626563761196191045700093968519269790165913301841545609485952718504
0.4463660172534640879849477147589151892067507578262501763082606820212937626970791295735937384813941473610238854736863966831464694923749954564921955859791688348936235671762050333408576202492209167272366373825152067680845198006626563761196191045700093968519269790165913301841545609485952718504
-0.4894031457070529574785263070219213908493732974637398373316540793240315585537584844752851087115581833443158831657759501916744927211636581386025171070582998790865902140901838128045602667002106847665927788023098753138400106615804847725751247952878407027140260429761863258319891988431055536872
0.4894031457070529574785263070219213908493732974637398373316540793240315585537584844752851087115581833443158831657759501916744927211636581386025171070582998790865902140901838128045602667002106847665927788023098753138400106615804847725751247952878407027140260429761863258319891988431055536872
-0.531279464019894545658013903544455247408525588734180238053268047166041778398245121448843253296460411619816073385211875151397248937264089998182375345915413219579220233566173902955487674957069948591213673456625912506280248298229907928060620469290406581396192419570799497688513058132396498814
0.531279464019894545658013903544455247408525588734180238053268047166041778398245121448843253296460411619816073385211875151397248937264089998182375345915413219579220233566173902955487674957069948591213673456625912506280248298229907928060620469290406581396192419570799497688513058132396498814
-0.5718956462026340342838781166591886431831910060912509932273284719418912212643223327597417735844776972648163821225207266145263395898251858906124801356522395225326954546582593857056725545247314092886133249957455688586118199388064447508712958637376347457406936802691416300157802889354368128467
0.5718956462026340342838781166591886431831910060912509932273284719418912212643223327597417735844776972648163821225207266145263395898251858906124801356522395225326954546582593857056725545247314092886133249957455688586118199388064447508712958637376347457406936802691416300157802889354368128467
-0.6111553551723932502488529710185489186961245593079718443367976666933088374650288148448667879830703867726577720666491772560110368248450475818132595468834493579434418252468978282181164008820769765174450056817468275783966537351796625224747700783378315186174632657840114512887287754747902924865
0.6111553551723932502488529710185489186961245593079718443367976666933088374650288148448667879830703867726577720666491772560110368248450475818132595468834493579434418252468978282181164008820769765174450056817468275783966537351796625224747700783378315186174632657840114512887287754747902924865
-0.6489654712546573398577612319934048855296904334732011728792502624366057598865738239773166627826358871699142531853930525866830933399401844502541092962631127742267449897116125748014270680393024011359139031312062573520509858894743036198986443014969748157931850178889912972291202354657382925509
0.6489654712546573398577612319934048855296904334732011728792502624366057598865738239773166627826358871699142531853930525866830933399401844502541092962631127742267449897116125748014270680393024011359139031312062573520509858894743036198986443014969748157931850178889912972291202354657382925509
-0.6852363130542332425635583710313763019356410785396718681324042749913611976548967332647625541234155413035075739348863233240851709341392873173633850612006618690218164007761541855237208605116527909791956398350719463021018362527198358286721239529091637248252469435642287693207506339068528700205
0.6852363130542332425635583710313763019356410785396718681324042749913611976548967332647625541234155413035075739348863233240851709341392873173633850612006618690218164007761541855237208605116527909791956398350719463021018362527198358286721239529091637248252469435642287693207506339068528700205
-0.7198818501716108268489402178319472447581380033149019526220473151184468592486433646042300919262498902882179891494724046747921544602557246455427317830132976771174504209146835854012577372395960646854355024460204286901035470812684876587693044068989973704915078171158689213412715251485203442313
0.7198818501716108268489402178319472447581380033149019526220473151184468592486433646042300919262498902882179891494724046747921544602557246455427317830132976771174504209146835854012577372395960646854355024460204286901035470812684876587693044068989973704915078171158689213412715251485203442313
-0.7528199072605318966118637748856939855517142713220871932461987761167722639636968539390413583009467924995905147153923286347693864945784890119950315095740891764880991728646942920208355501445550654259850385377192973526980795946453961077798744753892199929235882097232836682421729944934586281945
0.7528199072605318966118637748856939855517142713220871932461987761167722639636968539390413583009467924995905147153923286347693864945784890119950315095740891764880991728646942920208355501445550654259850385377192973526980795946453961077798744753892199929235882097232836682421729944934586281945
-0.7839723589433414076102205252137682840564141249898259334132759617476816578705098509357116190608002325895348207611752987335385494893726027026038902508685496606160441965948835252795524014713290879877269643684102005605450140247125536147801312017065532602835003540212221564314236937509990182173
0.7839723589433414076102205252137682840564141249898259334132759617476816578705098509357116190608002325895348207611752987335385494893726027026038902508685496606160441965948835252795524014713290879877269643684102005605450140247125536147801312017065532602835003540212221564314236937509990182173
-0.8132653151227975597419233380863033406981418225655972166956485149356586346082019870309280128411412936411423614767918756843380999442447282903502051218203273573634847203121451086379808399639198510674436238195505371716160648058477202993836014352158139813219612968106205248494087577632573534973
0.8132653151227975597419233380863033406981418225655972166956485149356586346082019870309280128411412936411423614767918756843380999442447282903502051218203273573634847203121451086379808399639198510674436238195505371716160648058477202993836014352158139813219612968106205248494087577632573534973
-0.840629296252580362751691544695873302982489823801755353928202683075593465893922171840726147868117503717663799561956411215937924134571068943700343442753760445948626598735504632170407243376224222403038093781056024445977626666740664628412660960413062370047183186652885532589557452614451434048
0.840629296252580362751691544695873302982489823801755353928202683075593465893922171840726147868117503717663799561956411215937924134571068943700343442753760445948626598735504632170407243376224222403038093781056024445977626666740664628412660960413062370047183186652885532589557452614451434048
-0.8659993981540928197607833850701575024125019187582496425664279511808356713122188567857456842034906362573453815878913951040194915987006979015304835979058725276345799813088989383312475641092775164460639450521468294104011206574786429237252678172922104036725327539940502197291939132802457917836
0.8659993981540928197607833850701575024125019187582496425664279511808356713122188567857456842034906362573453815878913951040194915987006979015304835979058725276345799813088989383312475641092775164460639450521468294104011206574786429237252678172922104036725327539940502197291939132802457917836
-0.8893154459951141058534040382728516224291944615104521893194744566084811090577722526400445910623711480590529533188832105988657269430913287263821624762648137092066620632787986348052306840101775313644572400860845559833367997001666659907951051347410546710134120144598833115095140475669485797579
0.8893154459951141058534040382728516224291944615104521893194744566084811090577722526400445910623711480590529533188832105988657269430913287263821624762648137092066620632787986348052306840101775313644572400860845559833367997001666659907951051347410546710134120144598833115095140475669485797579
-0.9105221370785028057563806680083298610134880848883640292531723714467102234556291968179018775780308458024302103848451312741663820589200520720207891653884985710130867134073520525932445557074805974235006810370309087879564826639263972805682465506594098949560288847385983395160311034445386606259
0.9105221370785028057563806680083298610134880848883640292531723714467102234556291968179018775780308458024302103848451312741663820589200520720207891653884985710130867134073520525932445557074805974235006810370309087879564826639263972805682465506594098949560288847385983395160311034445386606259
-0.9295691721319395758214901545592256073474270144297154975928116833612430986265594515998834499355844736686512805129688214992047597092114291955925880175797899765980745854426738149516325837607227287481909072315347776012991222301207304052068204069335766550173941103055407746774520789612843561385
0.9295691721319395758214901545592256073474270144297154975928116833612430986265594515998834499355844736686512805129688214992047597092114291955925880175797899765980745854426738149516325837607227287481909072315347776012991222301207304052068204069335766550173941103055407746774520789612843561385
-0.9464113748584028160624814913472647952793949717952331902317789712973664402149436591260928179188420533516264142755452159723722786167537167514691534968355366202934342465086995943893699962972237343218079763936958985487264411542890941861254842843026890160131607678957282346112697993618567018237
0.9464113748584028160624814913472647952793949717952331902317789712973664402149436591260928179188420533516264142755452159723722786167537167514691534968355366202934342465086995943893699962972237343218079763936958985487264411542890941861254842843026890160131607678957282346112697993618567018237
-0.9610087996520537189186141218971572067621146110378459494461586158623919945488992563976780806866203786216001498788310714552847469661399216303755820947005848739467276644122915754949838610353627723679982220628115164983443994552616161584523205789167087822341423097206088828267065770404672828066
0.9610087996520537189186141218971572067621146110378459494461586158623919945488992563976780806866203786216001498788310714552847469661399216303755820947005848739467276644122915754949838610353627723679982220628115164983443994552616161584523205789167087822341423097206088828267065770404672828066
-0.9733268277899109637418535073522726680261452944551741758819139781978152256958453749994966038154125547612207903105020176172420237675899907788807087542221018040460410464083361271842759039530092449625891215101984663282728542290395875313124045226564547294745437773482395329023327909760431499638
0.9733268277899109637418535073522726680261452944551741758819139781978152256958453749994966038154125547612207903105020176172420237675899907788807087542221018040460410464083361271842759039530092449625891215101984663282728542290395875313124045226564547294745437773482395329023327909760431499638
-0.9833362538846259569312993021568311169452475066237403837464872131233426128415470535606559721330818003585532628124845662897410684694651251174207713020897795837892725294581710205598344576799985346970638130204876060998657059283079767876980544166132523941283823202290746667358872631036031924711
0.9833362538846259569312993021568311169452475066237403837464872131233426128415470535606559721330818003585532628124845662897410684694651251174207713020897795837892725294581710205598344576799985346970638130204876060998657059283079767876980544166132523941283823202290746667358872631036031924711
-0.9910133714767443207393823834433031136413494453907904852225427459378131658644129997345108950133770434340330151289100150097018332483423277136039914249575686591612502752158650205954671083696496347591169012794322303027309768195334920157669446268175983954105533989275308193580349506657360682085
0.9910133714767443207393823834433031136413494453907904852225427459378131658644129997345108950133770434340330151289100150097018332483423277136039914249575686591612502752158650205954671083696496347591169012794322303027309768195334920157669446268175983954105533989275308193580349506657360682085
-0.9963401167719552793469245006763991232098575063402266121352522199507030568202208530946066801021703916301511794658310735397567341036554686814952726523955953805437164277655915410358813984246580862850974195805395101678543649116458555272523253307828290553873260588621490898443701779725568118502
0.9963401167719552793469245006763991232098575063402266121352522199507030568202208530946066801021703916301511794658310735397567341036554686814952726523955953805437164277655915410358813984246580862850974195805395101678543649116458555272523253307828290553873260588621490898443701779725568118502
-0.9993050417357721394569056243456363119697121916756087760628072954617646543505331997843242376462639434945376776512170265314011232493020401570891594274831367800115383317335285468800574240152992751785027563437707875403545865305271045717258142571193695943317890367167086616955235477529427992282
0.9993050417357721394569056243456363119697121916756087760628072954617646543505331997843242376462639434945376776512170265314011232493020401570891594274831367800115383317335285468800574240152992751785027563437707875403545865305271045717258142571193695943317890367167086616955235477529427992282
