0.0486909570091397203833653907347499124426286922838743305086688042456914190998246107310291565645676057401607079939845156005172257043376703767287395573765236401039685866479381075274920900511719320271157129622463682509122641788910270632229694394595885032921037399187298767076084601033342936131
0.0486909570091397203833653907347499124426286922838743305086688042456914190998246107310291565645676057401607079939845156005172257043376703767287395573765236401039685866479381075274920900511719320271157129622463682509122641788910270632229694394595885032921037399187298767076084601033342936131
0.0485754674415034269347990667839781136875565447049294857111516761025158193093697039229163427633930410186232149083923688162761488505704450697417589593116703853157329164894580165517236877241308351214870169600093357854651930986960906313726182992933363325614247750209880050786299287510692780499
0.0485754674415034269347990667839781136875565447049294857111516761025158193093697039229163427633930410186232149083923688162761488505704450697417589593116703853157329164894580165517236877241308351214870169600093357854651930986960906313726182992933363325614247750209880050786299287510692780499
0.048344762234802957169769527158017809703692550609501080629442201445249828946429202156764153264348308119169811534137999799779908820312744765416129733427088646813066886130539178187597540312913636916139844188190193872629488730769015964208394624398401975043997268903006190530430762197842013971
0.048344762234802957169769527158017809703692550609501080629442201445249828946429202156764153264348308119169811534137999799779908820312744765416129733427088646813066886130539178187597540312913636916139844188190193872629488730769015964208394624398401975043997268903006190530430762197842013971
0.0479993885964583077281261798713460699543167134714936209446323930933335214619650277588138568504103427609283146728470455041360837549685364869161566863222680599110109210456299588352028330169041000166382937545505655464884266691630625402297821494221827392164049587946530563778771030124675514431
0.0479993885964583077281261798713460699543167134714936209446323930933335214619650277588138568504103427609283146728470455041360837549685364869161566863222680599110109210456299588352028330169041000166382937545505655464884266691630625402297821494221827392164049587946530563778771030124675514431
0.0475401657148303086622822069442231716408252512625387521584740318784735191312349586041971325618543660076682369564304738487584849740943805934034367382833518752314207901993991333786062812015195073547884746598535775062676699885664167707011249029305697669004958515813436770491520105115843742005
0.0475401657148303086622822069442231716408252512625387521584740318784735191312349586041971325618543660076682369564304738487584849740943805934034367382833518752314207901993991333786062812015195073547884746598535775062676699885664167707011249029305697669004958515813436770491520105115843742005
0.0469681828162100173253262857545810751998975284738125649829240886861900500181800807437012381630302198876925642461830694029139318555787845567143614289552410495903601238284556145544858090965965782916339169651505119399637862876053945518410353459767034026687936026945199383607112976484520939933
0.0469681828162100173253262857545810751998975284738125649829240886861900500181800807437012381630302198876925642461830694029139318555787845567143614289552410495903601238284556145544858090965965782916339169651505119399637862876053945518410353459767034026687936026945199383607112976484520939933
0.0462847965813144172959532492322611849696503075324468007778340818364698861774606986244241539105685321088517142947579291476238551538798963436740600968513359005801910700069462154098456091711311098901749803777735222026075473081311483686560830539773763176758567914860207820170792365910140063798
0.0462847965813144172959532492322611849696503075324468007778340818364698861774606986244241539105685321088517142947579291476238551538798963436740600968513359005801910700069462154098456091711311098901749803777735222026075473081311483686560830539773763176758567914860207820170792365910140063798
0.0454916279274181444797709969712690588873234618023998968168834081606504637618082102750954507142497706775055424364453740562113890878382679420378787427100982909191308430750899201141096789461078632697297091763378573830284133736378128577579722120264252594541491899441765769262904055702701625378
0.0454916279274181444797709969712690588873234618023998968168834081606504637618082102750954507142497706775055424364453740562113890878382679420378787427100982909191308430750899201141096789461078632697297091763378573830284133736378128577579722120264252594541491899441765769262904055702701625378
0.0445905581637565630601347100309448432940237999912217256432193286861948363377761089569585678875932857237669096941854082976565514031401996407675401022860761183118504326746863327792604337217763335682212515058414863183914930810334329596384915832703655935958010948424747251920190851700662833367
0.0445905581637565630601347100309448432940237999912217256432193286861948363377761089569585678875932857237669096941854082976565514031401996407675401022860761183118504326746863327792604337217763335682212515058414863183914930810334329596384915832703655935958010948424747251920190851700662833367
0.0435837245293234533768278609737374809227888974971180150532193925502569499020021803936448815937567079991401855477391110804568848623412043870399620479222000249538880795788245633051476595555730388360811011823841525667998427392843673284072004068821750061964976796287623004834501604656318714989
0.0435837245293234533768278609737374809227888974971180150532193925502569499020021803936448815937567079991401855477391110804568848623412043870399620479222000249538880795788245633051476595555730388360811011823841525667998427392843673284072004068821750061964976796287623004834501604656318714989
0.0424735151236535890073397679088173661655466481806496697314607722055245433487169327182398988553670128358787507582463602377168227019625334754497484024668087975720049504975593281010888062806587161032924284354938115463233015024659299046001504100674918329532481611571863222497170398830691222425
0.0424735151236535890073397679088173661655466481806496697314607722055245433487169327182398988553670128358787507582463602377168227019625334754497484024668087975720049504975593281010888062806587161032924284354938115463233015024659299046001504100674918329532481611571863222497170398830691222425
0.0412625632426235286101562974736380477399306355305474105429034779122704951178045914463267035032832336161816547420067160277921114474557623647771372636679857599931025531633255548770293397336318597716427093310378312957479805159734598610664983115148350548735211568465338522875618805992499897174
0.0412625632426235286101562974736380477399306355305474105429034779122704951178045914463267035032832336161816547420067160277921114474557623647771372636679857599931025531633255548770293397336318597716427093310378312957479805159734598610664983115148350548735211568465338522875618805992499897174
0.0399537411327203413866569261283360739186769506703336301114037026981570543670430333260307390357287606111017588757685176701688554806178713759519003171090525332423003042251947304213502522332118258365256241174986409729902714098049024753746340158430732115642207673265332738358717839602955875715
0.0399537411327203413866569261283360739186769506703336301114037026981570543670430333260307390357287606111017588757685176701688554806178713759519003171090525332423003042251947304213502522332118258365256241174986409729902714098049024753746340158430732115642207673265332738358717839602955875715
0.0385501531786156291289624969468089910127871122017180319662378854088005271323682681394418540442928363090545214563022868422017877042243007014244875098498616146404178795110038170109976252865902624380463581094085479557660525450020049773872343621719025128277593787164021147974906095237533202082
0.0385501531786156291289624969468089910127871122017180319662378854088005271323682681394418540442928363090545214563022868422017877042243007014244875098498616146404178795110038170109976252865902624380463581094085479557660525450020049773872343621719025128277593787164021147974906095237533202082
0.0370551285402400460404151018095833750834649453056563021747536272028091562122966687178302646649066832960609370472485057031765338738734008482025086366647963664178752038995704175623165041724901843573087856883034472545386037691055680911138721623610172486110313241291773258491882452773847899443
0.0370551285402400460404151018095833750834649453056563021747536272028091562122966687178302646649066832960609370472485057031765338738734008482025086366647963664178752038995704175623165041724901843573087856883034472545386037691055680911138721623610172486110313241291773258491882452773847899443
0.0354722132568823838106931467152459479480946310024100946926514848199381113651392962399922996268087884509143420993419937430515415557908457195618550238075571721209638845910166697234073788332647695349442265578792857058786796417110738673392400570019770741873271724201517438135222598792344040215
0.0354722132568823838106931467152459479480946310024100946926514848199381113651392962399922996268087884509143420993419937430515415557908457195618550238075571721209638845910166697234073788332647695349442265578792857058786796417110738673392400570019770741873271724201517438135222598792344040215
0.0338051618371416093915654821107254310210499263140045346675500650400323727745785853730452808963944098691936344225349051741060036935288424090581463711756382878498537611980973238606529148664990420534952057130296232922368792280098852092993207644225150541876980292972087619863453425206929192216
0.0338051618371416093915654821107254310210499263140045346675500650400323727745785853730452808963944098691936344225349051741060036935288424090581463711756382878498537611980973238606529148664990420534952057130296232922368792280098852092993207644225150541876980292972087619863453425206929192216
0.032057928354851553585467504347898716966221573881398062250169407854535275399124366530227987935629046729162364779969274126431870966979526186907589490002269660893281421728773647001279141626157958271220102615163092206489916992120482595587916535390136003611498634162765724522022671474313619317
0.032057928354851553585467504347898716966221573881398062250169407854535275399124366530227987935629046729162364779969274126431870966979526186907589490002269660893281421728773647001279141626157958271220102615163092206489916992120482595587916535390136003611498634162765724522022671474313619317
0.030234657072402478867974059819548659158281397768481241636026542045969161851838118212761980885178641520596873511042783163461341979185470882574743804555268086640389062237383427702813367624714014426121485626242067362445894463989335423458464954799181190120473168677930333898873084606011285311
0.030234657072402478867974059819548659158281397768481241636026542045969161851838118212761980885178641520596873511042783163461341979185470882574743804555268086640389062237383427702813367624714014426121485626242067362445894463989335423458464954799181190120473168677930333898873084606011285311
0.0283396726142594832275113052002373519812075841257543359907955185084500175712880712901834579816476269393013386531176072296695948860841466158639973753393323262188023471133258509422081952937349849822864752636994881600343083839805990853930436233762729622213044478376753949590318846038229829528
0.0283396726142594832275113052002373519812075841257543359907955185084500175712880712901834579816476269393013386531176072296695948860841466158639973753393323262188023471133258509422081952937349849822864752636994881600343083839805990853930436233762729622213044478376753949590318846038229829528
0.0263774697150546586716917926252251856755993308422457184496156736853021592428967790284780487213653480867620409279447766944383920384284787790772384251090745670478105870527396429136326932261251511732466974897397268573168068852344129736214469830280087710575094607457344820944885011053938108899
0.0263774697150546586716917926252251856755993308422457184496156736853021592428967790284780487213653480867620409279447766944383920384284787790772384251090745670478105870527396429136326932261251511732466974897397268573168068852344129736214469830280087710575094607457344820944885011053938108899
0.0243527025687108733381775504090689876499784155133784119819985685535536787083770723737264828464464223276155821319330210193549896426801083040150047332857692873011433649334477370145389017577189505240415125600908800786897201425473757275187332157593198572919772969833130729981971352463730545469
0.0243527025687108733381775504090689876499784155133784119819985685535536787083770723737264828464464223276155821319330210193549896426801083040150047332857692873011433649334477370145389017577189505240415125600908800786897201425473757275187332157593198572919772969833130729981971352463730545469
0.0222701738083832541592983303841550024229592905997594051455205429744914460867081990116647982811451138592401156680063927909718825845915896692701716212710541472344073624315399429951255221519263275095347974129106415903376085208797420439500915674568159744176912567285070988940509294826076696882
0.0222701738083832541592983303841550024229592905997594051455205429744914460867081990116647982811451138592401156680063927909718825845915896692701716212710541472344073624315399429951255221519263275095347974129106415903376085208797420439500915674568159744176912567285070988940509294826076696882
0.0201348231535302093723403167285438970895266801007919519220072343276769828211923597982299498416998597995443052252531684909219367615574440281549241161294448697202959593344989612626641188010558013085389491205901106884167596038790695150496733123662891637942237462337673353651179115491957031948
0.0201348231535302093723403167285438970895266801007919519220072343276769828211923597982299498416998597995443052252531684909219367615574440281549241161294448697202959593344989612626641188010558013085389491205901106884167596038790695150496733123662891637942237462337673353651179115491957031948
0.0179517157756973430850453020011193688971673570364158572977184273569247295870620984743089140579199272107974903016785911970727080884655646148340637373001805876560334052431930062983734905886704331100259778249929425439377011315288821865303197904492848823994202996722656114004109123107733596987
0.0179517157756973430850453020011193688971673570364158572977184273569247295870620984743089140579199272107974903016785911970727080884655646148340637373001805876560334052431930062983734905886704331100259778249929425439377011315288821865303197904492848823994202996722656114004109123107733596987
0.0157260304760247193219659952975397944260290098431565121528943932284210502164124556525745628476326997189475680077625258949765335021586482683126547283634704087193102431454662772463321304938516661086261262080252305539171654570677889578063634007609097342035360186636479612243231917699790225637
0.0157260304760247193219659952975397944260290098431565121528943932284210502164124556525745628476326997189475680077625258949765335021586482683126547283634704087193102431454662772463321304938516661086261262080252305539171654570677889578063634007609097342035360186636479612243231917699790225637
0.0134630478967186425980607666859556841084257719773496708184682785221983598894666268489697837056105038485845901773961664652581563686185523959473293683490869846700009741156668864960127745507806046701586435579547632680339906665338521813319281296935586498194608460412423723103161161922347608637
0.0134630478967186425980607666859556841084257719773496708184682785221983598894666268489697837056105038485845901773961664652581563686185523959473293683490869846700009741156668864960127745507806046701586435579547632680339906665338521813319281296935586498194608460412423723103161161922347608637
0.011168139460131128818590493019208135072778797816827287215251362273969701224836131369547661822970774719521543690039908073147476182135228738610704246958518755712518444434075738269866120460156365855324768445411463643114925829148750923090201475035559533993035986264487097245733097728698218563
0.011168139460131128818590493019208135072778797816827287215251362273969701224836131369547661822970774719521543690039908073147476182135228738610704246958518755712518444434075738269866120460156365855324768445411463643114925829148750923090201475035559533993035986264487097245733097728698218563
0.0088467598263639477230309146597306476951762660792204997984715769296110380005985367341694286322550520156167431790573509593010611842062630262878798782558974712042810219159674181580449655112696028911646066461502678711637780164986283350190669684468398617127841853445303466680698660632269500149
0.0088467598263639477230309146597306476951762660792204997984715769296110380005985367341694286322550520156167431790573509593010611842062630262878798782558974712042810219159674181580449655112696028911646066461502678711637780164986283350190669684468398617127841853445303466680698660632269500149
0.0065044579689783628561173603999812667711317610549523400952448792575685125717613068203530526491113296049409911387320826711045787146267036866881961532403342811327869183281273743976710008917886491097375367147212074243884772614562628844975421736416404173672075979097191581386023407454532945934
0.0065044579689783628561173603999812667711317610549523400952448792575685125717613068203530526491113296049409911387320826711045787146267036866881961532403342811327869183281273743976710008917886491097375367147212074243884772614562628844975421736416404173672075979097191581386023407454532945934
0.0041470332605624676352875357285514153133028192536848024628763661431834776690157393776820933106187137592011723199002845429836606307797425496666456172753165824787973801175029578301513761259541022471768825518482406145696380621686627285992715643614469568410535180218496973657001203470470418364
0.0041470332605624676352875357285514153133028192536848024628763661431834776690157393776820933106187137592011723199002845429836606307797425496666456172753165824787973801175029578301513761259541022471768825518482406145696380621686627285992715643614469568410535180218496973657001203470470418364
0.0017832807216964329472960791449719331799593472719279556695308063655858546954239803486698215802150348282744786016134857283616955449868451969230490863774274598030023211055562492709717566919237924255297982774711177411074145151155610163293142044147991553384925940046957893721166251082473659733
0.0017832807216964329472960791449719331799593472719279556695308063655858546954239803486698215802150348282744786016134857283616955449868451969230490863774274598030023211055562492709717566919237924255297982774711177411074145151155610163293142044147991553384925940046957893721166251082473659733
