netcdf p-cube-4x4x4 {
dimensions:
	len_string = 33 ;
	len_line = 81 ;
	four = 4 ;
	len_name = 33 ;
	time_step = UNLIMITED ; // (0 currently)
	num_dim = 3 ;
	num_nodes = 125 ;
	num_elem = 64 ;
	num_el_blk = 1 ;
	num_side_sets = 1 ;
	num_el_in_blk1 = 64 ;
	num_nod_per_el1 = 8 ;
	num_side_ss1 = 96 ;
	num_df_ss1 = 384 ;
	num_qa_rec = 1 ;
variables:
	double time_whole(time_step) ;
	int eb_status(num_el_blk) ;
	int eb_prop1(num_el_blk) ;
		eb_prop1:name = "ID" ;
	int ss_status(num_side_sets) ;
	int ss_prop1(num_side_sets) ;
		ss_prop1:name = "ID" ;
	double coordx(num_nodes) ;
	double coordy(num_nodes) ;
	double coordz(num_nodes) ;
	char eb_names(num_el_blk, len_name) ;
	char ss_names(num_side_sets, len_name) ;
	char coor_names(num_dim, len_name) ;
	int connect1(num_el_in_blk1, num_nod_per_el1) ;
		connect1:elem_type = "HEX8" ;
	int elem_ss1(num_side_ss1) ;
	int side_ss1(num_side_ss1) ;
	double dist_fact_ss1(num_df_ss1) ;
	char qa_records(num_qa_rec, four, len_string) ;
	int elem_map(num_elem) ;
	int elem_num_map(num_elem) ;
	int node_num_map(num_nodes) ;

// global attributes:
		:api_version = 6.05f ;
		:version = 6.05f ;
		:floating_point_word_size = 8 ;
		:file_size = 1 ;
		:maximum_name_length = 32 ;
		:int64_status = 0 ;
		:title = "cubit(/home/dridzal/software/Cubit/p-cube-4x4x4.e): 08/08/2017: 15:54:04" ;
data:

 eb_status = 1 ;

 eb_prop1 = 1 ;

 ss_status = 1 ;

 ss_prop1 = 1 ;

 coordx = 0, 0, 0, 0, 0.25, 0.25, 0.25, 0.25, 0, 0, 0.25, 0.25, 0, 0, 0.25, 
    0.25, 0, 0, 0.25, 0.25, 0, 0, 0.25, 0.25, 0, 0.25, 0, 0.25, 0, 0.25, 0, 
    0, 0.25, 0.25, 0, 0.25, 0, 0.25, 0, 0.25, 0, 0, 0.25, 0.25, 0, 0.25, 0, 
    0.25, 0, 0.25, 0.5, 0.5, 0.5, 0.5, 0.5, 0.5, 0.5, 0.5, 0.5, 0.5, 0.5, 
    0.5, 0.5, 0.5, 0.5, 0.5, 0.5, 0.5, 0.5, 0.5, 0.5, 0.5, 0.5, 0.5, 0.5, 
    0.75, 0.75, 0.75, 0.75, 0.75, 0.75, 0.75, 0.75, 0.75, 0.75, 0.75, 0.75, 
    0.75, 0.75, 0.75, 0.75, 0.75, 0.75, 0.75, 0.75, 0.75, 0.75, 0.75, 0.75, 
    0.75, 1, 1, 1, 1, 1, 1, 1, 1, 1, 1, 1, 1, 1, 1, 1, 1, 1, 1, 1, 1, 1, 1, 
    1, 1, 1 ;

 coordy = 0, 0, 0.25, 0.25, 0, 0, 0.25, 0.25, 0, 0.25, 0, 0.25, 0, 0.25, 0, 
    0.25, 0, 0.25, 0, 0.25, 0.5, 0.5, 0.5, 0.5, 0.5, 0.5, 0.5, 0.5, 0.5, 0.5, 
    0.75, 0.75, 0.75, 0.75, 0.75, 0.75, 0.75, 0.75, 0.75, 0.75, 1, 1, 1, 1, 
    1, 1, 1, 1, 1, 1, 0, 0, 0.25, 0.25, 0, 0.25, 0, 0.25, 0, 0.25, 0.5, 0.5, 
    0.5, 0.5, 0.5, 0.75, 0.75, 0.75, 0.75, 0.75, 1, 1, 1, 1, 1, 0, 0, 0.25, 
    0.25, 0, 0.25, 0, 0.25, 0, 0.25, 0.5, 0.5, 0.5, 0.5, 0.5, 0.75, 0.75, 
    0.75, 0.75, 0.75, 1, 1, 1, 1, 1, 0, 0, 0.25, 0.25, 0, 0.25, 0, 0.25, 0, 
    0.25, 0.5, 0.5, 0.5, 0.5, 0.5, 0.75, 0.75, 0.75, 0.75, 0.75, 1, 1, 1, 1, 1 ;

 coordz = 1, 0.75, 0.75, 1, 1, 0.75, 0.75, 1, 0.5, 0.5, 0.5, 0.5, 0.25, 0.25, 
    0.25, 0.25, 0, 0, 0, 0, 0.75, 1, 0.75, 1, 0.5, 0.5, 0.25, 0.25, 0, 0, 
    0.75, 1, 0.75, 1, 0.5, 0.5, 0.25, 0.25, 0, 0, 0.75, 1, 0.75, 1, 0.5, 0.5, 
    0.25, 0.25, 0, 0, 1, 0.75, 0.75, 1, 0.5, 0.5, 0.25, 0.25, 0, 0, 0.75, 1, 
    0.5, 0.25, 0, 0.75, 1, 0.5, 0.25, 0, 0.75, 1, 0.5, 0.25, 0, 1, 0.75, 
    0.75, 1, 0.5, 0.5, 0.25, 0.25, 0, 0, 0.75, 1, 0.5, 0.25, 0, 0.75, 1, 0.5, 
    0.25, 0, 0.75, 1, 0.5, 0.25, 0, 1, 0.75, 0.75, 1, 0.5, 0.5, 0.25, 0.25, 
    0, 0, 0.75, 1, 0.5, 0.25, 0, 0.75, 1, 0.5, 0.25, 0, 0.75, 1, 0.5, 0.25, 0 ;

 eb_names =
  "" ;

 ss_names =
  "" ;

 coor_names =
  "x",
  "y",
  "z" ;

 connect1 =
  1, 2, 3, 4, 5, 6, 7, 8,
  2, 9, 10, 3, 6, 11, 12, 7,
  9, 13, 14, 10, 11, 15, 16, 12,
  13, 17, 18, 14, 15, 19, 20, 16,
  4, 3, 21, 22, 8, 7, 23, 24,
  3, 10, 25, 21, 7, 12, 26, 23,
  10, 14, 27, 25, 12, 16, 28, 26,
  14, 18, 29, 27, 16, 20, 30, 28,
  22, 21, 31, 32, 24, 23, 33, 34,
  21, 25, 35, 31, 23, 26, 36, 33,
  25, 27, 37, 35, 26, 28, 38, 36,
  27, 29, 39, 37, 28, 30, 40, 38,
  32, 31, 41, 42, 34, 33, 43, 44,
  31, 35, 45, 41, 33, 36, 46, 43,
  35, 37, 47, 45, 36, 38, 48, 46,
  37, 39, 49, 47, 38, 40, 50, 48,
  5, 6, 7, 8, 51, 52, 53, 54,
  6, 11, 12, 7, 52, 55, 56, 53,
  11, 15, 16, 12, 55, 57, 58, 56,
  15, 19, 20, 16, 57, 59, 60, 58,
  8, 7, 23, 24, 54, 53, 61, 62,
  7, 12, 26, 23, 53, 56, 63, 61,
  12, 16, 28, 26, 56, 58, 64, 63,
  16, 20, 30, 28, 58, 60, 65, 64,
  24, 23, 33, 34, 62, 61, 66, 67,
  23, 26, 36, 33, 61, 63, 68, 66,
  26, 28, 38, 36, 63, 64, 69, 68,
  28, 30, 40, 38, 64, 65, 70, 69,
  34, 33, 43, 44, 67, 66, 71, 72,
  33, 36, 46, 43, 66, 68, 73, 71,
  36, 38, 48, 46, 68, 69, 74, 73,
  38, 40, 50, 48, 69, 70, 75, 74,
  51, 52, 53, 54, 76, 77, 78, 79,
  52, 55, 56, 53, 77, 80, 81, 78,
  55, 57, 58, 56, 80, 82, 83, 81,
  57, 59, 60, 58, 82, 84, 85, 83,
  54, 53, 61, 62, 79, 78, 86, 87,
  53, 56, 63, 61, 78, 81, 88, 86,
  56, 58, 64, 63, 81, 83, 89, 88,
  58, 60, 65, 64, 83, 85, 90, 89,
  62, 61, 66, 67, 87, 86, 91, 92,
  61, 63, 68, 66, 86, 88, 93, 91,
  63, 64, 69, 68, 88, 89, 94, 93,
  64, 65, 70, 69, 89, 90, 95, 94,
  67, 66, 71, 72, 92, 91, 96, 97,
  66, 68, 73, 71, 91, 93, 98, 96,
  68, 69, 74, 73, 93, 94, 99, 98,
  69, 70, 75, 74, 94, 95, 100, 99,
  76, 77, 78, 79, 101, 102, 103, 104,
  77, 80, 81, 78, 102, 105, 106, 103,
  80, 82, 83, 81, 105, 107, 108, 106,
  82, 84, 85, 83, 107, 109, 110, 108,
  79, 78, 86, 87, 104, 103, 111, 112,
  78, 81, 88, 86, 103, 106, 113, 111,
  81, 83, 89, 88, 106, 108, 114, 113,
  83, 85, 90, 89, 108, 110, 115, 114,
  87, 86, 91, 92, 112, 111, 116, 117,
  86, 88, 93, 91, 111, 113, 118, 116,
  88, 89, 94, 93, 113, 114, 119, 118,
  89, 90, 95, 94, 114, 115, 120, 119,
  92, 91, 96, 97, 117, 116, 121, 122,
  91, 93, 98, 96, 116, 118, 123, 121,
  93, 94, 99, 98, 118, 119, 124, 123,
  94, 95, 100, 99, 119, 120, 125, 124 ;

 elem_ss1 = 49, 53, 57, 61, 33, 37, 41, 45, 17, 21, 25, 29, 1, 5, 9, 13, 64, 
    60, 56, 52, 48, 44, 40, 36, 32, 28, 24, 20, 16, 12, 8, 4, 1, 2, 3, 4, 17, 
    18, 19, 20, 33, 34, 35, 36, 49, 50, 51, 52, 13, 14, 15, 16, 9, 10, 11, 
    12, 5, 6, 7, 8, 1, 2, 3, 4, 61, 62, 63, 64, 45, 46, 47, 48, 29, 30, 31, 
    32, 13, 14, 15, 16, 49, 50, 51, 52, 53, 54, 55, 56, 57, 58, 59, 60, 61, 
    62, 63, 64 ;

 side_ss1 = 4, 4, 4, 4, 4, 4, 4, 4, 4, 4, 4, 4, 4, 4, 4, 4, 2, 2, 2, 2, 2, 2, 
    2, 2, 2, 2, 2, 2, 2, 2, 2, 2, 1, 1, 1, 1, 1, 1, 1, 1, 1, 1, 1, 1, 1, 1, 
    1, 1, 5, 5, 5, 5, 5, 5, 5, 5, 5, 5, 5, 5, 5, 5, 5, 5, 3, 3, 3, 3, 3, 3, 
    3, 3, 3, 3, 3, 3, 3, 3, 3, 3, 6, 6, 6, 6, 6, 6, 6, 6, 6, 6, 6, 6, 6, 6, 
    6, 6 ;

 dist_fact_ss1 = 1, 1, 1, 1, 1, 1, 1, 1, 1, 1, 1, 1, 1, 1, 1, 1, 1, 1, 1, 1, 
    1, 1, 1, 1, 1, 1, 1, 1, 1, 1, 1, 1, 1, 1, 1, 1, 1, 1, 1, 1, 1, 1, 1, 1, 
    1, 1, 1, 1, 1, 1, 1, 1, 1, 1, 1, 1, 1, 1, 1, 1, 1, 1, 1, 1, 1, 1, 1, 1, 
    1, 1, 1, 1, 1, 1, 1, 1, 1, 1, 1, 1, 1, 1, 1, 1, 1, 1, 1, 1, 1, 1, 1, 1, 
    1, 1, 1, 1, 1, 1, 1, 1, 1, 1, 1, 1, 1, 1, 1, 1, 1, 1, 1, 1, 1, 1, 1, 1, 
    1, 1, 1, 1, 1, 1, 1, 1, 1, 1, 1, 1, 1, 1, 1, 1, 1, 1, 1, 1, 1, 1, 1, 1, 
    1, 1, 1, 1, 1, 1, 1, 1, 1, 1, 1, 1, 1, 1, 1, 1, 1, 1, 1, 1, 1, 1, 1, 1, 
    1, 1, 1, 1, 1, 1, 1, 1, 1, 1, 1, 1, 1, 1, 1, 1, 1, 1, 1, 1, 1, 1, 1, 1, 
    1, 1, 1, 1, 1, 1, 1, 1, 1, 1, 1, 1, 1, 1, 1, 1, 1, 1, 1, 1, 1, 1, 1, 1, 
    1, 1, 1, 1, 1, 1, 1, 1, 1, 1, 1, 1, 1, 1, 1, 1, 1, 1, 1, 1, 1, 1, 1, 1, 
    1, 1, 1, 1, 1, 1, 1, 1, 1, 1, 1, 1, 1, 1, 1, 1, 1, 1, 1, 1, 1, 1, 1, 1, 
    1, 1, 1, 1, 1, 1, 1, 1, 1, 1, 1, 1, 1, 1, 1, 1, 1, 1, 1, 1, 1, 1, 1, 1, 
    1, 1, 1, 1, 1, 1, 1, 1, 1, 1, 1, 1, 1, 1, 1, 1, 1, 1, 1, 1, 1, 1, 1, 1, 
    1, 1, 1, 1, 1, 1, 1, 1, 1, 1, 1, 1, 1, 1, 1, 1, 1, 1, 1, 1, 1, 1, 1, 1, 
    1, 1, 1, 1, 1, 1, 1, 1, 1, 1, 1, 1, 1, 1, 1, 1, 1, 1, 1, 1, 1, 1, 1, 1, 
    1, 1, 1, 1, 1, 1, 1, 1, 1, 1, 1, 1, 1, 1, 1, 1, 1, 1, 1, 1, 1, 1, 1, 1, 
    1, 1, 1, 1 ;

 qa_records =
  "CUBIT",
  "15.2",
  "08/08/2017",
  "15:54:04" ;

 elem_map = 1, 2, 3, 4, 5, 6, 7, 8, 9, 10, 11, 12, 13, 14, 15, 16, 17, 18, 
    19, 20, 21, 22, 23, 24, 25, 26, 27, 28, 29, 30, 31, 32, 33, 34, 35, 36, 
    37, 38, 39, 40, 41, 42, 43, 44, 45, 46, 47, 48, 49, 50, 51, 52, 53, 54, 
    55, 56, 57, 58, 59, 60, 61, 62, 63, 64 ;

 elem_num_map = 1, 2, 3, 4, 5, 6, 7, 8, 9, 10, 11, 12, 13, 14, 15, 16, 17, 
    18, 19, 20, 21, 22, 23, 24, 25, 26, 27, 28, 29, 30, 31, 32, 33, 34, 35, 
    36, 37, 38, 39, 40, 41, 42, 43, 44, 45, 46, 47, 48, 49, 50, 51, 52, 53, 
    54, 55, 56, 57, 58, 59, 60, 61, 62, 63, 64 ;

 node_num_map = 10, 51, 75, 13, 14, 57, 99, 23, 52, 76, 58, 100, 53, 77, 59, 
    101, 31, 36, 34, 50, 72, 12, 102, 24, 73, 103, 74, 104, 37, 49, 69, 11, 
    105, 25, 70, 106, 71, 107, 38, 48, 66, 6, 87, 9, 67, 88, 68, 89, 35, 39, 
    15, 60, 108, 20, 61, 109, 62, 110, 33, 47, 111, 21, 112, 113, 46, 114, 
    22, 115, 116, 45, 84, 8, 85, 86, 40, 16, 63, 117, 17, 64, 118, 65, 119, 
    32, 44, 120, 18, 121, 122, 43, 123, 19, 124, 125, 42, 81, 7, 82, 83, 41, 
    1, 54, 90, 3, 55, 91, 56, 92, 27, 30, 93, 4, 94, 95, 29, 96, 5, 97, 98, 
    28, 78, 2, 79, 80, 26 ;
}
