netcdf p-cube-8x8x8 {
dimensions:
	len_string = 33 ;
	len_line = 81 ;
	four = 4 ;
	len_name = 33 ;
	time_step = UNLIMITED ; // (0 currently)
	num_dim = 3 ;
	num_nodes = 729 ;
	num_elem = 512 ;
	num_el_blk = 1 ;
	num_side_sets = 1 ;
	num_el_in_blk1 = 512 ;
	num_nod_per_el1 = 8 ;
	num_side_ss1 = 384 ;
	num_df_ss1 = 1536 ;
	num_qa_rec = 1 ;
variables:
	double time_whole(time_step) ;
	int eb_status(num_el_blk) ;
	int eb_prop1(num_el_blk) ;
		eb_prop1:name = "ID" ;
	int ss_status(num_side_sets) ;
	int ss_prop1(num_side_sets) ;
		ss_prop1:name = "ID" ;
	double coordx(num_nodes) ;
	double coordy(num_nodes) ;
	double coordz(num_nodes) ;
	char eb_names(num_el_blk, len_name) ;
	char ss_names(num_side_sets, len_name) ;
	char coor_names(num_dim, len_name) ;
	int connect1(num_el_in_blk1, num_nod_per_el1) ;
		connect1:elem_type = "HEX8" ;
	int elem_ss1(num_side_ss1) ;
	int side_ss1(num_side_ss1) ;
	double dist_fact_ss1(num_df_ss1) ;
	char qa_records(num_qa_rec, four, len_string) ;
	int elem_map(num_elem) ;
	int elem_num_map(num_elem) ;
	int node_num_map(num_nodes) ;

// global attributes:
		:api_version = 6.05f ;
		:version = 6.05f ;
		:floating_point_word_size = 8 ;
		:file_size = 1 ;
		:maximum_name_length = 32 ;
		:int64_status = 0 ;
		:title = "cubit(/home/dridzal/software/Cubit/p-cube-8x8x8.e): 08/08/2017: 15:54:49" ;
data:

 eb_status = 1 ;

 eb_prop1 = 1 ;

 ss_status = 1 ;

 ss_prop1 = 1 ;

 coordx = 0, 0, 0, 0, 0.125, 0.125, 0.125, 0.125, 0, 0, 0.125, 0.125, 0, 0, 
    0.125, 0.125, 0, 0, 0.125, 0.125, 0, 0, 0.125, 0.125, 0, 0, 0.125, 0.125, 
    0, 0, 0.125, 0.125, 0, 0, 0.125, 0.125, 0, 0, 0.125, 0.125, 0, 0.125, 0, 
    0.125, 0, 0.125, 0, 0.125, 0, 0.125, 0, 0.125, 0, 0.125, 0, 0, 0.125, 
    0.125, 0, 0.125, 0, 0.125, 0, 0.125, 0, 0.125, 0, 0.125, 0, 0.125, 0, 
    0.125, 0, 0, 0.125, 0.125, 0, 0.125, 0, 0.125, 0, 0.125, 0, 0.125, 0, 
    0.125, 0, 0.125, 0, 0.125, 0, 0, 0.125, 0.125, 0, 0.125, 0, 0.125, 0, 
    0.125, 0, 0.125, 0, 0.125, 0, 0.125, 0, 0.125, 0, 0, 0.125, 0.125, 0, 
    0.125, 0, 0.125, 0, 0.125, 0, 0.125, 0, 0.125, 0, 0.125, 0, 0.125, 0, 0, 
    0.125, 0.125, 0, 0.125, 0, 0.125, 0, 0.125, 0, 0.125, 0, 0.125, 0, 0.125, 
    0, 0.125, 0, 0, 0.125, 0.125, 0, 0.125, 0, 0.125, 0, 0.125, 0, 0.125, 0, 
    0.125, 0, 0.125, 0, 0.125, 0.25, 0.25, 0.25, 0.25, 0.25, 0.25, 0.25, 
    0.25, 0.25, 0.25, 0.25, 0.25, 0.25, 0.25, 0.25, 0.25, 0.25, 0.25, 0.25, 
    0.25, 0.25, 0.25, 0.25, 0.25, 0.25, 0.25, 0.25, 0.25, 0.25, 0.25, 0.25, 
    0.25, 0.25, 0.25, 0.25, 0.25, 0.25, 0.25, 0.25, 0.25, 0.25, 0.25, 0.25, 
    0.25, 0.25, 0.25, 0.25, 0.25, 0.25, 0.25, 0.25, 0.25, 0.25, 0.25, 0.25, 
    0.25, 0.25, 0.25, 0.25, 0.25, 0.25, 0.25, 0.25, 0.25, 0.25, 0.25, 0.25, 
    0.25, 0.25, 0.25, 0.25, 0.25, 0.25, 0.25, 0.25, 0.25, 0.25, 0.25, 0.25, 
    0.25, 0.25, 0.375, 0.375, 0.375, 0.375, 0.375, 0.375, 0.375, 0.375, 
    0.375, 0.375, 0.375, 0.375, 0.375, 0.375, 0.375, 0.375, 0.375, 0.375, 
    0.375, 0.375, 0.375, 0.375, 0.375, 0.375, 0.375, 0.375, 0.375, 0.375, 
    0.375, 0.375, 0.375, 0.375, 0.375, 0.375, 0.375, 0.375, 0.375, 0.375, 
    0.375, 0.375, 0.375, 0.375, 0.375, 0.375, 0.375, 0.375, 0.375, 0.375, 
    0.375, 0.375, 0.375, 0.375, 0.375, 0.375, 0.375, 0.375, 0.375, 0.375, 
    0.375, 0.375, 0.375, 0.375, 0.375, 0.375, 0.375, 0.375, 0.375, 0.375, 
    0.375, 0.375, 0.375, 0.375, 0.375, 0.375, 0.375, 0.375, 0.375, 0.375, 
    0.375, 0.375, 0.375, 0.5, 0.5, 0.5, 0.5, 0.5, 0.5, 0.5, 0.5, 0.5, 0.5, 
    0.5, 0.5, 0.5, 0.5, 0.5, 0.5, 0.5, 0.5, 0.5, 0.5, 0.5, 0.5, 0.5, 0.5, 
    0.5, 0.5, 0.5, 0.5, 0.5, 0.5, 0.5, 0.5, 0.5, 0.5, 0.5, 0.5, 0.5, 0.5, 
    0.5, 0.5, 0.5, 0.5, 0.5, 0.5, 0.5, 0.5, 0.5, 0.5, 0.5, 0.5, 0.5, 0.5, 
    0.5, 0.5, 0.5, 0.5, 0.5, 0.5, 0.5, 0.5, 0.5, 0.5, 0.5, 0.5, 0.5, 0.5, 
    0.5, 0.5, 0.5, 0.5, 0.5, 0.5, 0.5, 0.5, 0.5, 0.5, 0.5, 0.5, 0.5, 0.5, 
    0.5, 0.625, 0.625, 0.625, 0.625, 0.625, 0.625, 0.625, 0.625, 0.625, 
    0.625, 0.625, 0.625, 0.625, 0.625, 0.625, 0.625, 0.625, 0.625, 0.625, 
    0.625, 0.625, 0.625, 0.625, 0.625, 0.625, 0.625, 0.625, 0.625, 0.625, 
    0.625, 0.625, 0.625, 0.625, 0.625, 0.625, 0.625, 0.625, 0.625, 0.625, 
    0.625, 0.625, 0.625, 0.625, 0.625, 0.625, 0.625, 0.625, 0.625, 0.625, 
    0.625, 0.625, 0.625, 0.625, 0.625, 0.625, 0.625, 0.625, 0.625, 0.625, 
    0.625, 0.625, 0.625, 0.625, 0.625, 0.625, 0.625, 0.625, 0.625, 0.625, 
    0.625, 0.625, 0.625, 0.625, 0.625, 0.625, 0.625, 0.625, 0.625, 0.625, 
    0.625, 0.625, 0.75, 0.75, 0.75, 0.75, 0.75, 0.75, 0.75, 0.75, 0.75, 0.75, 
    0.75, 0.75, 0.75, 0.75, 0.75, 0.75, 0.75, 0.75, 0.75, 0.75, 0.75, 0.75, 
    0.75, 0.75, 0.75, 0.75, 0.75, 0.75, 0.75, 0.75, 0.75, 0.75, 0.75, 0.75, 
    0.75, 0.75, 0.75, 0.75, 0.75, 0.75, 0.75, 0.75, 0.75, 0.75, 0.75, 0.75, 
    0.75, 0.75, 0.75, 0.75, 0.75, 0.75, 0.75, 0.75, 0.75, 0.75, 0.75, 0.75, 
    0.75, 0.75, 0.75, 0.75, 0.75, 0.75, 0.75, 0.75, 0.75, 0.75, 0.75, 0.75, 
    0.75, 0.75, 0.75, 0.75, 0.75, 0.75, 0.75, 0.75, 0.75, 0.75, 0.75, 0.875, 
    0.875, 0.875, 0.875, 0.875, 0.875, 0.875, 0.875, 0.875, 0.875, 0.875, 
    0.875, 0.875, 0.875, 0.875, 0.875, 0.875, 0.875, 0.875, 0.875, 0.875, 
    0.875, 0.875, 0.875, 0.875, 0.875, 0.875, 0.875, 0.875, 0.875, 0.875, 
    0.875, 0.875, 0.875, 0.875, 0.875, 0.875, 0.875, 0.875, 0.875, 0.875, 
    0.875, 0.875, 0.875, 0.875, 0.875, 0.875, 0.875, 0.875, 0.875, 0.875, 
    0.875, 0.875, 0.875, 0.875, 0.875, 0.875, 0.875, 0.875, 0.875, 0.875, 
    0.875, 0.875, 0.875, 0.875, 0.875, 0.875, 0.875, 0.875, 0.875, 0.875, 
    0.875, 0.875, 0.875, 0.875, 0.875, 0.875, 0.875, 0.875, 0.875, 0.875, 1, 
    1, 1, 1, 1, 1, 1, 1, 1, 1, 1, 1, 1, 1, 1, 1, 1, 1, 1, 1, 1, 1, 1, 1, 1, 
    1, 1, 1, 1, 1, 1, 1, 1, 1, 1, 1, 1, 1, 1, 1, 1, 1, 1, 1, 1, 1, 1, 1, 1, 
    1, 1, 1, 1, 1, 1, 1, 1, 1, 1, 1, 1, 1, 1, 1, 1, 1, 1, 1, 1, 1, 1, 1, 1, 
    1, 1, 1, 1, 1, 1, 1, 1 ;

 coordy = 0, 0, 0.125, 0.125, 0, 0, 0.125, 0.125, 0, 0.125, 0, 0.125, 0, 
    0.125, 0, 0.125, 0, 0.125, 0, 0.125, 0, 0.125, 0, 0.125, 0, 0.125, 0, 
    0.125, 0, 0.125, 0, 0.125, 0, 0.125, 0, 0.125, 0.25, 0.25, 0.25, 0.25, 
    0.25, 0.25, 0.25, 0.25, 0.25, 0.25, 0.25, 0.25, 0.25, 0.25, 0.25, 0.25, 
    0.25, 0.25, 0.375, 0.375, 0.375, 0.375, 0.375, 0.375, 0.375, 0.375, 
    0.375, 0.375, 0.375, 0.375, 0.375, 0.375, 0.375, 0.375, 0.375, 0.375, 
    0.5, 0.5, 0.5, 0.5, 0.5, 0.5, 0.5, 0.5, 0.5, 0.5, 0.5, 0.5, 0.5, 0.5, 
    0.5, 0.5, 0.5, 0.5, 0.625, 0.625, 0.625, 0.625, 0.625, 0.625, 0.625, 
    0.625, 0.625, 0.625, 0.625, 0.625, 0.625, 0.625, 0.625, 0.625, 0.625, 
    0.625, 0.75, 0.75, 0.75, 0.75, 0.75, 0.75, 0.75, 0.75, 0.75, 0.75, 0.75, 
    0.75, 0.75, 0.75, 0.75, 0.75, 0.75, 0.75, 0.875, 0.875, 0.875, 0.875, 
    0.875, 0.875, 0.875, 0.875, 0.875, 0.875, 0.875, 0.875, 0.875, 0.875, 
    0.875, 0.875, 0.875, 0.875, 1, 1, 1, 1, 1, 1, 1, 1, 1, 1, 1, 1, 1, 1, 1, 
    1, 1, 1, 0, 0, 0.125, 0.125, 0, 0.125, 0, 0.125, 0, 0.125, 0, 0.125, 0, 
    0.125, 0, 0.125, 0, 0.125, 0.25, 0.25, 0.25, 0.25, 0.25, 0.25, 0.25, 
    0.25, 0.25, 0.375, 0.375, 0.375, 0.375, 0.375, 0.375, 0.375, 0.375, 
    0.375, 0.5, 0.5, 0.5, 0.5, 0.5, 0.5, 0.5, 0.5, 0.5, 0.625, 0.625, 0.625, 
    0.625, 0.625, 0.625, 0.625, 0.625, 0.625, 0.75, 0.75, 0.75, 0.75, 0.75, 
    0.75, 0.75, 0.75, 0.75, 0.875, 0.875, 0.875, 0.875, 0.875, 0.875, 0.875, 
    0.875, 0.875, 1, 1, 1, 1, 1, 1, 1, 1, 1, 0, 0, 0.125, 0.125, 0, 0.125, 0, 
    0.125, 0, 0.125, 0, 0.125, 0, 0.125, 0, 0.125, 0, 0.125, 0.25, 0.25, 
    0.25, 0.25, 0.25, 0.25, 0.25, 0.25, 0.25, 0.375, 0.375, 0.375, 0.375, 
    0.375, 0.375, 0.375, 0.375, 0.375, 0.5, 0.5, 0.5, 0.5, 0.5, 0.5, 0.5, 
    0.5, 0.5, 0.625, 0.625, 0.625, 0.625, 0.625, 0.625, 0.625, 0.625, 0.625, 
    0.75, 0.75, 0.75, 0.75, 0.75, 0.75, 0.75, 0.75, 0.75, 0.875, 0.875, 
    0.875, 0.875, 0.875, 0.875, 0.875, 0.875, 0.875, 1, 1, 1, 1, 1, 1, 1, 1, 
    1, 0, 0, 0.125, 0.125, 0, 0.125, 0, 0.125, 0, 0.125, 0, 0.125, 0, 0.125, 
    0, 0.125, 0, 0.125, 0.25, 0.25, 0.25, 0.25, 0.25, 0.25, 0.25, 0.25, 0.25, 
    0.375, 0.375, 0.375, 0.375, 0.375, 0.375, 0.375, 0.375, 0.375, 0.5, 0.5, 
    0.5, 0.5, 0.5, 0.5, 0.5, 0.5, 0.5, 0.625, 0.625, 0.625, 0.625, 0.625, 
    0.625, 0.625, 0.625, 0.625, 0.75, 0.75, 0.75, 0.75, 0.75, 0.75, 0.75, 
    0.75, 0.75, 0.875, 0.875, 0.875, 0.875, 0.875, 0.875, 0.875, 0.875, 
    0.875, 1, 1, 1, 1, 1, 1, 1, 1, 1, 0, 0, 0.125, 0.125, 0, 0.125, 0, 0.125, 
    0, 0.125, 0, 0.125, 0, 0.125, 0, 0.125, 0, 0.125, 0.25, 0.25, 0.25, 0.25, 
    0.25, 0.25, 0.25, 0.25, 0.25, 0.375, 0.375, 0.375, 0.375, 0.375, 0.375, 
    0.375, 0.375, 0.375, 0.5, 0.5, 0.5, 0.5, 0.5, 0.5, 0.5, 0.5, 0.5, 0.625, 
    0.625, 0.625, 0.625, 0.625, 0.625, 0.625, 0.625, 0.625, 0.75, 0.75, 0.75, 
    0.75, 0.75, 0.75, 0.75, 0.75, 0.75, 0.875, 0.875, 0.875, 0.875, 0.875, 
    0.875, 0.875, 0.875, 0.875, 1, 1, 1, 1, 1, 1, 1, 1, 1, 0, 0, 0.125, 
    0.125, 0, 0.125, 0, 0.125, 0, 0.125, 0, 0.125, 0, 0.125, 0, 0.125, 0, 
    0.125, 0.25, 0.25, 0.25, 0.25, 0.25, 0.25, 0.25, 0.25, 0.25, 0.375, 
    0.375, 0.375, 0.375, 0.375, 0.375, 0.375, 0.375, 0.375, 0.5, 0.5, 0.5, 
    0.5, 0.5, 0.5, 0.5, 0.5, 0.5, 0.625, 0.625, 0.625, 0.625, 0.625, 0.625, 
    0.625, 0.625, 0.625, 0.75, 0.75, 0.75, 0.75, 0.75, 0.75, 0.75, 0.75, 
    0.75, 0.875, 0.875, 0.875, 0.875, 0.875, 0.875, 0.875, 0.875, 0.875, 1, 
    1, 1, 1, 1, 1, 1, 1, 1, 0, 0, 0.125, 0.125, 0, 0.125, 0, 0.125, 0, 0.125, 
    0, 0.125, 0, 0.125, 0, 0.125, 0, 0.125, 0.25, 0.25, 0.25, 0.25, 0.25, 
    0.25, 0.25, 0.25, 0.25, 0.375, 0.375, 0.375, 0.375, 0.375, 0.375, 0.375, 
    0.375, 0.375, 0.5, 0.5, 0.5, 0.5, 0.5, 0.5, 0.5, 0.5, 0.5, 0.625, 0.625, 
    0.625, 0.625, 0.625, 0.625, 0.625, 0.625, 0.625, 0.75, 0.75, 0.75, 0.75, 
    0.75, 0.75, 0.75, 0.75, 0.75, 0.875, 0.875, 0.875, 0.875, 0.875, 0.875, 
    0.875, 0.875, 0.875, 1, 1, 1, 1, 1, 1, 1, 1, 1, 0, 0, 0.125, 0.125, 0, 
    0.125, 0, 0.125, 0, 0.125, 0, 0.125, 0, 0.125, 0, 0.125, 0, 0.125, 0.25, 
    0.25, 0.25, 0.25, 0.25, 0.25, 0.25, 0.25, 0.25, 0.375, 0.375, 0.375, 
    0.375, 0.375, 0.375, 0.375, 0.375, 0.375, 0.5, 0.5, 0.5, 0.5, 0.5, 0.5, 
    0.5, 0.5, 0.5, 0.625, 0.625, 0.625, 0.625, 0.625, 0.625, 0.625, 0.625, 
    0.625, 0.75, 0.75, 0.75, 0.75, 0.75, 0.75, 0.75, 0.75, 0.75, 0.875, 
    0.875, 0.875, 0.875, 0.875, 0.875, 0.875, 0.875, 0.875, 1, 1, 1, 1, 1, 1, 
    1, 1, 1 ;

 coordz = 1, 0.875, 0.875, 1, 1, 0.875, 0.875, 1, 0.75, 0.75, 0.75, 0.75, 
    0.625, 0.625, 0.625, 0.625, 0.5, 0.5, 0.5, 0.5, 0.375, 0.375, 0.375, 
    0.375, 0.25, 0.25, 0.25, 0.25, 0.125, 0.125, 0.125, 0.125, 0, 0, 0, 0, 
    0.875, 1, 0.875, 1, 0.75, 0.75, 0.625, 0.625, 0.5, 0.5, 0.375, 0.375, 
    0.25, 0.25, 0.125, 0.125, 0, 0, 0.875, 1, 0.875, 1, 0.75, 0.75, 0.625, 
    0.625, 0.5, 0.5, 0.375, 0.375, 0.25, 0.25, 0.125, 0.125, 0, 0, 0.875, 1, 
    0.875, 1, 0.75, 0.75, 0.625, 0.625, 0.5, 0.5, 0.375, 0.375, 0.25, 0.25, 
    0.125, 0.125, 0, 0, 0.875, 1, 0.875, 1, 0.75, 0.75, 0.625, 0.625, 0.5, 
    0.5, 0.375, 0.375, 0.25, 0.25, 0.125, 0.125, 0, 0, 0.875, 1, 0.875, 1, 
    0.75, 0.75, 0.625, 0.625, 0.5, 0.5, 0.375, 0.375, 0.25, 0.25, 0.125, 
    0.125, 0, 0, 0.875, 1, 0.875, 1, 0.75, 0.75, 0.625, 0.625, 0.5, 0.5, 
    0.375, 0.375, 0.25, 0.25, 0.125, 0.125, 0, 0, 0.875, 1, 0.875, 1, 0.75, 
    0.75, 0.625, 0.625, 0.5, 0.5, 0.375, 0.375, 0.25, 0.25, 0.125, 0.125, 0, 
    0, 1, 0.875, 0.875, 1, 0.75, 0.75, 0.625, 0.625, 0.5, 0.5, 0.375, 0.375, 
    0.25, 0.25, 0.125, 0.125, 0, 0, 0.875, 1, 0.75, 0.625, 0.5, 0.375, 0.25, 
    0.125, 0, 0.875, 1, 0.75, 0.625, 0.5, 0.375, 0.25, 0.125, 0, 0.875, 1, 
    0.75, 0.625, 0.5, 0.375, 0.25, 0.125, 0, 0.875, 1, 0.75, 0.625, 0.5, 
    0.375, 0.25, 0.125, 0, 0.875, 1, 0.75, 0.625, 0.5, 0.375, 0.25, 0.125, 0, 
    0.875, 1, 0.75, 0.625, 0.5, 0.375, 0.25, 0.125, 0, 0.875, 1, 0.75, 0.625, 
    0.5, 0.375, 0.25, 0.125, 0, 1, 0.875, 0.875, 1, 0.75, 0.75, 0.625, 0.625, 
    0.5, 0.5, 0.375, 0.375, 0.25, 0.25, 0.125, 0.125, 0, 0, 0.875, 1, 0.75, 
    0.625, 0.5, 0.375, 0.25, 0.125, 0, 0.875, 1, 0.75, 0.625, 0.5, 0.375, 
    0.25, 0.125, 0, 0.875, 1, 0.75, 0.625, 0.5, 0.375, 0.25, 0.125, 0, 0.875, 
    1, 0.75, 0.625, 0.5, 0.375, 0.25, 0.125, 0, 0.875, 1, 0.75, 0.625, 0.5, 
    0.375, 0.25, 0.125, 0, 0.875, 1, 0.75, 0.625, 0.5, 0.375, 0.25, 0.125, 0, 
    0.875, 1, 0.75, 0.625, 0.5, 0.375, 0.25, 0.125, 0, 1, 0.875, 0.875, 1, 
    0.75, 0.75, 0.625, 0.625, 0.5, 0.5, 0.375, 0.375, 0.25, 0.25, 0.125, 
    0.125, 0, 0, 0.875, 1, 0.75, 0.625, 0.5, 0.375, 0.25, 0.125, 0, 0.875, 1, 
    0.75, 0.625, 0.5, 0.375, 0.25, 0.125, 0, 0.875, 1, 0.75, 0.625, 0.5, 
    0.375, 0.25, 0.125, 0, 0.875, 1, 0.75, 0.625, 0.5, 0.375, 0.25, 0.125, 0, 
    0.875, 1, 0.75, 0.625, 0.5, 0.375, 0.25, 0.125, 0, 0.875, 1, 0.75, 0.625, 
    0.5, 0.375, 0.25, 0.125, 0, 0.875, 1, 0.75, 0.625, 0.5, 0.375, 0.25, 
    0.125, 0, 1, 0.875, 0.875, 1, 0.75, 0.75, 0.625, 0.625, 0.5, 0.5, 0.375, 
    0.375, 0.25, 0.25, 0.125, 0.125, 0, 0, 0.875, 1, 0.75, 0.625, 0.5, 0.375, 
    0.25, 0.125, 0, 0.875, 1, 0.75, 0.625, 0.5, 0.375, 0.25, 0.125, 0, 0.875, 
    1, 0.75, 0.625, 0.5, 0.375, 0.25, 0.125, 0, 0.875, 1, 0.75, 0.625, 0.5, 
    0.375, 0.25, 0.125, 0, 0.875, 1, 0.75, 0.625, 0.5, 0.375, 0.25, 0.125, 0, 
    0.875, 1, 0.75, 0.625, 0.5, 0.375, 0.25, 0.125, 0, 0.875, 1, 0.75, 0.625, 
    0.5, 0.375, 0.25, 0.125, 0, 1, 0.875, 0.875, 1, 0.75, 0.75, 0.625, 0.625, 
    0.5, 0.5, 0.375, 0.375, 0.25, 0.25, 0.125, 0.125, 0, 0, 0.875, 1, 0.75, 
    0.625, 0.5, 0.375, 0.25, 0.125, 0, 0.875, 1, 0.75, 0.625, 0.5, 0.375, 
    0.25, 0.125, 0, 0.875, 1, 0.75, 0.625, 0.5, 0.375, 0.25, 0.125, 0, 0.875, 
    1, 0.75, 0.625, 0.5, 0.375, 0.25, 0.125, 0, 0.875, 1, 0.75, 0.625, 0.5, 
    0.375, 0.25, 0.125, 0, 0.875, 1, 0.75, 0.625, 0.5, 0.375, 0.25, 0.125, 0, 
    0.875, 1, 0.75, 0.625, 0.5, 0.375, 0.25, 0.125, 0, 1, 0.875, 0.875, 1, 
    0.75, 0.75, 0.625, 0.625, 0.5, 0.5, 0.375, 0.375, 0.25, 0.25, 0.125, 
    0.125, 0, 0, 0.875, 1, 0.75, 0.625, 0.5, 0.375, 0.25, 0.125, 0, 0.875, 1, 
    0.75, 0.625, 0.5, 0.375, 0.25, 0.125, 0, 0.875, 1, 0.75, 0.625, 0.5, 
    0.375, 0.25, 0.125, 0, 0.875, 1, 0.75, 0.625, 0.5, 0.375, 0.25, 0.125, 0, 
    0.875, 1, 0.75, 0.625, 0.5, 0.375, 0.25, 0.125, 0, 0.875, 1, 0.75, 0.625, 
    0.5, 0.375, 0.25, 0.125, 0, 0.875, 1, 0.75, 0.625, 0.5, 0.375, 0.25, 
    0.125, 0, 1, 0.875, 0.875, 1, 0.75, 0.75, 0.625, 0.625, 0.5, 0.5, 0.375, 
    0.375, 0.25, 0.25, 0.125, 0.125, 0, 0, 0.875, 1, 0.75, 0.625, 0.5, 0.375, 
    0.25, 0.125, 0, 0.875, 1, 0.75, 0.625, 0.5, 0.375, 0.25, 0.125, 0, 0.875, 
    1, 0.75, 0.625, 0.5, 0.375, 0.25, 0.125, 0, 0.875, 1, 0.75, 0.625, 0.5, 
    0.375, 0.25, 0.125, 0, 0.875, 1, 0.75, 0.625, 0.5, 0.375, 0.25, 0.125, 0, 
    0.875, 1, 0.75, 0.625, 0.5, 0.375, 0.25, 0.125, 0, 0.875, 1, 0.75, 0.625, 
    0.5, 0.375, 0.25, 0.125, 0 ;

 eb_names =
  "" ;

 ss_names =
  "" ;

 coor_names =
  "x",
  "y",
  "z" ;

 connect1 =
  1, 2, 3, 4, 5, 6, 7, 8,
  2, 9, 10, 3, 6, 11, 12, 7,
  9, 13, 14, 10, 11, 15, 16, 12,
  13, 17, 18, 14, 15, 19, 20, 16,
  17, 21, 22, 18, 19, 23, 24, 20,
  21, 25, 26, 22, 23, 27, 28, 24,
  25, 29, 30, 26, 27, 31, 32, 28,
  29, 33, 34, 30, 31, 35, 36, 32,
  4, 3, 37, 38, 8, 7, 39, 40,
  3, 10, 41, 37, 7, 12, 42, 39,
  10, 14, 43, 41, 12, 16, 44, 42,
  14, 18, 45, 43, 16, 20, 46, 44,
  18, 22, 47, 45, 20, 24, 48, 46,
  22, 26, 49, 47, 24, 28, 50, 48,
  26, 30, 51, 49, 28, 32, 52, 50,
  30, 34, 53, 51, 32, 36, 54, 52,
  38, 37, 55, 56, 40, 39, 57, 58,
  37, 41, 59, 55, 39, 42, 60, 57,
  41, 43, 61, 59, 42, 44, 62, 60,
  43, 45, 63, 61, 44, 46, 64, 62,
  45, 47, 65, 63, 46, 48, 66, 64,
  47, 49, 67, 65, 48, 50, 68, 66,
  49, 51, 69, 67, 50, 52, 70, 68,
  51, 53, 71, 69, 52, 54, 72, 70,
  56, 55, 73, 74, 58, 57, 75, 76,
  55, 59, 77, 73, 57, 60, 78, 75,
  59, 61, 79, 77, 60, 62, 80, 78,
  61, 63, 81, 79, 62, 64, 82, 80,
  63, 65, 83, 81, 64, 66, 84, 82,
  65, 67, 85, 83, 66, 68, 86, 84,
  67, 69, 87, 85, 68, 70, 88, 86,
  69, 71, 89, 87, 70, 72, 90, 88,
  74, 73, 91, 92, 76, 75, 93, 94,
  73, 77, 95, 91, 75, 78, 96, 93,
  77, 79, 97, 95, 78, 80, 98, 96,
  79, 81, 99, 97, 80, 82, 100, 98,
  81, 83, 101, 99, 82, 84, 102, 100,
  83, 85, 103, 101, 84, 86, 104, 102,
  85, 87, 105, 103, 86, 88, 106, 104,
  87, 89, 107, 105, 88, 90, 108, 106,
  92, 91, 109, 110, 94, 93, 111, 112,
  91, 95, 113, 109, 93, 96, 114, 111,
  95, 97, 115, 113, 96, 98, 116, 114,
  97, 99, 117, 115, 98, 100, 118, 116,
  99, 101, 119, 117, 100, 102, 120, 118,
  101, 103, 121, 119, 102, 104, 122, 120,
  103, 105, 123, 121, 104, 106, 124, 122,
  105, 107, 125, 123, 106, 108, 126, 124,
  110, 109, 127, 128, 112, 111, 129, 130,
  109, 113, 131, 127, 111, 114, 132, 129,
  113, 115, 133, 131, 114, 116, 134, 132,
  115, 117, 135, 133, 116, 118, 136, 134,
  117, 119, 137, 135, 118, 120, 138, 136,
  119, 121, 139, 137, 120, 122, 140, 138,
  121, 123, 141, 139, 122, 124, 142, 140,
  123, 125, 143, 141, 124, 126, 144, 142,
  128, 127, 145, 146, 130, 129, 147, 148,
  127, 131, 149, 145, 129, 132, 150, 147,
  131, 133, 151, 149, 132, 134, 152, 150,
  133, 135, 153, 151, 134, 136, 154, 152,
  135, 137, 155, 153, 136, 138, 156, 154,
  137, 139, 157, 155, 138, 140, 158, 156,
  139, 141, 159, 157, 140, 142, 160, 158,
  141, 143, 161, 159, 142, 144, 162, 160,
  5, 6, 7, 8, 163, 164, 165, 166,
  6, 11, 12, 7, 164, 167, 168, 165,
  11, 15, 16, 12, 167, 169, 170, 168,
  15, 19, 20, 16, 169, 171, 172, 170,
  19, 23, 24, 20, 171, 173, 174, 172,
  23, 27, 28, 24, 173, 175, 176, 174,
  27, 31, 32, 28, 175, 177, 178, 176,
  31, 35, 36, 32, 177, 179, 180, 178,
  8, 7, 39, 40, 166, 165, 181, 182,
  7, 12, 42, 39, 165, 168, 183, 181,
  12, 16, 44, 42, 168, 170, 184, 183,
  16, 20, 46, 44, 170, 172, 185, 184,
  20, 24, 48, 46, 172, 174, 186, 185,
  24, 28, 50, 48, 174, 176, 187, 186,
  28, 32, 52, 50, 176, 178, 188, 187,
  32, 36, 54, 52, 178, 180, 189, 188,
  40, 39, 57, 58, 182, 181, 190, 191,
  39, 42, 60, 57, 181, 183, 192, 190,
  42, 44, 62, 60, 183, 184, 193, 192,
  44, 46, 64, 62, 184, 185, 194, 193,
  46, 48, 66, 64, 185, 186, 195, 194,
  48, 50, 68, 66, 186, 187, 196, 195,
  50, 52, 70, 68, 187, 188, 197, 196,
  52, 54, 72, 70, 188, 189, 198, 197,
  58, 57, 75, 76, 191, 190, 199, 200,
  57, 60, 78, 75, 190, 192, 201, 199,
  60, 62, 80, 78, 192, 193, 202, 201,
  62, 64, 82, 80, 193, 194, 203, 202,
  64, 66, 84, 82, 194, 195, 204, 203,
  66, 68, 86, 84, 195, 196, 205, 204,
  68, 70, 88, 86, 196, 197, 206, 205,
  70, 72, 90, 88, 197, 198, 207, 206,
  76, 75, 93, 94, 200, 199, 208, 209,
  75, 78, 96, 93, 199, 201, 210, 208,
  78, 80, 98, 96, 201, 202, 211, 210,
  80, 82, 100, 98, 202, 203, 212, 211,
  82, 84, 102, 100, 203, 204, 213, 212,
  84, 86, 104, 102, 204, 205, 214, 213,
  86, 88, 106, 104, 205, 206, 215, 214,
  88, 90, 108, 106, 206, 207, 216, 215,
  94, 93, 111, 112, 209, 208, 217, 218,
  93, 96, 114, 111, 208, 210, 219, 217,
  96, 98, 116, 114, 210, 211, 220, 219,
  98, 100, 118, 116, 211, 212, 221, 220,
  100, 102, 120, 118, 212, 213, 222, 221,
  102, 104, 122, 120, 213, 214, 223, 222,
  104, 106, 124, 122, 214, 215, 224, 223,
  106, 108, 126, 124, 215, 216, 225, 224,
  112, 111, 129, 130, 218, 217, 226, 227,
  111, 114, 132, 129, 217, 219, 228, 226,
  114, 116, 134, 132, 219, 220, 229, 228,
  116, 118, 136, 134, 220, 221, 230, 229,
  118, 120, 138, 136, 221, 222, 231, 230,
  120, 122, 140, 138, 222, 223, 232, 231,
  122, 124, 142, 140, 223, 224, 233, 232,
  124, 126, 144, 142, 224, 225, 234, 233,
  130, 129, 147, 148, 227, 226, 235, 236,
  129, 132, 150, 147, 226, 228, 237, 235,
  132, 134, 152, 150, 228, 229, 238, 237,
  134, 136, 154, 152, 229, 230, 239, 238,
  136, 138, 156, 154, 230, 231, 240, 239,
  138, 140, 158, 156, 231, 232, 241, 240,
  140, 142, 160, 158, 232, 233, 242, 241,
  142, 144, 162, 160, 233, 234, 243, 242,
  163, 164, 165, 166, 244, 245, 246, 247,
  164, 167, 168, 165, 245, 248, 249, 246,
  167, 169, 170, 168, 248, 250, 251, 249,
  169, 171, 172, 170, 250, 252, 253, 251,
  171, 173, 174, 172, 252, 254, 255, 253,
  173, 175, 176, 174, 254, 256, 257, 255,
  175, 177, 178, 176, 256, 258, 259, 257,
  177, 179, 180, 178, 258, 260, 261, 259,
  166, 165, 181, 182, 247, 246, 262, 263,
  165, 168, 183, 181, 246, 249, 264, 262,
  168, 170, 184, 183, 249, 251, 265, 264,
  170, 172, 185, 184, 251, 253, 266, 265,
  172, 174, 186, 185, 253, 255, 267, 266,
  174, 176, 187, 186, 255, 257, 268, 267,
  176, 178, 188, 187, 257, 259, 269, 268,
  178, 180, 189, 188, 259, 261, 270, 269,
  182, 181, 190, 191, 263, 262, 271, 272,
  181, 183, 192, 190, 262, 264, 273, 271,
  183, 184, 193, 192, 264, 265, 274, 273,
  184, 185, 194, 193, 265, 266, 275, 274,
  185, 186, 195, 194, 266, 267, 276, 275,
  186, 187, 196, 195, 267, 268, 277, 276,
  187, 188, 197, 196, 268, 269, 278, 277,
  188, 189, 198, 197, 269, 270, 279, 278,
  191, 190, 199, 200, 272, 271, 280, 281,
  190, 192, 201, 199, 271, 273, 282, 280,
  192, 193, 202, 201, 273, 274, 283, 282,
  193, 194, 203, 202, 274, 275, 284, 283,
  194, 195, 204, 203, 275, 276, 285, 284,
  195, 196, 205, 204, 276, 277, 286, 285,
  196, 197, 206, 205, 277, 278, 287, 286,
  197, 198, 207, 206, 278, 279, 288, 287,
  200, 199, 208, 209, 281, 280, 289, 290,
  199, 201, 210, 208, 280, 282, 291, 289,
  201, 202, 211, 210, 282, 283, 292, 291,
  202, 203, 212, 211, 283, 284, 293, 292,
  203, 204, 213, 212, 284, 285, 294, 293,
  204, 205, 214, 213, 285, 286, 295, 294,
  205, 206, 215, 214, 286, 287, 296, 295,
  206, 207, 216, 215, 287, 288, 297, 296,
  209, 208, 217, 218, 290, 289, 298, 299,
  208, 210, 219, 217, 289, 291, 300, 298,
  210, 211, 220, 219, 291, 292, 301, 300,
  211, 212, 221, 220, 292, 293, 302, 301,
  212, 213, 222, 221, 293, 294, 303, 302,
  213, 214, 223, 222, 294, 295, 304, 303,
  214, 215, 224, 223, 295, 296, 305, 304,
  215, 216, 225, 224, 296, 297, 306, 305,
  218, 217, 226, 227, 299, 298, 307, 308,
  217, 219, 228, 226, 298, 300, 309, 307,
  219, 220, 229, 228, 300, 301, 310, 309,
  220, 221, 230, 229, 301, 302, 311, 310,
  221, 222, 231, 230, 302, 303, 312, 311,
  222, 223, 232, 231, 303, 304, 313, 312,
  223, 224, 233, 232, 304, 305, 314, 313,
  224, 225, 234, 233, 305, 306, 315, 314,
  227, 226, 235, 236, 308, 307, 316, 317,
  226, 228, 237, 235, 307, 309, 318, 316,
  228, 229, 238, 237, 309, 310, 319, 318,
  229, 230, 239, 238, 310, 311, 320, 319,
  230, 231, 240, 239, 311, 312, 321, 320,
  231, 232, 241, 240, 312, 313, 322, 321,
  232, 233, 242, 241, 313, 314, 323, 322,
  233, 234, 243, 242, 314, 315, 324, 323,
  244, 245, 246, 247, 325, 326, 327, 328,
  245, 248, 249, 246, 326, 329, 330, 327,
  248, 250, 251, 249, 329, 331, 332, 330,
  250, 252, 253, 251, 331, 333, 334, 332,
  252, 254, 255, 253, 333, 335, 336, 334,
  254, 256, 257, 255, 335, 337, 338, 336,
  256, 258, 259, 257, 337, 339, 340, 338,
  258, 260, 261, 259, 339, 341, 342, 340,
  247, 246, 262, 263, 328, 327, 343, 344,
  246, 249, 264, 262, 327, 330, 345, 343,
  249, 251, 265, 264, 330, 332, 346, 345,
  251, 253, 266, 265, 332, 334, 347, 346,
  253, 255, 267, 266, 334, 336, 348, 347,
  255, 257, 268, 267, 336, 338, 349, 348,
  257, 259, 269, 268, 338, 340, 350, 349,
  259, 261, 270, 269, 340, 342, 351, 350,
  263, 262, 271, 272, 344, 343, 352, 353,
  262, 264, 273, 271, 343, 345, 354, 352,
  264, 265, 274, 273, 345, 346, 355, 354,
  265, 266, 275, 274, 346, 347, 356, 355,
  266, 267, 276, 275, 347, 348, 357, 356,
  267, 268, 277, 276, 348, 349, 358, 357,
  268, 269, 278, 277, 349, 350, 359, 358,
  269, 270, 279, 278, 350, 351, 360, 359,
  272, 271, 280, 281, 353, 352, 361, 362,
  271, 273, 282, 280, 352, 354, 363, 361,
  273, 274, 283, 282, 354, 355, 364, 363,
  274, 275, 284, 283, 355, 356, 365, 364,
  275, 276, 285, 284, 356, 357, 366, 365,
  276, 277, 286, 285, 357, 358, 367, 366,
  277, 278, 287, 286, 358, 359, 368, 367,
  278, 279, 288, 287, 359, 360, 369, 368,
  281, 280, 289, 290, 362, 361, 370, 371,
  280, 282, 291, 289, 361, 363, 372, 370,
  282, 283, 292, 291, 363, 364, 373, 372,
  283, 284, 293, 292, 364, 365, 374, 373,
  284, 285, 294, 293, 365, 366, 375, 374,
  285, 286, 295, 294, 366, 367, 376, 375,
  286, 287, 296, 295, 367, 368, 377, 376,
  287, 288, 297, 296, 368, 369, 378, 377,
  290, 289, 298, 299, 371, 370, 379, 380,
  289, 291, 300, 298, 370, 372, 381, 379,
  291, 292, 301, 300, 372, 373, 382, 381,
  292, 293, 302, 301, 373, 374, 383, 382,
  293, 294, 303, 302, 374, 375, 384, 383,
  294, 295, 304, 303, 375, 376, 385, 384,
  295, 296, 305, 304, 376, 377, 386, 385,
  296, 297, 306, 305, 377, 378, 387, 386,
  299, 298, 307, 308, 380, 379, 388, 389,
  298, 300, 309, 307, 379, 381, 390, 388,
  300, 301, 310, 309, 381, 382, 391, 390,
  301, 302, 311, 310, 382, 383, 392, 391,
  302, 303, 312, 311, 383, 384, 393, 392,
  303, 304, 313, 312, 384, 385, 394, 393,
  304, 305, 314, 313, 385, 386, 395, 394,
  305, 306, 315, 314, 386, 387, 396, 395,
  308, 307, 316, 317, 389, 388, 397, 398,
  307, 309, 318, 316, 388, 390, 399, 397,
  309, 310, 319, 318, 390, 391, 400, 399,
  310, 311, 320, 319, 391, 392, 401, 400,
  311, 312, 321, 320, 392, 393, 402, 401,
  312, 313, 322, 321, 393, 394, 403, 402,
  313, 314, 323, 322, 394, 395, 404, 403,
  314, 315, 324, 323, 395, 396, 405, 404,
  325, 326, 327, 328, 406, 407, 408, 409,
  326, 329, 330, 327, 407, 410, 411, 408,
  329, 331, 332, 330, 410, 412, 413, 411,
  331, 333, 334, 332, 412, 414, 415, 413,
  333, 335, 336, 334, 414, 416, 417, 415,
  335, 337, 338, 336, 416, 418, 419, 417,
  337, 339, 340, 338, 418, 420, 421, 419,
  339, 341, 342, 340, 420, 422, 423, 421,
  328, 327, 343, 344, 409, 408, 424, 425,
  327, 330, 345, 343, 408, 411, 426, 424,
  330, 332, 346, 345, 411, 413, 427, 426,
  332, 334, 347, 346, 413, 415, 428, 427,
  334, 336, 348, 347, 415, 417, 429, 428,
  336, 338, 349, 348, 417, 419, 430, 429,
  338, 340, 350, 349, 419, 421, 431, 430,
  340, 342, 351, 350, 421, 423, 432, 431,
  344, 343, 352, 353, 425, 424, 433, 434,
  343, 345, 354, 352, 424, 426, 435, 433,
  345, 346, 355, 354, 426, 427, 436, 435,
  346, 347, 356, 355, 427, 428, 437, 436,
  347, 348, 357, 356, 428, 429, 438, 437,
  348, 349, 358, 357, 429, 430, 439, 438,
  349, 350, 359, 358, 430, 431, 440, 439,
  350, 351, 360, 359, 431, 432, 441, 440,
  353, 352, 361, 362, 434, 433, 442, 443,
  352, 354, 363, 361, 433, 435, 444, 442,
  354, 355, 364, 363, 435, 436, 445, 444,
  355, 356, 365, 364, 436, 437, 446, 445,
  356, 357, 366, 365, 437, 438, 447, 446,
  357, 358, 367, 366, 438, 439, 448, 447,
  358, 359, 368, 367, 439, 440, 449, 448,
  359, 360, 369, 368, 440, 441, 450, 449,
  362, 361, 370, 371, 443, 442, 451, 452,
  361, 363, 372, 370, 442, 444, 453, 451,
  363, 364, 373, 372, 444, 445, 454, 453,
  364, 365, 374, 373, 445, 446, 455, 454,
  365, 366, 375, 374, 446, 447, 456, 455,
  366, 367, 376, 375, 447, 448, 457, 456,
  367, 368, 377, 376, 448, 449, 458, 457,
  368, 369, 378, 377, 449, 450, 459, 458,
  371, 370, 379, 380, 452, 451, 460, 461,
  370, 372, 381, 379, 451, 453, 462, 460,
  372, 373, 382, 381, 453, 454, 463, 462,
  373, 374, 383, 382, 454, 455, 464, 463,
  374, 375, 384, 383, 455, 456, 465, 464,
  375, 376, 385, 384, 456, 457, 466, 465,
  376, 377, 386, 385, 457, 458, 467, 466,
  377, 378, 387, 386, 458, 459, 468, 467,
  380, 379, 388, 389, 461, 460, 469, 470,
  379, 381, 390, 388, 460, 462, 471, 469,
  381, 382, 391, 390, 462, 463, 472, 471,
  382, 383, 392, 391, 463, 464, 473, 472,
  383, 384, 393, 392, 464, 465, 474, 473,
  384, 385, 394, 393, 465, 466, 475, 474,
  385, 386, 395, 394, 466, 467, 476, 475,
  386, 387, 396, 395, 467, 468, 477, 476,
  389, 388, 397, 398, 470, 469, 478, 479,
  388, 390, 399, 397, 469, 471, 480, 478,
  390, 391, 400, 399, 471, 472, 481, 480,
  391, 392, 401, 400, 472, 473, 482, 481,
  392, 393, 402, 401, 473, 474, 483, 482,
  393, 394, 403, 402, 474, 475, 484, 483,
  394, 395, 404, 403, 475, 476, 485, 484,
  395, 396, 405, 404, 476, 477, 486, 485,
  406, 407, 408, 409, 487, 488, 489, 490,
  407, 410, 411, 408, 488, 491, 492, 489,
  410, 412, 413, 411, 491, 493, 494, 492,
  412, 414, 415, 413, 493, 495, 496, 494,
  414, 416, 417, 415, 495, 497, 498, 496,
  416, 418, 419, 417, 497, 499, 500, 498,
  418, 420, 421, 419, 499, 501, 502, 500,
  420, 422, 423, 421, 501, 503, 504, 502,
  409, 408, 424, 425, 490, 489, 505, 506,
  408, 411, 426, 424, 489, 492, 507, 505,
  411, 413, 427, 426, 492, 494, 508, 507,
  413, 415, 428, 427, 494, 496, 509, 508,
  415, 417, 429, 428, 496, 498, 510, 509,
  417, 419, 430, 429, 498, 500, 511, 510,
  419, 421, 431, 430, 500, 502, 512, 511,
  421, 423, 432, 431, 502, 504, 513, 512,
  425, 424, 433, 434, 506, 505, 514, 515,
  424, 426, 435, 433, 505, 507, 516, 514,
  426, 427, 436, 435, 507, 508, 517, 516,
  427, 428, 437, 436, 508, 509, 518, 517,
  428, 429, 438, 437, 509, 510, 519, 518,
  429, 430, 439, 438, 510, 511, 520, 519,
  430, 431, 440, 439, 511, 512, 521, 520,
  431, 432, 441, 440, 512, 513, 522, 521,
  434, 433, 442, 443, 515, 514, 523, 524,
  433, 435, 444, 442, 514, 516, 525, 523,
  435, 436, 445, 444, 516, 517, 526, 525,
  436, 437, 446, 445, 517, 518, 527, 526,
  437, 438, 447, 446, 518, 519, 528, 527,
  438, 439, 448, 447, 519, 520, 529, 528,
  439, 440, 449, 448, 520, 521, 530, 529,
  440, 441, 450, 449, 521, 522, 531, 530,
  443, 442, 451, 452, 524, 523, 532, 533,
  442, 444, 453, 451, 523, 525, 534, 532,
  444, 445, 454, 453, 525, 526, 535, 534,
  445, 446, 455, 454, 526, 527, 536, 535,
  446, 447, 456, 455, 527, 528, 537, 536,
  447, 448, 457, 456, 528, 529, 538, 537,
  448, 449, 458, 457, 529, 530, 539, 538,
  449, 450, 459, 458, 530, 531, 540, 539,
  452, 451, 460, 461, 533, 532, 541, 542,
  451, 453, 462, 460, 532, 534, 543, 541,
  453, 454, 463, 462, 534, 535, 544, 543,
  454, 455, 464, 463, 535, 536, 545, 544,
  455, 456, 465, 464, 536, 537, 546, 545,
  456, 457, 466, 465, 537, 538, 547, 546,
  457, 458, 467, 466, 538, 539, 548, 547,
  458, 459, 468, 467, 539, 540, 549, 548,
  461, 460, 469, 470, 542, 541, 550, 551,
  460, 462, 471, 469, 541, 543, 552, 550,
  462, 463, 472, 471, 543, 544, 553, 552,
  463, 464, 473, 472, 544, 545, 554, 553,
  464, 465, 474, 473, 545, 546, 555, 554,
  465, 466, 475, 474, 546, 547, 556, 555,
  466, 467, 476, 475, 547, 548, 557, 556,
  467, 468, 477, 476, 548, 549, 558, 557,
  470, 469, 478, 479, 551, 550, 559, 560,
  469, 471, 480, 478, 550, 552, 561, 559,
  471, 472, 481, 480, 552, 553, 562, 561,
  472, 473, 482, 481, 553, 554, 563, 562,
  473, 474, 483, 482, 554, 555, 564, 563,
  474, 475, 484, 483, 555, 556, 565, 564,
  475, 476, 485, 484, 556, 557, 566, 565,
  476, 477, 486, 485, 557, 558, 567, 566,
  487, 488, 489, 490, 568, 569, 570, 571,
  488, 491, 492, 489, 569, 572, 573, 570,
  491, 493, 494, 492, 572, 574, 575, 573,
  493, 495, 496, 494, 574, 576, 577, 575,
  495, 497, 498, 496, 576, 578, 579, 577,
  497, 499, 500, 498, 578, 580, 581, 579,
  499, 501, 502, 500, 580, 582, 583, 581,
  501, 503, 504, 502, 582, 584, 585, 583,
  490, 489, 505, 506, 571, 570, 586, 587,
  489, 492, 507, 505, 570, 573, 588, 586,
  492, 494, 508, 507, 573, 575, 589, 588,
  494, 496, 509, 508, 575, 577, 590, 589,
  496, 498, 510, 509, 577, 579, 591, 590,
  498, 500, 511, 510, 579, 581, 592, 591,
  500, 502, 512, 511, 581, 583, 593, 592,
  502, 504, 513, 512, 583, 585, 594, 593,
  506, 505, 514, 515, 587, 586, 595, 596,
  505, 507, 516, 514, 586, 588, 597, 595,
  507, 508, 517, 516, 588, 589, 598, 597,
  508, 509, 518, 517, 589, 590, 599, 598,
  509, 510, 519, 518, 590, 591, 600, 599,
  510, 511, 520, 519, 591, 592, 601, 600,
  511, 512, 521, 520, 592, 593, 602, 601,
  512, 513, 522, 521, 593, 594, 603, 602,
  515, 514, 523, 524, 596, 595, 604, 605,
  514, 516, 525, 523, 595, 597, 606, 604,
  516, 517, 526, 525, 597, 598, 607, 606,
  517, 518, 527, 526, 598, 599, 608, 607,
  518, 519, 528, 527, 599, 600, 609, 608,
  519, 520, 529, 528, 600, 601, 610, 609,
  520, 521, 530, 529, 601, 602, 611, 610,
  521, 522, 531, 530, 602, 603, 612, 611,
  524, 523, 532, 533, 605, 604, 613, 614,
  523, 525, 534, 532, 604, 606, 615, 613,
  525, 526, 535, 534, 606, 607, 616, 615,
  526, 527, 536, 535, 607, 608, 617, 616,
  527, 528, 537, 536, 608, 609, 618, 617,
  528, 529, 538, 537, 609, 610, 619, 618,
  529, 530, 539, 538, 610, 611, 620, 619,
  530, 531, 540, 539, 611, 612, 621, 620,
  533, 532, 541, 542, 614, 613, 622, 623,
  532, 534, 543, 541, 613, 615, 624, 622,
  534, 535, 544, 543, 615, 616, 625, 624,
  535, 536, 545, 544, 616, 617, 626, 625,
  536, 537, 546, 545, 617, 618, 627, 626,
  537, 538, 547, 546, 618, 619, 628, 627,
  538, 539, 548, 547, 619, 620, 629, 628,
  539, 540, 549, 548, 620, 621, 630, 629,
  542, 541, 550, 551, 623, 622, 631, 632,
  541, 543, 552, 550, 622, 624, 633, 631,
  543, 544, 553, 552, 624, 625, 634, 633,
  544, 545, 554, 553, 625, 626, 635, 634,
  545, 546, 555, 554, 626, 627, 636, 635,
  546, 547, 556, 555, 627, 628, 637, 636,
  547, 548, 557, 556, 628, 629, 638, 637,
  548, 549, 558, 557, 629, 630, 639, 638,
  551, 550, 559, 560, 632, 631, 640, 641,
  550, 552, 561, 559, 631, 633, 642, 640,
  552, 553, 562, 561, 633, 634, 643, 642,
  553, 554, 563, 562, 634, 635, 644, 643,
  554, 555, 564, 563, 635, 636, 645, 644,
  555, 556, 565, 564, 636, 637, 646, 645,
  556, 557, 566, 565, 637, 638, 647, 646,
  557, 558, 567, 566, 638, 639, 648, 647,
  568, 569, 570, 571, 649, 650, 651, 652,
  569, 572, 573, 570, 650, 653, 654, 651,
  572, 574, 575, 573, 653, 655, 656, 654,
  574, 576, 577, 575, 655, 657, 658, 656,
  576, 578, 579, 577, 657, 659, 660, 658,
  578, 580, 581, 579, 659, 661, 662, 660,
  580, 582, 583, 581, 661, 663, 664, 662,
  582, 584, 585, 583, 663, 665, 666, 664,
  571, 570, 586, 587, 652, 651, 667, 668,
  570, 573, 588, 586, 651, 654, 669, 667,
  573, 575, 589, 588, 654, 656, 670, 669,
  575, 577, 590, 589, 656, 658, 671, 670,
  577, 579, 591, 590, 658, 660, 672, 671,
  579, 581, 592, 591, 660, 662, 673, 672,
  581, 583, 593, 592, 662, 664, 674, 673,
  583, 585, 594, 593, 664, 666, 675, 674,
  587, 586, 595, 596, 668, 667, 676, 677,
  586, 588, 597, 595, 667, 669, 678, 676,
  588, 589, 598, 597, 669, 670, 679, 678,
  589, 590, 599, 598, 670, 671, 680, 679,
  590, 591, 600, 599, 671, 672, 681, 680,
  591, 592, 601, 600, 672, 673, 682, 681,
  592, 593, 602, 601, 673, 674, 683, 682,
  593, 594, 603, 602, 674, 675, 684, 683,
  596, 595, 604, 605, 677, 676, 685, 686,
  595, 597, 606, 604, 676, 678, 687, 685,
  597, 598, 607, 606, 678, 679, 688, 687,
  598, 599, 608, 607, 679, 680, 689, 688,
  599, 600, 609, 608, 680, 681, 690, 689,
  600, 601, 610, 609, 681, 682, 691, 690,
  601, 602, 611, 610, 682, 683, 692, 691,
  602, 603, 612, 611, 683, 684, 693, 692,
  605, 604, 613, 614, 686, 685, 694, 695,
  604, 606, 615, 613, 685, 687, 696, 694,
  606, 607, 616, 615, 687, 688, 697, 696,
  607, 608, 617, 616, 688, 689, 698, 697,
  608, 609, 618, 617, 689, 690, 699, 698,
  609, 610, 619, 618, 690, 691, 700, 699,
  610, 611, 620, 619, 691, 692, 701, 700,
  611, 612, 621, 620, 692, 693, 702, 701,
  614, 613, 622, 623, 695, 694, 703, 704,
  613, 615, 624, 622, 694, 696, 705, 703,
  615, 616, 625, 624, 696, 697, 706, 705,
  616, 617, 626, 625, 697, 698, 707, 706,
  617, 618, 627, 626, 698, 699, 708, 707,
  618, 619, 628, 627, 699, 700, 709, 708,
  619, 620, 629, 628, 700, 701, 710, 709,
  620, 621, 630, 629, 701, 702, 711, 710,
  623, 622, 631, 632, 704, 703, 712, 713,
  622, 624, 633, 631, 703, 705, 714, 712,
  624, 625, 634, 633, 705, 706, 715, 714,
  625, 626, 635, 634, 706, 707, 716, 715,
  626, 627, 636, 635, 707, 708, 717, 716,
  627, 628, 637, 636, 708, 709, 718, 717,
  628, 629, 638, 637, 709, 710, 719, 718,
  629, 630, 639, 638, 710, 711, 720, 719,
  632, 631, 640, 641, 713, 712, 721, 722,
  631, 633, 642, 640, 712, 714, 723, 721,
  633, 634, 643, 642, 714, 715, 724, 723,
  634, 635, 644, 643, 715, 716, 725, 724,
  635, 636, 645, 644, 716, 717, 726, 725,
  636, 637, 646, 645, 717, 718, 727, 726,
  637, 638, 647, 646, 718, 719, 728, 727,
  638, 639, 648, 647, 719, 720, 729, 728 ;

 elem_ss1 = 449, 457, 465, 473, 481, 489, 497, 505, 385, 393, 401, 409, 417, 
    425, 433, 441, 321, 329, 337, 345, 353, 361, 369, 377, 257, 265, 273, 
    281, 289, 297, 305, 313, 193, 201, 209, 217, 225, 233, 241, 249, 129, 
    137, 145, 153, 161, 169, 177, 185, 65, 73, 81, 89, 97, 105, 113, 121, 1, 
    9, 17, 25, 33, 41, 49, 57, 512, 504, 496, 488, 480, 472, 464, 456, 448, 
    440, 432, 424, 416, 408, 400, 392, 384, 376, 368, 360, 352, 344, 336, 
    328, 320, 312, 304, 296, 288, 280, 272, 264, 256, 248, 240, 232, 224, 
    216, 208, 200, 192, 184, 176, 168, 160, 152, 144, 136, 128, 120, 112, 
    104, 96, 88, 80, 72, 64, 56, 48, 40, 32, 24, 16, 8, 1, 2, 3, 4, 5, 6, 7, 
    8, 65, 66, 67, 68, 69, 70, 71, 72, 129, 130, 131, 132, 133, 134, 135, 
    136, 193, 194, 195, 196, 197, 198, 199, 200, 257, 258, 259, 260, 261, 
    262, 263, 264, 321, 322, 323, 324, 325, 326, 327, 328, 385, 386, 387, 
    388, 389, 390, 391, 392, 449, 450, 451, 452, 453, 454, 455, 456, 57, 58, 
    59, 60, 61, 62, 63, 64, 49, 50, 51, 52, 53, 54, 55, 56, 41, 42, 43, 44, 
    45, 46, 47, 48, 33, 34, 35, 36, 37, 38, 39, 40, 25, 26, 27, 28, 29, 30, 
    31, 32, 17, 18, 19, 20, 21, 22, 23, 24, 9, 10, 11, 12, 13, 14, 15, 16, 1, 
    2, 3, 4, 5, 6, 7, 8, 505, 506, 507, 508, 509, 510, 511, 512, 441, 442, 
    443, 444, 445, 446, 447, 448, 377, 378, 379, 380, 381, 382, 383, 384, 
    313, 314, 315, 316, 317, 318, 319, 320, 249, 250, 251, 252, 253, 254, 
    255, 256, 185, 186, 187, 188, 189, 190, 191, 192, 121, 122, 123, 124, 
    125, 126, 127, 128, 57, 58, 59, 60, 61, 62, 63, 64, 449, 450, 451, 452, 
    453, 454, 455, 456, 457, 458, 459, 460, 461, 462, 463, 464, 465, 466, 
    467, 468, 469, 470, 471, 472, 473, 474, 475, 476, 477, 478, 479, 480, 
    481, 482, 483, 484, 485, 486, 487, 488, 489, 490, 491, 492, 493, 494, 
    495, 496, 497, 498, 499, 500, 501, 502, 503, 504, 505, 506, 507, 508, 
    509, 510, 511, 512 ;

 side_ss1 = 4, 4, 4, 4, 4, 4, 4, 4, 4, 4, 4, 4, 4, 4, 4, 4, 4, 4, 4, 4, 4, 4, 
    4, 4, 4, 4, 4, 4, 4, 4, 4, 4, 4, 4, 4, 4, 4, 4, 4, 4, 4, 4, 4, 4, 4, 4, 
    4, 4, 4, 4, 4, 4, 4, 4, 4, 4, 4, 4, 4, 4, 4, 4, 4, 4, 2, 2, 2, 2, 2, 2, 
    2, 2, 2, 2, 2, 2, 2, 2, 2, 2, 2, 2, 2, 2, 2, 2, 2, 2, 2, 2, 2, 2, 2, 2, 
    2, 2, 2, 2, 2, 2, 2, 2, 2, 2, 2, 2, 2, 2, 2, 2, 2, 2, 2, 2, 2, 2, 2, 2, 
    2, 2, 2, 2, 2, 2, 2, 2, 2, 2, 1, 1, 1, 1, 1, 1, 1, 1, 1, 1, 1, 1, 1, 1, 
    1, 1, 1, 1, 1, 1, 1, 1, 1, 1, 1, 1, 1, 1, 1, 1, 1, 1, 1, 1, 1, 1, 1, 1, 
    1, 1, 1, 1, 1, 1, 1, 1, 1, 1, 1, 1, 1, 1, 1, 1, 1, 1, 1, 1, 1, 1, 1, 1, 
    1, 1, 5, 5, 5, 5, 5, 5, 5, 5, 5, 5, 5, 5, 5, 5, 5, 5, 5, 5, 5, 5, 5, 5, 
    5, 5, 5, 5, 5, 5, 5, 5, 5, 5, 5, 5, 5, 5, 5, 5, 5, 5, 5, 5, 5, 5, 5, 5, 
    5, 5, 5, 5, 5, 5, 5, 5, 5, 5, 5, 5, 5, 5, 5, 5, 5, 5, 3, 3, 3, 3, 3, 3, 
    3, 3, 3, 3, 3, 3, 3, 3, 3, 3, 3, 3, 3, 3, 3, 3, 3, 3, 3, 3, 3, 3, 3, 3, 
    3, 3, 3, 3, 3, 3, 3, 3, 3, 3, 3, 3, 3, 3, 3, 3, 3, 3, 3, 3, 3, 3, 3, 3, 
    3, 3, 3, 3, 3, 3, 3, 3, 3, 3, 6, 6, 6, 6, 6, 6, 6, 6, 6, 6, 6, 6, 6, 6, 
    6, 6, 6, 6, 6, 6, 6, 6, 6, 6, 6, 6, 6, 6, 6, 6, 6, 6, 6, 6, 6, 6, 6, 6, 
    6, 6, 6, 6, 6, 6, 6, 6, 6, 6, 6, 6, 6, 6, 6, 6, 6, 6, 6, 6, 6, 6, 6, 6, 
    6, 6 ;

 dist_fact_ss1 = 1, 1, 1, 1, 1, 1, 1, 1, 1, 1, 1, 1, 1, 1, 1, 1, 1, 1, 1, 1, 
    1, 1, 1, 1, 1, 1, 1, 1, 1, 1, 1, 1, 1, 1, 1, 1, 1, 1, 1, 1, 1, 1, 1, 1, 
    1, 1, 1, 1, 1, 1, 1, 1, 1, 1, 1, 1, 1, 1, 1, 1, 1, 1, 1, 1, 1, 1, 1, 1, 
    1, 1, 1, 1, 1, 1, 1, 1, 1, 1, 1, 1, 1, 1, 1, 1, 1, 1, 1, 1, 1, 1, 1, 1, 
    1, 1, 1, 1, 1, 1, 1, 1, 1, 1, 1, 1, 1, 1, 1, 1, 1, 1, 1, 1, 1, 1, 1, 1, 
    1, 1, 1, 1, 1, 1, 1, 1, 1, 1, 1, 1, 1, 1, 1, 1, 1, 1, 1, 1, 1, 1, 1, 1, 
    1, 1, 1, 1, 1, 1, 1, 1, 1, 1, 1, 1, 1, 1, 1, 1, 1, 1, 1, 1, 1, 1, 1, 1, 
    1, 1, 1, 1, 1, 1, 1, 1, 1, 1, 1, 1, 1, 1, 1, 1, 1, 1, 1, 1, 1, 1, 1, 1, 
    1, 1, 1, 1, 1, 1, 1, 1, 1, 1, 1, 1, 1, 1, 1, 1, 1, 1, 1, 1, 1, 1, 1, 1, 
    1, 1, 1, 1, 1, 1, 1, 1, 1, 1, 1, 1, 1, 1, 1, 1, 1, 1, 1, 1, 1, 1, 1, 1, 
    1, 1, 1, 1, 1, 1, 1, 1, 1, 1, 1, 1, 1, 1, 1, 1, 1, 1, 1, 1, 1, 1, 1, 1, 
    1, 1, 1, 1, 1, 1, 1, 1, 1, 1, 1, 1, 1, 1, 1, 1, 1, 1, 1, 1, 1, 1, 1, 1, 
    1, 1, 1, 1, 1, 1, 1, 1, 1, 1, 1, 1, 1, 1, 1, 1, 1, 1, 1, 1, 1, 1, 1, 1, 
    1, 1, 1, 1, 1, 1, 1, 1, 1, 1, 1, 1, 1, 1, 1, 1, 1, 1, 1, 1, 1, 1, 1, 1, 
    1, 1, 1, 1, 1, 1, 1, 1, 1, 1, 1, 1, 1, 1, 1, 1, 1, 1, 1, 1, 1, 1, 1, 1, 
    1, 1, 1, 1, 1, 1, 1, 1, 1, 1, 1, 1, 1, 1, 1, 1, 1, 1, 1, 1, 1, 1, 1, 1, 
    1, 1, 1, 1, 1, 1, 1, 1, 1, 1, 1, 1, 1, 1, 1, 1, 1, 1, 1, 1, 1, 1, 1, 1, 
    1, 1, 1, 1, 1, 1, 1, 1, 1, 1, 1, 1, 1, 1, 1, 1, 1, 1, 1, 1, 1, 1, 1, 1, 
    1, 1, 1, 1, 1, 1, 1, 1, 1, 1, 1, 1, 1, 1, 1, 1, 1, 1, 1, 1, 1, 1, 1, 1, 
    1, 1, 1, 1, 1, 1, 1, 1, 1, 1, 1, 1, 1, 1, 1, 1, 1, 1, 1, 1, 1, 1, 1, 1, 
    1, 1, 1, 1, 1, 1, 1, 1, 1, 1, 1, 1, 1, 1, 1, 1, 1, 1, 1, 1, 1, 1, 1, 1, 
    1, 1, 1, 1, 1, 1, 1, 1, 1, 1, 1, 1, 1, 1, 1, 1, 1, 1, 1, 1, 1, 1, 1, 1, 
    1, 1, 1, 1, 1, 1, 1, 1, 1, 1, 1, 1, 1, 1, 1, 1, 1, 1, 1, 1, 1, 1, 1, 1, 
    1, 1, 1, 1, 1, 1, 1, 1, 1, 1, 1, 1, 1, 1, 1, 1, 1, 1, 1, 1, 1, 1, 1, 1, 
    1, 1, 1, 1, 1, 1, 1, 1, 1, 1, 1, 1, 1, 1, 1, 1, 1, 1, 1, 1, 1, 1, 1, 1, 
    1, 1, 1, 1, 1, 1, 1, 1, 1, 1, 1, 1, 1, 1, 1, 1, 1, 1, 1, 1, 1, 1, 1, 1, 
    1, 1, 1, 1, 1, 1, 1, 1, 1, 1, 1, 1, 1, 1, 1, 1, 1, 1, 1, 1, 1, 1, 1, 1, 
    1, 1, 1, 1, 1, 1, 1, 1, 1, 1, 1, 1, 1, 1, 1, 1, 1, 1, 1, 1, 1, 1, 1, 1, 
    1, 1, 1, 1, 1, 1, 1, 1, 1, 1, 1, 1, 1, 1, 1, 1, 1, 1, 1, 1, 1, 1, 1, 1, 
    1, 1, 1, 1, 1, 1, 1, 1, 1, 1, 1, 1, 1, 1, 1, 1, 1, 1, 1, 1, 1, 1, 1, 1, 
    1, 1, 1, 1, 1, 1, 1, 1, 1, 1, 1, 1, 1, 1, 1, 1, 1, 1, 1, 1, 1, 1, 1, 1, 
    1, 1, 1, 1, 1, 1, 1, 1, 1, 1, 1, 1, 1, 1, 1, 1, 1, 1, 1, 1, 1, 1, 1, 1, 
    1, 1, 1, 1, 1, 1, 1, 1, 1, 1, 1, 1, 1, 1, 1, 1, 1, 1, 1, 1, 1, 1, 1, 1, 
    1, 1, 1, 1, 1, 1, 1, 1, 1, 1, 1, 1, 1, 1, 1, 1, 1, 1, 1, 1, 1, 1, 1, 1, 
    1, 1, 1, 1, 1, 1, 1, 1, 1, 1, 1, 1, 1, 1, 1, 1, 1, 1, 1, 1, 1, 1, 1, 1, 
    1, 1, 1, 1, 1, 1, 1, 1, 1, 1, 1, 1, 1, 1, 1, 1, 1, 1, 1, 1, 1, 1, 1, 1, 
    1, 1, 1, 1, 1, 1, 1, 1, 1, 1, 1, 1, 1, 1, 1, 1, 1, 1, 1, 1, 1, 1, 1, 1, 
    1, 1, 1, 1, 1, 1, 1, 1, 1, 1, 1, 1, 1, 1, 1, 1, 1, 1, 1, 1, 1, 1, 1, 1, 
    1, 1, 1, 1, 1, 1, 1, 1, 1, 1, 1, 1, 1, 1, 1, 1, 1, 1, 1, 1, 1, 1, 1, 1, 
    1, 1, 1, 1, 1, 1, 1, 1, 1, 1, 1, 1, 1, 1, 1, 1, 1, 1, 1, 1, 1, 1, 1, 1, 
    1, 1, 1, 1, 1, 1, 1, 1, 1, 1, 1, 1, 1, 1, 1, 1, 1, 1, 1, 1, 1, 1, 1, 1, 
    1, 1, 1, 1, 1, 1, 1, 1, 1, 1, 1, 1, 1, 1, 1, 1, 1, 1, 1, 1, 1, 1, 1, 1, 
    1, 1, 1, 1, 1, 1, 1, 1, 1, 1, 1, 1, 1, 1, 1, 1, 1, 1, 1, 1, 1, 1, 1, 1, 
    1, 1, 1, 1, 1, 1, 1, 1, 1, 1, 1, 1, 1, 1, 1, 1, 1, 1, 1, 1, 1, 1, 1, 1, 
    1, 1, 1, 1, 1, 1, 1, 1, 1, 1, 1, 1, 1, 1, 1, 1, 1, 1, 1, 1, 1, 1, 1, 1, 
    1, 1, 1, 1, 1, 1, 1, 1, 1, 1, 1, 1, 1, 1, 1, 1, 1, 1, 1, 1, 1, 1, 1, 1, 
    1, 1, 1, 1, 1, 1, 1, 1, 1, 1, 1, 1, 1, 1, 1, 1, 1, 1, 1, 1, 1, 1, 1, 1, 
    1, 1, 1, 1, 1, 1, 1, 1, 1, 1, 1, 1, 1, 1, 1, 1, 1, 1, 1, 1, 1, 1, 1, 1, 
    1, 1, 1, 1, 1, 1, 1, 1, 1, 1, 1, 1, 1, 1, 1, 1, 1, 1, 1, 1, 1, 1, 1, 1, 
    1, 1, 1, 1, 1, 1, 1, 1, 1, 1, 1, 1, 1, 1, 1, 1, 1, 1, 1, 1, 1, 1, 1, 1, 
    1, 1, 1, 1, 1, 1, 1, 1, 1, 1, 1, 1, 1, 1, 1, 1, 1, 1, 1, 1, 1, 1, 1, 1, 
    1, 1, 1, 1, 1, 1, 1, 1, 1, 1, 1, 1, 1, 1, 1, 1, 1, 1, 1, 1, 1, 1, 1, 1, 
    1, 1, 1, 1, 1, 1, 1, 1, 1, 1, 1, 1, 1, 1, 1, 1, 1, 1, 1, 1, 1, 1, 1, 1, 
    1, 1, 1, 1, 1, 1, 1, 1, 1, 1, 1, 1, 1, 1, 1, 1, 1, 1, 1, 1, 1, 1, 1, 1, 
    1, 1, 1, 1, 1, 1, 1, 1, 1, 1, 1, 1, 1, 1, 1, 1, 1, 1, 1, 1, 1, 1, 1, 1, 
    1, 1, 1, 1, 1, 1, 1, 1, 1, 1, 1, 1, 1, 1, 1, 1, 1, 1, 1, 1, 1, 1, 1, 1, 
    1, 1, 1, 1, 1, 1, 1, 1, 1, 1, 1, 1, 1, 1, 1, 1, 1, 1, 1, 1, 1, 1, 1, 1, 
    1, 1, 1, 1, 1, 1, 1, 1, 1, 1, 1, 1, 1, 1, 1, 1, 1, 1, 1, 1, 1, 1, 1, 1, 
    1, 1, 1, 1, 1, 1, 1, 1, 1, 1, 1, 1, 1, 1, 1, 1, 1, 1, 1, 1, 1, 1, 1, 1, 
    1, 1, 1, 1, 1, 1, 1, 1, 1, 1, 1, 1, 1, 1, 1, 1, 1, 1, 1, 1, 1, 1, 1, 1, 
    1, 1, 1, 1, 1, 1, 1, 1, 1, 1, 1, 1, 1, 1, 1, 1, 1, 1, 1, 1, 1, 1, 1, 1, 
    1, 1, 1, 1, 1, 1, 1, 1, 1, 1, 1, 1, 1, 1, 1, 1, 1, 1, 1, 1, 1, 1, 1, 1, 
    1, 1, 1, 1, 1, 1, 1, 1, 1, 1, 1, 1, 1, 1, 1, 1, 1, 1, 1, 1, 1, 1, 1, 1, 
    1, 1, 1, 1, 1, 1, 1, 1, 1, 1, 1, 1, 1, 1, 1, 1, 1, 1, 1, 1, 1, 1, 1, 1, 
    1, 1, 1, 1 ;

 qa_records =
  "CUBIT",
  "15.2",
  "08/08/2017",
  "15:54:49" ;

 elem_map = 1, 2, 3, 4, 5, 6, 7, 8, 9, 10, 11, 12, 13, 14, 15, 16, 17, 18, 
    19, 20, 21, 22, 23, 24, 25, 26, 27, 28, 29, 30, 31, 32, 33, 34, 35, 36, 
    37, 38, 39, 40, 41, 42, 43, 44, 45, 46, 47, 48, 49, 50, 51, 52, 53, 54, 
    55, 56, 57, 58, 59, 60, 61, 62, 63, 64, 65, 66, 67, 68, 69, 70, 71, 72, 
    73, 74, 75, 76, 77, 78, 79, 80, 81, 82, 83, 84, 85, 86, 87, 88, 89, 90, 
    91, 92, 93, 94, 95, 96, 97, 98, 99, 100, 101, 102, 103, 104, 105, 106, 
    107, 108, 109, 110, 111, 112, 113, 114, 115, 116, 117, 118, 119, 120, 
    121, 122, 123, 124, 125, 126, 127, 128, 129, 130, 131, 132, 133, 134, 
    135, 136, 137, 138, 139, 140, 141, 142, 143, 144, 145, 146, 147, 148, 
    149, 150, 151, 152, 153, 154, 155, 156, 157, 158, 159, 160, 161, 162, 
    163, 164, 165, 166, 167, 168, 169, 170, 171, 172, 173, 174, 175, 176, 
    177, 178, 179, 180, 181, 182, 183, 184, 185, 186, 187, 188, 189, 190, 
    191, 192, 193, 194, 195, 196, 197, 198, 199, 200, 201, 202, 203, 204, 
    205, 206, 207, 208, 209, 210, 211, 212, 213, 214, 215, 216, 217, 218, 
    219, 220, 221, 222, 223, 224, 225, 226, 227, 228, 229, 230, 231, 232, 
    233, 234, 235, 236, 237, 238, 239, 240, 241, 242, 243, 244, 245, 246, 
    247, 248, 249, 250, 251, 252, 253, 254, 255, 256, 257, 258, 259, 260, 
    261, 262, 263, 264, 265, 266, 267, 268, 269, 270, 271, 272, 273, 274, 
    275, 276, 277, 278, 279, 280, 281, 282, 283, 284, 285, 286, 287, 288, 
    289, 290, 291, 292, 293, 294, 295, 296, 297, 298, 299, 300, 301, 302, 
    303, 304, 305, 306, 307, 308, 309, 310, 311, 312, 313, 314, 315, 316, 
    317, 318, 319, 320, 321, 322, 323, 324, 325, 326, 327, 328, 329, 330, 
    331, 332, 333, 334, 335, 336, 337, 338, 339, 340, 341, 342, 343, 344, 
    345, 346, 347, 348, 349, 350, 351, 352, 353, 354, 355, 356, 357, 358, 
    359, 360, 361, 362, 363, 364, 365, 366, 367, 368, 369, 370, 371, 372, 
    373, 374, 375, 376, 377, 378, 379, 380, 381, 382, 383, 384, 385, 386, 
    387, 388, 389, 390, 391, 392, 393, 394, 395, 396, 397, 398, 399, 400, 
    401, 402, 403, 404, 405, 406, 407, 408, 409, 410, 411, 412, 413, 414, 
    415, 416, 417, 418, 419, 420, 421, 422, 423, 424, 425, 426, 427, 428, 
    429, 430, 431, 432, 433, 434, 435, 436, 437, 438, 439, 440, 441, 442, 
    443, 444, 445, 446, 447, 448, 449, 450, 451, 452, 453, 454, 455, 456, 
    457, 458, 459, 460, 461, 462, 463, 464, 465, 466, 467, 468, 469, 470, 
    471, 472, 473, 474, 475, 476, 477, 478, 479, 480, 481, 482, 483, 484, 
    485, 486, 487, 488, 489, 490, 491, 492, 493, 494, 495, 496, 497, 498, 
    499, 500, 501, 502, 503, 504, 505, 506, 507, 508, 509, 510, 511, 512 ;

 elem_num_map = 1, 2, 3, 4, 5, 6, 7, 8, 9, 10, 11, 12, 13, 14, 15, 16, 17, 
    18, 19, 20, 21, 22, 23, 24, 25, 26, 27, 28, 29, 30, 31, 32, 33, 34, 35, 
    36, 37, 38, 39, 40, 41, 42, 43, 44, 45, 46, 47, 48, 49, 50, 51, 52, 53, 
    54, 55, 56, 57, 58, 59, 60, 61, 62, 63, 64, 65, 66, 67, 68, 69, 70, 71, 
    72, 73, 74, 75, 76, 77, 78, 79, 80, 81, 82, 83, 84, 85, 86, 87, 88, 89, 
    90, 91, 92, 93, 94, 95, 96, 97, 98, 99, 100, 101, 102, 103, 104, 105, 
    106, 107, 108, 109, 110, 111, 112, 113, 114, 115, 116, 117, 118, 119, 
    120, 121, 122, 123, 124, 125, 126, 127, 128, 129, 130, 131, 132, 133, 
    134, 135, 136, 137, 138, 139, 140, 141, 142, 143, 144, 145, 146, 147, 
    148, 149, 150, 151, 152, 153, 154, 155, 156, 157, 158, 159, 160, 161, 
    162, 163, 164, 165, 166, 167, 168, 169, 170, 171, 172, 173, 174, 175, 
    176, 177, 178, 179, 180, 181, 182, 183, 184, 185, 186, 187, 188, 189, 
    190, 191, 192, 193, 194, 195, 196, 197, 198, 199, 200, 201, 202, 203, 
    204, 205, 206, 207, 208, 209, 210, 211, 212, 213, 214, 215, 216, 217, 
    218, 219, 220, 221, 222, 223, 224, 225, 226, 227, 228, 229, 230, 231, 
    232, 233, 234, 235, 236, 237, 238, 239, 240, 241, 242, 243, 244, 245, 
    246, 247, 248, 249, 250, 251, 252, 253, 254, 255, 256, 257, 258, 259, 
    260, 261, 262, 263, 264, 265, 266, 267, 268, 269, 270, 271, 272, 273, 
    274, 275, 276, 277, 278, 279, 280, 281, 282, 283, 284, 285, 286, 287, 
    288, 289, 290, 291, 292, 293, 294, 295, 296, 297, 298, 299, 300, 301, 
    302, 303, 304, 305, 306, 307, 308, 309, 310, 311, 312, 313, 314, 315, 
    316, 317, 318, 319, 320, 321, 322, 323, 324, 325, 326, 327, 328, 329, 
    330, 331, 332, 333, 334, 335, 336, 337, 338, 339, 340, 341, 342, 343, 
    344, 345, 346, 347, 348, 349, 350, 351, 352, 353, 354, 355, 356, 357, 
    358, 359, 360, 361, 362, 363, 364, 365, 366, 367, 368, 369, 370, 371, 
    372, 373, 374, 375, 376, 377, 378, 379, 380, 381, 382, 383, 384, 385, 
    386, 387, 388, 389, 390, 391, 392, 393, 394, 395, 396, 397, 398, 399, 
    400, 401, 402, 403, 404, 405, 406, 407, 408, 409, 410, 411, 412, 413, 
    414, 415, 416, 417, 418, 419, 420, 421, 422, 423, 424, 425, 426, 427, 
    428, 429, 430, 431, 432, 433, 434, 435, 436, 437, 438, 439, 440, 441, 
    442, 443, 444, 445, 446, 447, 448, 449, 450, 451, 452, 453, 454, 455, 
    456, 457, 458, 459, 460, 461, 462, 463, 464, 465, 466, 467, 468, 469, 
    470, 471, 472, 473, 474, 475, 476, 477, 478, 479, 480, 481, 482, 483, 
    484, 485, 486, 487, 488, 489, 490, 491, 492, 493, 494, 495, 496, 497, 
    498, 499, 500, 501, 502, 503, 504, 505, 506, 507, 508, 509, 510, 511, 512 ;

 node_num_map = 18, 163, 275, 25, 26, 177, 387, 75, 164, 276, 178, 388, 165, 
    277, 179, 389, 166, 278, 180, 390, 167, 279, 181, 391, 168, 280, 182, 
    392, 169, 281, 183, 393, 91, 100, 98, 162, 268, 24, 394, 76, 269, 395, 
    270, 396, 271, 397, 272, 398, 273, 399, 274, 400, 101, 161, 261, 23, 401, 
    77, 262, 402, 263, 403, 264, 404, 265, 405, 266, 406, 267, 407, 102, 160, 
    254, 22, 408, 78, 255, 409, 256, 410, 257, 411, 258, 412, 259, 413, 260, 
    414, 103, 159, 247, 21, 415, 79, 248, 416, 249, 417, 250, 418, 251, 419, 
    252, 420, 253, 421, 104, 158, 240, 20, 422, 80, 241, 423, 242, 424, 243, 
    425, 244, 426, 245, 427, 246, 428, 105, 157, 233, 19, 429, 81, 234, 430, 
    235, 431, 236, 432, 237, 433, 238, 434, 239, 435, 106, 156, 226, 10, 331, 
    17, 227, 332, 228, 333, 229, 334, 230, 335, 231, 336, 232, 337, 99, 107, 
    27, 184, 436, 68, 185, 437, 186, 438, 187, 439, 188, 440, 189, 441, 190, 
    442, 97, 155, 443, 69, 444, 445, 446, 447, 448, 449, 154, 450, 70, 451, 
    452, 453, 454, 455, 456, 153, 457, 71, 458, 459, 460, 461, 462, 463, 152, 
    464, 72, 465, 466, 467, 468, 469, 470, 151, 471, 73, 472, 473, 474, 475, 
    476, 477, 150, 478, 74, 479, 480, 481, 482, 483, 484, 149, 324, 16, 325, 
    326, 327, 328, 329, 330, 108, 28, 191, 485, 61, 192, 486, 193, 487, 194, 
    488, 195, 489, 196, 490, 197, 491, 96, 148, 492, 62, 493, 494, 495, 496, 
    497, 498, 147, 499, 63, 500, 501, 502, 503, 504, 505, 146, 506, 64, 507, 
    508, 509, 510, 511, 512, 145, 513, 65, 514, 515, 516, 517, 518, 519, 144, 
    520, 66, 521, 522, 523, 524, 525, 526, 143, 527, 67, 528, 529, 530, 531, 
    532, 533, 142, 317, 15, 318, 319, 320, 321, 322, 323, 109, 29, 198, 534, 
    54, 199, 535, 200, 536, 201, 537, 202, 538, 203, 539, 204, 540, 95, 141, 
    541, 55, 542, 543, 544, 545, 546, 547, 140, 548, 56, 549, 550, 551, 552, 
    553, 554, 139, 555, 57, 556, 557, 558, 559, 560, 561, 138, 562, 58, 563, 
    564, 565, 566, 567, 568, 137, 569, 59, 570, 571, 572, 573, 574, 575, 136, 
    576, 60, 577, 578, 579, 580, 581, 582, 135, 310, 14, 311, 312, 313, 314, 
    315, 316, 110, 30, 205, 583, 47, 206, 584, 207, 585, 208, 586, 209, 587, 
    210, 588, 211, 589, 94, 134, 590, 48, 591, 592, 593, 594, 595, 596, 133, 
    597, 49, 598, 599, 600, 601, 602, 603, 132, 604, 50, 605, 606, 607, 608, 
    609, 610, 131, 611, 51, 612, 613, 614, 615, 616, 617, 130, 618, 52, 619, 
    620, 621, 622, 623, 624, 129, 625, 53, 626, 627, 628, 629, 630, 631, 128, 
    303, 13, 304, 305, 306, 307, 308, 309, 111, 31, 212, 632, 40, 213, 633, 
    214, 634, 215, 635, 216, 636, 217, 637, 218, 638, 93, 127, 639, 41, 640, 
    641, 642, 643, 644, 645, 126, 646, 42, 647, 648, 649, 650, 651, 652, 125, 
    653, 43, 654, 655, 656, 657, 658, 659, 124, 660, 44, 661, 662, 663, 664, 
    665, 666, 123, 667, 45, 668, 669, 670, 671, 672, 673, 122, 674, 46, 675, 
    676, 677, 678, 679, 680, 121, 296, 12, 297, 298, 299, 300, 301, 302, 112, 
    32, 219, 681, 33, 220, 682, 221, 683, 222, 684, 223, 685, 224, 686, 225, 
    687, 92, 120, 688, 34, 689, 690, 691, 692, 693, 694, 119, 695, 35, 696, 
    697, 698, 699, 700, 701, 118, 702, 36, 703, 704, 705, 706, 707, 708, 117, 
    709, 37, 710, 711, 712, 713, 714, 715, 116, 716, 38, 717, 718, 719, 720, 
    721, 722, 115, 723, 39, 724, 725, 726, 727, 728, 729, 114, 289, 11, 290, 
    291, 292, 293, 294, 295, 113, 1, 170, 338, 3, 171, 339, 172, 340, 173, 
    341, 174, 342, 175, 343, 176, 344, 83, 90, 345, 4, 346, 347, 348, 349, 
    350, 351, 89, 352, 5, 353, 354, 355, 356, 357, 358, 88, 359, 6, 360, 361, 
    362, 363, 364, 365, 87, 366, 7, 367, 368, 369, 370, 371, 372, 86, 373, 8, 
    374, 375, 376, 377, 378, 379, 85, 380, 9, 381, 382, 383, 384, 385, 386, 
    84, 282, 2, 283, 284, 285, 286, 287, 288, 82 ;
}
