The results for reduction methods except gm2, rm2 are for the hypergraph code at
the time Robert left.  All results use default settings for all parameters except
the reduction method.  21-Oct-02

Test redone to include Erik's gm3 & gm4 results.  This is the new baseline.

    ibm01  0 gm4 gr0   0  fm   12   48  0.000  0.000  1.006   240   240   4.6   0.75
    ibm01  0 gm2 gr0   0  fm   14   29  0.000  0.000  1.056   258   258   4.6   0.86 
    ibm01  0 grg gr0   0  fm   18    2  0.000  0.000  1.096   265   265   4.1   0.48 
    ibm01  0 mxp gr0   0  fm    8 1604  0.000  0.000  1.048   266   266   5.0   0.55 
    ibm01  0 rm2 gr0   0  fm   13    2  0.000  0.000  1.100   282   282   4.7   0.99 
    ibm01  0 rrp gr0   0  fm    8 1274  0.000  0.000  1.063   292   292   5.0   0.55 
    ibm01  0 mxm gr0   0  fm   14   21  0.000  0.000  1.091   294   294   4.7   0.78 
    ibm01  0 rem gr0   0  fm   23    2  0.000  0.000  1.096   300   300   4.7   0.76 
    ibm01  0 gm3 gr0   0  fm   20    2  0.000  0.000  1.100   304   304   4.4   0.62 
    ibm01  0 rrg gr0   0  fm   11  367  0.000  0.000  1.100   305   305   3.9   0.51 
    ibm01  0 rrm gr0   0  fm   13    2  0.000  0.000  1.097   328   328   4.9   0.88 
    ibm01  0 reg gr0   0  fm    7  806  0.000  0.000  1.100   343   343   3.7   0.44 
    ibm01  0 grp gr0   0  fm   10  745  0.000  0.000  1.100   344   344   5.2   0.62 
    ibm01  0 rep gr0   0  fm    9 1270  0.000  0.000  1.100   353   353   5.4   0.54 
    ibm01  0 rhg gr0   0  fm   19    2  0.000  0.000  1.100   373   373   4.1   0.54 
    ibm01  0 grm gr0   0  fm   21    2  0.000  0.000  1.100   375   375   4.3   0.58 
    ibm01  0 rhm gr0   0  fm   13    2  0.000  0.000  1.100   376   376   4.4   0.91 
    ibm01  0 pgm gr0   0  fm   18    2  0.000  0.000  1.048   381   381   4.5   0.88 
    ibm01  0 rhp gr0   0  fm   10  641  0.000  0.000  1.098   387   387   5.1   0.68 
    ibm01  0 lhm gr0   0  fm   22    2  0.000  0.000  1.045   391   391   7.0   0.88 
    ibm01  0 lhp gr0   0  fm   10  782  0.000  0.000  1.100   401   401   5.2   0.64 
    ibm01  0 mxg gr0   0  fm    8  620  0.000  0.000  1.047   409   409   3.9   0.52 
    ibm01  0 pgp gr0   0  fm    9 1077  0.000  0.000  1.100   412   412   5.2   0.61 

    ibm02  0 rrm gr0   0  fm   16    2  0.000  0.000  1.076   306   306   6.1   2.30
    ibm02  0 gm4 gr0   0  fm   13   45  0.000  0.000  1.051   318   318   5.8   1.73
    ibm02  0 mxm gr0   0  fm   11  110  0.000  0.000  1.037   336   336   5.8   1.79
    ibm02  0 rhm gr0   0  fm   16    2  0.000  0.000  1.100   337   337   5.3   1.49
    ibm02  0 pgm gr0   0  fm   11  207  0.000  0.000  1.035   345   345   5.4   2.07
    ibm02  0 mxg gr0   0  fm    7 1311  0.000  0.000  1.078   359   359   4.6   0.86
    ibm02  0 gm2 gr0   0  fm   13   44  0.000  0.000  1.014   367   367   5.8   1.94
    ibm02  0 pgp gr0   0  fm    7 3030  0.000  0.000  1.100   375   375   5.5   1.51
    ibm02  0 lhp gr0   0  fm    7 2732  0.000  0.000  1.100   382   382   5.3   1.61
    ibm02  0 grg gr0   0  fm   11  147  0.000  0.000  1.100   383   383   4.8   1.02
    ibm02  0 rem gr0   0  fm   13   55  0.000  0.000  1.100   405   405   5.8   1.49
    ibm02  0 lhm gr0   0  fm   10  323  0.000  0.000  1.014   450   450  12.0   2.04
    ibm02  0 rhp gr0   0  fm    7 2822  0.000  0.000  1.100   516   516   5.4   0.75
    ibm02  0 grp gr0   0  fm    7 2791  0.000  0.000  1.021   520   520   5.3   1.02
    ibm02  0 reg gr0   0  fm    7  914  0.000  0.000  1.069   533   533   4.1   0.99
    ibm02  0 rrp gr0   0  fm    6 3602  0.000  0.000  1.100   578   578   5.1   0.92
    ibm02  0 rrg gr0   0  fm    9  589  0.000  0.000  1.100   583   583   4.1   0.90
    ibm02  0 grm gr0   0  fm   12  144  0.000  0.000  1.018   639   639   5.2   1.19
    ibm02  0 gm3 gr0   0  fm   12  128  0.000  0.000  1.004   710   710   5.2   1.19
    ibm02  0 rhg gr0   0  fm   19    2  0.000  0.000  1.072   855   855   4.7   0.71
    ibm02  0 mxp gr0   0  fm    6 3943  0.000  0.000  1.099   874   874   5.1   0.77
    ibm02  0 rm2 gr0   0  fm   17    2  0.000  0.000  1.100   924   924   5.8   2.55
    ibm02  0 rep gr0   0  fm    6 3903  0.000  0.000  1.087  2894  2894   5.2   0.70

    ibm03  0 rm2 gr0   0  fm   14    2  0.000  0.000  1.067  1002  1002   5.4   2.61
    ibm03  0 grg gr0   0  fm   18    2  0.000  0.000  1.100  1022  1022   4.7   1.29
    ibm03  0 grp gr0   0  fm   12 1281  0.000  0.000  1.095  1060  1060   6.5   1.79
    ibm03  0 rhm gr0   0  fm   14    2  0.000  0.000  1.100  1096  1096   5.2   2.05
    ibm03  0 gm4 gr0   0  fm   15   31  0.000  0.000  1.094  1139  1139   5.6   2.54
    ibm03  0 mxm gr0   0  fm   18   15  0.000  0.000  1.027  1140  1140   5.4   1.94
    ibm03  0 rep gr0   0  fm    8 3206  0.000  0.000  1.063  1154  1154   5.8   1.52
    ibm03  0 gm3 gr0   0  fm   23    2  0.000  0.000  1.100  1174  1174   5.0   1.70
    ibm03  0 reg gr0   0  fm    7 1424  0.000  0.000  1.034  1255  1255   4.4   1.15
    ibm03  0 mxg gr0   0  fm    7 1741  0.000  0.000  1.077  1268  1268   4.3   1.11
    ibm03  0 rhp gr0   0  fm   11 1447  0.000  0.000  1.090  1306  1306   6.3   1.15
    ibm03  0 rrp gr0   0  fm    9 2434  0.000  0.000  1.002  1308  1308   5.9   1.39
    ibm03  0 lhp gr0   0  fm   12 1291  0.000  0.000  1.002  1343  1343   6.5   1.45
    ibm03  0 rem gr0   0  fm   13   37  0.000  0.000  1.100  1383  1383   5.7   2.05
    ibm03  0 pgm gr0   0  fm   18   11  0.000  0.000  1.099  1494  1494   5.3   2.40
    ibm03  0 gm2 gr0   0  fm   13   51  0.000  0.000  1.002  1592  1592   5.6   2.18
    ibm03  0 grm gr0   0  fm   18   13  0.000  0.000  1.095  1805  1805   5.1   1.28
    ibm03  0 mxp gr0   0  fm    7 3925  0.000  0.000  1.030  1811  1811   5.3   1.42
    ibm03  0 lhm gr0   0  fm   15   32  0.000  0.000  1.097  1878  1878   6.7   1.66
    ibm03  0 rrg gr0   0  fm   12  571  0.000  0.000  1.096  1911  1911   5.0   1.64
    ibm03  0 rhg gr0   0  fm   14    2  0.000  0.000  1.086  2080  2080   4.6   0.91
    ibm03  0 pgp gr0   0  fm    9 2417  0.000  0.000  1.063  2114  2114   6.0   1.18
    ibm03  0 rrm gr0   0  fm   15    2  0.000  0.000  1.072  2204  2204   5.9   2.69

    ibm04  0 grm gr0   0  fm   20    2  0.000  0.000  1.096   451   451   5.1   1.92
    ibm04  0 pgm gr0   0  fm   19    2  0.000  0.000  1.097   458   458   5.3   2.28
    ibm04  0 rem gr0   0  fm   17   20  0.000  0.000  1.098   474   474   5.6   1.98
    ibm04  0 gm2 gr0   0  fm   14   48  0.000  0.000  1.092   489   489   5.4   2.30
    ibm04  0 gm3 gr0   0  fm   25    2  0.000  0.000  1.100   507   507   5.2   1.96
    ibm04  0 rhm gr0   0  fm   14    2  0.000  0.000  1.099   536   536   5.2   2.20
    ibm04  0 gm4 gr0   0  fm   13   62  0.000  0.000  1.099   549   549   5.4   2.51
    ibm04  0 rm2 gr0   0  fm   15    2  0.000  0.000  1.100   553   553   5.6   3.58
    ibm04  0 rhg gr0   0  fm   14    2  0.000  0.000  1.099   563   563   4.8   1.51
    ibm04  0 lhm gr0   0  fm   22    2  0.000  0.000  1.100   566   566   6.3   2.21
    ibm04  0 mxm gr0   0  fm   17   25  0.000  0.000  1.097   576   576   5.5   2.41
    ibm04  0 grg gr0   0  fm   19    2  0.000  0.000  1.000   588   588   4.8   1.51
    ibm04  0 rrp gr0   0  fm    9 2509  0.000  0.000  1.034   588   588   5.8   1.53
    ibm04  0 rrm gr0   0  fm   15    2  0.000  0.000  1.099   615   615   5.7   2.60
    ibm04  0 rrg gr0   0  fm   15  233  0.000  0.000  1.099   657   657   4.7   1.41
    ibm04  0 grp gr0   0  fm   11 1539  0.000  0.000  1.096   669   669   6.2   1.76
    ibm04  0 reg gr0   0  fm    8 1036  0.000  0.000  1.100   670   670   4.4   1.54
    ibm04  0 rhp gr0   0  fm   11 1131  0.000  0.000  1.095   694   694   6.0   1.51
    ibm04  0 lhp gr0   0  fm   11 1546  0.000  0.000  1.100   698   698   6.2   2.17
    ibm04  0 mxp gr0   0  fm    8 3122  0.000  0.000  1.095   733   733   5.5   1.39
    ibm04  0 rep gr0   0  fm    8 3508  0.000  0.000  1.098   739   739   5.8   1.60
    ibm04  0 pgp gr0   0  fm    9 2188  0.000  0.000  1.099   749   749   5.8   1.79
    ibm04  0 mxg gr0   0  fm    9  874  0.000  0.000  1.100   907   907   4.6   1.60

    ibm05  0 mxg gr0   0  fm    8  738  0.000  0.000  1.096  1751  1751   3.9   1.20
    ibm05  0 grp gr0   0  fm    9 1334  0.000  0.000  1.096  1778  1778   5.3   1.60
    ibm05  0 lhp gr0   0  fm   10 1269  0.000  0.000  1.025  1803  1803   5.6   1.63
    ibm05  0 rem gr0   0  fm   20   15  0.000  0.000  1.100  1815  1815   6.5   3.20
    ibm05  0 gm4 gr0   0  fm   15   33  0.000  0.000  1.017  1829  1829   6.2   3.79
    ibm05  0 rhm gr0   0  fm   14    2  0.000  0.000  1.097  1838  1838   5.8   3.79
    ibm05  0 gm2 gr0   0  fm   13   46  0.000  0.000  1.017  1842  1842   6.2   3.72
    ibm05  0 mxp gr0   0  fm    7 3244  0.000  0.000  1.049  1847  1847   5.1   1.87
    ibm05  0 gm3 gr0   0  fm   19   11  0.000  0.000  1.098  1848  1848   5.7   2.44
    ibm05  0 pgm gr0   0  fm   22   12  0.000  0.000  1.097  1880  1880   5.9   4.59
    ibm05  0 rm2 gr0   0  fm   14    2  0.000  0.000  1.014  1884  1884   6.0   4.62
    ibm05  0 mxm gr0   0  fm   18    2  0.000  0.000  1.034  1896  1896   6.0   2.73
    ibm05  0 lhm gr0   0  fm   14   46  0.000  0.000  1.096  1897  1897   9.0   3.34
    ibm05  0 grg gr0   0  fm   16   15  0.000  0.000  1.094  1898  1898   5.1   1.67
    ibm05  0 rrm gr0   0  fm   14    2  0.000  0.000  1.025  1905  1905   6.6   4.22
    ibm05  0 reg gr0   0  fm    7  994  0.000  0.000  1.003  1908  1908   4.0   1.77
    ibm05  0 rrp gr0   0  fm    7 3859  0.000  0.000  1.089  2155  2155   5.2   2.58
    ibm05  0 grm gr0   0  fm   19    2  0.000  0.000  1.100  2238  2238   5.6   2.49
    ibm05  0 rhp gr0   0  fm    9 2056  0.000  0.000  1.100  2881  2881   5.7   1.91
    ibm05  0 rep gr0   0  fm    8 3704  0.000  0.000  1.100  2908  2908   5.7   2.40
    ibm05  0 rhg gr0   0  fm   14    2  0.000  0.000  1.100  2916  2916   5.2   1.91
    ibm05  0 rrg gr0   0  fm   10  587  0.000  0.000  1.090  3078  3078   4.1   1.76
    ibm05  0 pgp gr0   0  fm   10 2169  0.000  0.000  1.100  3161  3161   6.1   2.21

    ibm06  0 rm2 gr0   0  fm   15    2  0.000  0.000  1.100   788   788   5.6   4.26
    ibm06  0 reg gr0   0  fm    8  932  0.000  0.000  1.097   801   801   4.5   2.20
    ibm06  0 rhm gr0   0  fm   15    2  0.000  0.000  1.099   816   816   5.3   3.30
    ibm06  0 grm gr0   0  fm   17    2  0.000  0.000  1.100   842   842   5.2   2.30
    ibm06  0 rep gr0   0  fm    9 3184  0.000  0.000  1.099   862   862   6.0   2.57
    ibm06  0 rem gr0   0  fm   19   12  0.000  0.000  1.100   875   875   6.1   3.35
    ibm06  0 mxm gr0   0  fm   14   34  0.000  0.000  1.100   882   882   5.6   3.07
    ibm06  0 pgp gr0   0  fm    9 2336  0.000  0.000  1.096   913   913   5.7   2.01
    ibm06  0 mxp gr0   0  fm    8 3375  0.000  0.000  1.093   923   923   5.5   1.86
    ibm06  0 grp gr0   0  fm   10 1856  0.000  0.000  1.100   929   929   5.9   2.06
    ibm06  0 lhp gr0   0  fm   10 1862  0.000  0.000  1.100   952   952   5.9   2.20
    ibm06  0 rrp gr0   0  fm    9 2982  0.000  0.000  1.100   991   991   5.9   2.34
    ibm06  0 gm3 gr0   0  fm   19    2  0.000  0.000  1.100   996   996   5.1   2.68
    ibm06  0 rhp gr0   0  fm   10 1625  0.000  0.000  1.100  1011  1011   5.8   2.24
    ibm06  0 grg gr0   0  fm   16   20  0.000  0.000  1.100  1074  1074   4.8   1.71
    ibm06  0 lhm gr0   0  fm   25    2  0.000  0.000  1.100  1096  1096   7.2   2.90
    ibm06  0 gm2 gr0   0  fm   16   24  0.000  0.000  1.100  1147  1147   6.1   4.30
    ibm06  0 rrg gr0   0  fm   11  560  0.000  0.000  1.083  1178  1178   4.9   1.18
    ibm06  0 rrm gr0   0  fm   15    2  0.000  0.000  1.100  1225  1225   6.4   4.50
    ibm06  0 mxg gr0   0  fm   10  621  0.000  0.000  1.076  1362  1362   4.6   2.10
    ibm06  0 rhg gr0   0  fm   14    2  0.000  0.000  1.100  1516  1516   4.8   1.63
    ibm06  0 gm4 gr0   0  fm   14   28  0.000  0.000  1.100  1887  1887   6.1   5.72
    ibm06  0 pgm gr0   0  fm   18    2  0.000  0.000  1.096  2334  2334   5.3   2.92

    ibm07  0 rrg gr0   0  fm   11 1263  0.000  0.000  1.096   763   763   4.9   2.48
    ibm07  0 gm4 gr0   0  fm   14   44  0.000  0.000  1.100   766   766   5.5   4.59
    ibm07  0 rrp gr0   0  fm    8 5294  0.000  0.000  1.100   770   770   5.5   3.74
    ibm07  0 mxm gr0   0  fm   19   20  0.000  0.000  1.093   772   772   5.6   4.23
    ibm07  0 lhm gr0   0  fm   14   77  0.000  0.000  1.100   773   773   6.6   5.16
    ibm07  0 rhm gr0   0  fm   15    2  0.000  0.000  1.100   776   776   5.3   5.45
    ibm07  0 lhp gr0   0  fm   10 3110  0.000  0.000  1.089   782   782   5.9   2.83
    ibm07  0 pgm gr0   0  fm   15   71  0.000  0.000  1.100   790   790   5.4   5.65
    ibm07  0 grm gr0   0  fm   14   56  0.000  0.000  1.100   797   797   5.2   3.72
    ibm07  0 grg gr0   0  fm   15   50  0.000  0.000  1.097   805   805   4.9   2.93
    ibm07  0 rep gr0   0  fm    8 5395  0.000  0.000  1.100   810   810   5.6   3.21
    ibm07  0 gm3 gr0   0  fm   16   55  0.000  0.000  1.100   823   823   5.2   4.19
    ibm07  0 gm2 gr0   0  fm   14   48  0.000  0.000  1.100   826   826   5.5   5.47
    ibm07  0 rem gr0   0  fm   15   29  0.000  0.000  1.100   827   827   5.7   4.26
    ibm07  0 rm2 gr0   0  fm   15    2  0.000  0.000  1.100   836   836   5.6   5.92
    ibm07  0 rrm gr0   0  fm   15    2  0.000  0.000  1.098   851   851   5.8   5.19
    ibm07  0 rhg gr0   0  fm   15    2  0.000  0.000  1.002   884   884   4.9   3.21
    ibm07  0 reg gr0   0  fm    7 2726  0.000  0.000  1.099   925   925   4.4   3.28
    ibm07  0 rhp gr0   0  fm   10 2624  0.000  0.000  1.079   939   939   5.8   3.17
    ibm07  0 mxg gr0   0  fm    8 2096  0.000  0.000  1.024  1050  1050   4.5   2.77
    ibm07  0 mxp gr0   0  fm    7 6041  0.000  0.000  1.050  1062  1062   5.2   3.31
    ibm07  0 grp gr0   0  fm    9 3414  0.000  0.000  1.100  1502  1502   5.7   3.35
    ibm07  0 pgp gr0   0  fm    9 3769  0.000  0.000  1.100  1622  1622   5.7   4.06

    ibm08  0 gm2 gr0   0  fm   13   92  0.000  0.000  1.100  1200  1200   5.7   6.29
    ibm08  0 grm gr0   0  fm   12  275  0.000  0.000  1.099  1215  1215   5.0   5.42
    ibm08  0 mxm gr0   0  fm   12  176  0.000  0.000  1.088  1223  1223   5.5   5.37
    ibm08  0 rhm gr0   0  fm   15    2  0.000  0.000  1.088  1239  1239   5.1   7.03
    ibm08  0 rm2 gr0   0  fm   15    2  0.000  0.000  1.098  1241  1241   5.6   8.58
    ibm08  0 pgm gr0   0  fm   11  469  0.000  0.000  1.080  1274  1274   5.2   6.46
    ibm08  0 grg gr0   0  fm   12  201  0.000  0.000  1.074  1345  1345   4.7   3.79
    ibm08  0 rem gr0   0  fm   12  163  0.000  0.000  1.074  1351  1351   5.7   5.83
    ibm08  0 gm3 gr0   0  fm   11  320  0.000  0.000  1.090  1352  1352   5.0   4.70
    ibm08  0 rhp gr0   0  fm    7 7368  0.000  0.000  1.053  1373  1373   5.1   3.40
    ibm08  0 lhm gr0   0  fm   11  517  0.000  0.000  1.100  1462  1462  10.7   6.86
    ibm08  0 rep gr0   0  fm    6 10363  0.000  0.000  1.096  1472  1472   5.0   3.50
    ibm08  0 mxg gr0   0  fm    7 2841  0.000  0.000  1.100  1502  1502   4.1   3.02
    ibm08  0 rhg gr0   0  fm   16    2  0.000  0.000  1.079  1576  1576   4.4   3.03
    ibm08  0 mxp gr0   0  fm    6 10271  0.000  0.000  1.081  1584  1584   4.9   3.37
    ibm08  0 rrg gr0   0  fm   12  813  0.000  0.000  1.093  1651  1651   4.2   2.59
    ibm08  0 pgp gr0   0  fm    7 8428  0.000  0.000  1.100  1700  1700   5.2   5.30
    ibm08  0 reg gr0   0  fm    8 1401  0.000  0.000  1.047  1705  1705   3.9   2.67
    ibm08  0 rrm gr0   0  fm   15    2  0.000  0.000  1.100  1815  1815   6.1   8.22
    ibm08  0 rrp gr0   0  fm    6 9586  0.000  0.000  1.100  1940  1940   4.9   4.89
    ibm08  0 lhp gr0   0  fm    8 6877  0.000  0.000  1.098  2009  2009   5.5   4.90
    ibm08  0 gm4 gr0   0  fm   13   88  0.000  0.000  1.100  2080  2080   5.7   7.67
    ibm08  0 grp gr0   0  fm    8 6797  0.000  0.000  1.098  2158  2158   5.5   4.77

    ibm09  0 gm2 gr0   0  fm   15   57  0.000  0.000  1.011   531   531   5.4   5.35
    ibm09  0 rrm gr0   0  fm   15    2  0.000  0.000  1.013   532   532   5.7   5.29
    ibm09  0 gm4 gr0   0  fm   14   62  0.000  0.000  1.012   533   533   5.4   4.95
    ibm09  0 rm2 gr0   0  fm   16    2  0.000  0.000  1.020   574   574   5.4   7.05
    ibm09  0 grg gr0   0  fm   24    2  0.000  0.000  1.014   583   583   4.4   3.23
    ibm09  0 lhm gr0   0  fm   31    2  0.000  0.000  1.022   594   594   6.8   4.80
    ibm09  0 mxm gr0   0  fm   14   52  0.000  0.000  1.017   601   601   5.4   5.58
    ibm09  0 pgm gr0   0  fm   23   21  0.000  0.000  1.100   612   612   5.1   5.66
    ibm09  0 rhm gr0   0  fm   15    2  0.000  0.000  1.086   616   616   5.0   4.70
    ibm09  0 rhg gr0   0  fm   15    2  0.000  0.000  1.020   639   639   4.5   3.34
    ibm09  0 rem gr0   0  fm   16   32  0.000  0.000  1.030   709   709   5.6   4.70
    ibm09  0 rrg gr0   0  fm   11 1151  0.000  0.000  1.097  1053  1053   4.2   2.91
    ibm09  0 pgp gr0   0  fm    9 5250  0.000  0.000  1.012  1092  1092   5.8   4.39
    ibm09  0 grm gr0   0  fm   26    2  0.000  0.000  1.072  1315  1315   4.9   4.29
    ibm09  0 grp gr0   0  fm   11 2998  0.000  0.000  1.050  1340  1340   6.0   3.92
    ibm09  0 lhp gr0   0  fm   11 3035  0.000  0.000  1.099  1399  1399   6.0   3.89
    ibm09  0 reg gr0   0  fm    7 2558  0.000  0.000  1.058  1431  1431   4.0   2.96
    ibm09  0 rep gr0   0  fm    8 7433  0.000  0.000  1.014  1441  1441   5.8   4.12
    ibm09  0 rhp gr0   0  fm   11 2950  0.000  0.000  1.098  1491  1491   6.1   5.04
    ibm09  0 mxg gr0   0  fm    9 1638  0.000  0.000  1.099  1512  1512   4.2   3.59
    ibm09  0 rrp gr0   0  fm    8 6152  0.000  0.000  1.098  1842  1842   5.5   4.33
    ibm09  0 mxp gr0   0  fm    7 8275  0.000  0.000  1.093  1864  1864   5.3   5.27
    ibm09  0 gm3 gr0   0  fm   30    2  0.000  0.000  1.098  1984  1984   4.9   3.16

    ibm10  0 rm2 gr0   0  fm   16    2  0.000  0.000  1.099   901   901   5.7  12.46
    ibm10  0 gm2 gr0   0  fm   12  291  0.000  0.000  1.100  1121  1121   5.6   8.47
    ibm10  0 rhp gr0   0  fm    9 5333  0.000  0.000  1.076  1394  1394   5.6   5.54
    ibm10  0 rhm gr0   0  fm   16    2  0.000  0.000  1.100  1458  1458   5.4   8.18
    ibm10  0 grp gr0   0  fm    9 5670  0.000  0.000  1.100  1480  1480   5.6   6.05
    ibm10  0 mxm gr0   0  fm   12  232  0.000  0.000  1.100  1514  1514   5.6   9.33
    ibm10  0 mxp gr0   0  fm    7 11509  0.000  0.000  1.092  1524  1524   5.3   5.02
    ibm10  0 pgm gr0   0  fm   39    2  0.000  0.000  1.100  1683  1683   5.5   9.07
    ibm10  0 rep gr0   0  fm    7 10100  0.000  0.000  1.087  1779  1779   5.3   5.63
    ibm10  0 rrm gr0   0  fm   16    2  0.000  0.000  1.009  1781  1781   6.1   8.78
    ibm10  0 rem gr0   0  fm   13  191  0.000  0.000  1.099  1821  1821   6.0   8.02
    ibm10  0 rhg gr0   0  fm   16    2  0.000  0.000  1.002  1859  1859   4.8   4.97
    ibm10  0 gm4 gr0   0  fm   12  286  0.000  0.000  1.089  2002  2002   5.7   8.89
    ibm10  0 lhm gr0   0  fm   14  204  0.000  0.000  1.100  2043  2043   7.6   9.53
    ibm10  0 rrp gr0   0  fm    8 8338  0.000  0.000  1.001  2091  2091   5.4   5.81
    ibm10  0 grg gr0   0  fm   16  122  0.000  0.000  1.100  2180  2180   5.0   3.85
    ibm10  0 mxg gr0   0  fm    8 3617  0.000  0.000  1.063  2185  2185   4.3   4.07
    ibm10  0 grm gr0   0  fm   16  105  0.000  0.000  1.097  2630  2630   5.2   5.36
    ibm10  0 reg gr0   0  fm    7 3401  0.000  0.000  1.099  2700  2700   4.0   4.68
    ibm10  0 gm3 gr0   0  fm   15  142  0.000  0.000  1.098  2835  2835   5.3   5.25
    ibm10  0 rrg gr0   0  fm   10 1821  0.000  0.000  1.100  2888  2888   4.1   8.38
    ibm10  0 lhp gr0   0  fm    9 5655  0.000  0.000  1.100  2975  2975   5.7   6.97
    ibm10  0 pgp gr0   0  fm    8 8204  0.000  0.000  1.100  3705  3705   5.5   4.32

    ibm11  0 lhm gr0   0  fm   17   57  0.000  0.000  1.100   735   735   5.8   6.83
    ibm11  0 rem gr0   0  fm   15   50  0.000  0.000  1.031   801   801   5.7   6.97
    ibm11  0 rhm gr0   0  fm   16    2  0.000  0.000  1.100   823   823   5.1   6.99
    ibm11  0 rm2 gr0   0  fm   16    2  0.000  0.000  1.045   854   854   5.5   9.41
    ibm11  0 gm3 gr0   0  fm   17   63  0.000  0.000  1.100   859   859   5.0   6.12
    ibm11  0 rhg gr0   0  fm   16    2  0.000  0.000  1.100   859   859   4.6   5.17
    ibm11  0 gm4 gr0   0  fm   15   79  0.000  0.000  1.024   860   860   5.5   7.57
    ibm11  0 gm2 gr0   0  fm   15   74  0.000  0.000  1.100   861   861   5.4   7.93
    ibm11  0 rrm gr0   0  fm   16    2  0.000  0.000  1.052   865   865   5.8   8.38
    ibm11  0 reg gr0   0  fm    9 2253  0.000  0.000  1.100   877   877   4.4   4.46
    ibm11  0 rep gr0   0  fm    8 9311  0.000  0.000  1.094   893   893   5.8   5.76
    ibm11  0 rrg gr0   0  fm   13  672  0.000  0.000  1.000   929   929   4.4   4.11
    ibm11  0 grg gr0   0  fm   17   57  0.000  0.000  1.100   946   946   4.6   5.27
    ibm11  0 pgm gr0   0  fm   17   72  0.000  0.000  1.096   967   967   5.2   7.74
    ibm11  0 lhp gr0   0  fm   11 4108  0.000  0.000  1.072  1011  1011   6.1   5.60
    ibm11  0 rrp gr0   0  fm    9 6918  0.000  0.000  1.100  1171  1171   5.8   5.58
    ibm11  0 pgp gr0   0  fm    9 6601  0.000  0.000  1.068  1352  1352   5.9   5.89
    ibm11  0 mxg gr0   0  fm    9 2526  0.000  0.000  1.091  1406  1406   4.5   3.95
    ibm11  0 mxm gr0   0  fm   15   47  0.000  0.000  1.020  1426  1426   5.5   7.31
    ibm11  0 grm gr0   0  fm   17   40  0.000  0.000  1.100  1426  1426   5.0   6.62
    ibm11  0 grp gr0   0  fm   11 4098  0.000  0.000  1.099  1494  1494   6.1   6.16
    ibm11  0 rhp gr0   0  fm   10 3928  0.000  0.000  1.091  1574  1574   5.9   5.51
    ibm11  0 mxp gr0   0  fm    7 10278  0.000  0.000  1.055  2109  2109   5.3   6.39

    ibm12  0 rem gr0   0  fm   11  434  0.000  0.000  1.086  2037  2037   6.3   9.41
    ibm12  0 rm2 gr0   0  fm   12  247  0.000  0.000  1.100  2097  2097   6.1  15.26
    ibm12  0 lhm gr0   0  fm   11  496  0.000  0.000  1.099  2160  2160   7.9   9.38
    ibm12  0 gm3 gr0   0  fm   12  381  0.000  0.000  1.098  2173  2173   5.5   8.44
    ibm12  0 rhm gr0   0  fm   12  243  0.000  0.000  1.098  2184  2184   5.8   9.46
    ibm12  0 grm gr0   0  fm   12  366  0.000  0.000  1.085  2239  2239   5.6   8.49
    ibm12  0 rrm gr0   0  fm   12  249  0.000  0.000  1.030  2264  2264   6.5  12.35
    ibm12  0 mxm gr0   0  fm   11  433  0.000  0.000  1.009  2319  2319   6.0   9.73
    ibm12  0 rhp gr0   0  fm    9 5496  0.000  0.000  1.093  2385  2385   5.9   7.15
    ibm12  0 rep gr0   0  fm    7 11215  0.000  0.000  1.098  2404  2404   5.6   6.91
    ibm12  0 lhp gr0   0  fm    9 5400  0.000  0.000  1.087  2430  2430   5.9   6.52
    ibm12  0 rrg gr0   0  fm   10 2500  0.000  0.000  1.075  2578  2578   4.7   4.17
    ibm12  0 grp gr0   0  fm    9 5324  0.000  0.000  1.100  2659  2659   5.9   7.70
    ibm12  0 gm2 gr0   0  fm   11  536  0.000  0.000  1.089  2740  2740   6.0   9.54
    ibm12  0 pgp gr0   0  fm    8 9099  0.000  0.000  1.076  2761  2761   5.8   6.74
    ibm12  0 pgm gr0   0  fm   12  411  0.000  0.000  1.084  3119  3119   5.8  11.58
    ibm12  0 grg gr0   0  fm   11  451  0.000  0.000  1.097  3128  3128   5.1   8.78
    ibm12  0 rhg gr0   0  fm   12  281  0.000  0.000  1.100  3408  3408   5.1   5.88
    ibm12  0 mxp gr0   0  fm    6 13514  0.000  0.000  1.067  3577  3577   5.0   5.25
    ibm12  0 reg gr0   0  fm    7 4650  0.000  0.000  1.100  3650  3650   4.3   7.26
    ibm12  0 mxg gr0   0  fm    8 3710  0.000  0.000  1.093  3954  3954   4.4   4.90
    ibm12  0 gm4 gr0   0  fm   11  550  0.000  0.000  1.052  4138  4138   6.0   7.85
    ibm12  0 rrp gr0   0  fm    8 9187  0.000  0.000  1.099  4913  4913   5.7   5.25

    ibm13  0 pgp gr0   0  fm    9 8256  0.000  0.000  1.065   917   917   5.9   7.29
    ibm13  0 pgm gr0   0  fm   16  100  0.000  0.000  1.096  1053  1053   5.4  10.36
    ibm13  0 lhm gr0   0  fm   14  206  0.000  0.000  1.058  1062  1062   6.6  10.72
    ibm13  0 rhm gr0   0  fm   16    2  0.000  0.000  1.100  1109  1109   5.2   9.89
    ibm13  0 rhp gr0   0  fm   10 5584  0.000  0.000  1.096  1131  1131   6.0   7.22
    ibm13  0 rhg gr0   0  fm   16    2  0.000  0.000  1.100  1135  1135   4.8   6.98
    ibm13  0 grp gr0   0  fm   10 6474  0.000  0.000  1.095  1206  1206   6.1   7.48
    ibm13  0 rm2 gr0   0  fm   16    2  0.000  0.000  1.099  1259  1259   5.8  16.06
    ibm13  0 rrp gr0   0  fm    8 9723  0.000  0.000  1.073  1298  1298   5.6   6.95
    ibm13  0 mxp gr0   0  fm    7 12608  0.000  0.000  1.021  1348  1348   5.3   7.04
    ibm13  0 grg gr0   0  fm   14  162  0.000  0.000  1.100  1428  1428   4.9   6.85
    ibm13  0 lhp gr0   0  fm   10 6788  0.000  0.000  1.100  1535  1535   6.1   8.41
    ibm13  0 mxg gr0   0  fm    9 2679  0.000  0.000  1.096  1543  1543   4.5   5.46
    ibm13  0 rep gr0   0  fm    7 13009  0.000  0.000  1.061  1569  1569   5.5   8.41
    ibm13  0 rem gr0   0  fm   14   65  0.000  0.000  1.100  1572  1572   5.9  12.36
    ibm13  0 mxm gr0   0  fm   15   58  0.000  0.000  1.100  1644  1644   5.7  10.84
    ibm13  0 grm gr0   0  fm   15  114  0.000  0.000  1.100  1894  1894   5.2   9.09
    ibm13  0 rrm gr0   0  fm   16    2  0.000  0.000  1.100  1970  1970   6.0  12.35
    ibm13  0 gm2 gr0   0  fm   14   93  0.000  0.000  1.100  1974  1974   5.7   9.57
    ibm13  0 reg gr0   0  fm    8 2329  0.000  0.000  1.100  2213  2213   4.3   6.02
    ibm13  0 gm3 gr0   0  fm   14  178  0.000  0.000  1.099  2829  2829   5.2   6.78
    ibm13  0 rrg gr0   0  fm   14  627  0.000  0.000  1.100  3118  3118   4.4   4.75
    ibm13  0 gm4 gr0   0  fm   14   99  0.000  0.000  1.100  3373  3373   5.7   9.05

    ibm14  2 rhm gr0   0  fm   20    2  0.000  0.000  1.095  1687  1687   5.4  20.89
    ibm14  2 rhg gr0   0  fm   27    2  0.000  0.000  1.089  1714  1714   5.0  12.08
    ibm14  2 rm2 gr0   0  fm   22    2  0.000  0.000  1.099  1720  1720   5.8  27.85
    ibm14  2 rem gr0   0  fm   14  168  0.000  0.000  1.091  1730  1730   6.0  18.95
    ibm14  2 lhm gr0   0  fm   14  294  0.000  0.000  1.098  1781  1781   6.4  19.58
    ibm14  2 rrm gr0   0  fm   24    2  0.000  0.000  1.100  1971  1971   6.1  24.74
    ibm14  2 gm4 gr0   0  fm   14  203  0.000  0.000  1.095  2033  2033   5.6  21.19
    ibm14  2 gm2 gr0   0  fm   14  203  0.000  0.000  1.074  2035  2035   5.6  18.60
    ibm14  2 mxm gr0   0  fm   14  214  0.000  0.000  1.100  2370  2370   5.8  20.09
    ibm14  2 grm gr0   0  fm   15  168  0.000  0.000  1.100  2449  2449   5.3  18.06
    ibm14  2 rrg gr0   0  fm   13 2108  0.000  0.000  1.080  2501  2501   5.1  10.43
    ibm14  2 mxg gr0   0  fm    8 7081  0.000  0.000  1.071  2529  2529   4.6  10.28
    ibm14  2 rep gr0   0  fm    8 16823  0.000  0.000  1.100  2593  2593   5.6  14.59
    ibm14  2 rhp gr0   0  fm   10 7894  0.000  0.000  1.076  2641  2641   5.8  14.28
    ibm14  2 gm3 gr0   0  fm   15  207  0.000  0.000  1.084  2676  2676   5.3  15.51
    ibm14  2 grg gr0   0  fm   14  229  0.000  0.000  1.100  2705  2705   5.0  13.53
    ibm14  2 pgp gr0   0  fm    8 13993  0.000  0.000  1.008  2728  2728   5.4  14.62
    ibm14  2 pgm gr0   0  fm   14  293  0.000  0.000  1.098  2804  2804   5.5  21.61
    ibm14  2 rrp gr0   0  fm    8 14487  0.000  0.000  1.100  2865  2865   5.5  16.77
    ibm14  2 reg gr0   0  fm    8 5471  0.000  0.000  1.094  3039  3039   4.5  11.98
    ibm14  2 lhp gr0   0  fm   10 9687  0.000  0.000  1.093  3432  3432   5.9  15.56
    ibm14  2 mxp gr0   0  fm    7 19097  0.000  0.000  1.087  3859  3859   5.2  15.05
    ibm14  2 grp gr0   0  fm   10 9787  0.000  0.000  1.099  4214  4214   5.9  17.54

    ibm15  2 rm2 gr0   0  fm   17    2  0.000  0.000  1.056  2427  2427   5.9  36.20
    ibm15  2 rem gr0   0  fm   15   78  0.000  0.000  1.068  2864  2864   6.3  27.01
    ibm15  2 rrm gr0   0  fm   17    2  0.000  0.000  1.100  2865  2865   6.5  33.43
    ibm15  2 grm gr0   0  fm   15  212  0.000  0.000  1.083  3156  3156   5.4  25.55
    ibm15  2 lhm gr0   0  fm   13  443  0.000  0.000  1.058  3372  3372   7.6  26.10
    ibm15  2 rhm gr0   0  fm   17    2  0.000  0.000  1.062  3397  3397   5.5  29.33
    ibm15  2 mxm gr0   0  fm   15   86  0.000  0.000  1.100  3413  3413   5.9  27.73
    ibm15  2 gm2 gr0   0  fm   14  167  0.000  0.000  1.097  3455  3455   6.0  28.33
    ibm15  2 lhp gr0   0  fm   10 13691  0.000  0.000  1.099  3911  3911   6.3  21.24
    ibm15  2 mxg gr0   0  fm    9 4300  0.000  0.000  1.090  4085  4085   4.3  12.71
    ibm15  2 reg gr0   0  fm    8 3890  0.000  0.000  1.093  4482  4482   4.1  14.26
    ibm15  2 pgp gr0   0  fm    8 19547  0.000  0.000  1.039  4490  4490   5.7  19.57
    ibm15  2 rhp gr0   0  fm    9 13431  0.000  0.000  1.088  4538  4538   5.9  18.75
    ibm15  2 rep gr0   0  fm    7 26369  0.000  0.000  1.055  4794  4794   5.6  20.95
    ibm15  2 mxp gr0   0  fm    7 25672  0.000  0.000  1.067  5098  5098   5.3  17.64
    ibm15  2 rrp gr0   0  fm    7 22469  0.000  0.000  1.084  5134  5134   5.3  19.96
    ibm15  2 rrg gr0   0  fm   13 1110  0.000  0.000  1.016  5517  5517   4.2  12.78
    ibm15  2 pgm gr0   0  fm   14  307  0.000  0.000  1.099  6300  6300   5.7  22.14
    ibm15  2 rhg gr0   0  fm   16    2  0.000  0.000  1.095  6302  6302   4.8  10.03
    ibm15  2 gm4 gr0   0  fm   14  161  0.000  0.000  1.098  6589  6589   6.0  25.86
    ibm15  2 grg gr0   0  fm   13  398  0.000  0.000  1.089  7995  7995   5.0  10.98
    ibm15  2 gm3 gr0   0  fm   14  281  0.000  0.000  1.098  8856  8856   5.4  17.28
    ibm15  2 grp gr0   0  fm   10 13542  0.000  0.000  1.099 11275 11275   6.3  13.81

    ibm16  2 gm2 gr0   0  fm   13  307  0.000  0.000  1.075  2135  2135   6.0  28.06
    ibm16  2 gm3 gr0   0  fm   16  167  0.000  0.000  1.093  2191  2191   5.3  22.18
    ibm16  2 rrm gr0   0  fm   19    2  0.000  0.000  1.073  2215  2215   6.5  38.23
    ibm16  2 rem gr0   0  fm   14  233  0.000  0.000  1.098  2250  2250   6.3  28.67
    ibm16  2 pgm gr0   0  fm   16  209  0.000  0.000  1.091  2386  2386   5.5  28.86
    ibm16  2 rrg gr0   0  fm   11 2714  0.000  0.000  1.071  2535  2535   4.3  14.28
    ibm16  2 rhm gr0   0  fm   17    2  0.000  0.000  1.100  2647  2647   5.4  29.21
    ibm16  2 rm2 gr0   0  fm   18    2  0.000  0.000  1.078  2712  2712   6.1  45.56
    ibm16  2 rhg gr0   0  fm   18    2  0.000  0.000  1.072  2837  2837   4.9  16.78
    ibm16  2 gm4 gr0   0  fm   13  291  0.000  0.000  1.100  2877  2877   6.0  28.72
    ibm16  2 grm gr0   0  fm   16  138  0.000  0.000  1.100  2916  2916   5.3  23.91
    ibm16  2 mxm gr0   0  fm   14  194  0.000  0.000  1.099  2919  2919   6.0  26.63
    ibm16  2 mxg gr0   0  fm    9 5111  0.000  0.000  1.079  3189  3189   4.4  14.01
    ibm16  2 lhm gr0   0  fm   16  248  0.000  0.000  1.100  3265  3265   7.8  31.13
    ibm16  2 rhp gr0   0  fm    9 13893  0.000  0.000  1.036  3290  3290   5.7  18.60
    ibm16  2 rrp gr0   0  fm    7 24396  0.000  0.000  1.065  3345  3345   5.2  18.46
    ibm16  2 reg gr0   0  fm    8 5821  0.000  0.000  1.100  3464  3464   4.2  16.18
    ibm16  2 grg gr0   0  fm   15  202  0.000  0.000  1.100  3611  3611   4.9  20.76
    ibm16  2 pgp gr0   0  fm    8 20784  0.000  0.000  1.070  4113  4113   5.6  22.57
    ibm16  2 grp gr0   0  fm    9 15357  0.000  0.000  1.012  5005  5005   5.7  19.59
    ibm16  2 rep gr0   0  fm    8 24612  0.000  0.000  1.100  5131  5131   5.8  35.08
    ibm16  2 mxp gr0   0  fm    7 25174  0.000  0.000  1.007  6290  6290   5.2  18.16
    ibm16  2 lhp gr0   0  fm    9 15134  0.000  0.000  1.100 10710 10710   5.7  12.37

    ibm17  2 gm4 gr0   0  fm   13  421  0.000  0.000  1.062  2392  2392   6.4  32.46
    ibm17  2 rem gr0   0  fm   14  255  0.000  0.000  1.100  2403  2403   7.0  40.91
    ibm17  2 gm2 gr0   0  fm   13  428  0.000  0.000  1.007  2434  2434   6.4  34.53
    ibm17  2 rm2 gr0   0  fm   19    2  0.000  0.000  1.099  2637  2637   6.6  83.19
    ibm17  2 mxm gr0   0  fm   15  225  0.000  0.000  1.100  2640  2640   6.6  56.16
    ibm17  2 rhg gr0   0  fm   22   13  0.000  0.000  1.100  2790  2790   5.3  21.60
    ibm17  2 pgm gr0   0  fm   11 1422  0.000  0.000  1.100  2904  2904   5.9  45.67
    ibm17  2 rhm gr0   0  fm   21    2  0.000  0.000  1.066  2973  2973   6.1  44.67
    ibm17  2 grg gr0   0  fm   11 1125  0.000  0.000  1.065  3057  3057   5.2  17.61
    ibm17  2 lhp gr0   0  fm    9 18212  0.000  0.000  1.100  3091  3091   6.2  24.20
    ibm17  2 gm3 gr0   0  fm   12  749  0.000  0.000  1.049  3272  3272   5.8  32.47
    ibm17  2 lhm gr0   0  fm   11 1546  0.000  0.000  1.099  3317  3317   8.7  43.14
    ibm17  2 grm gr0   0  fm   12  695  0.000  0.000  1.085  3445  3445   5.8  32.91
    ibm17  2 rrm gr0   0  fm   20    2  0.000  0.000  1.049  3661  3661   7.0  42.25
    ibm17  2 rep gr0   0  fm    7 31662  0.000  0.000  1.077  4062  4062   5.7  25.44
    ibm17  2 grp gr0   0  fm    9 17527  0.000  0.000  1.100  4189  4189   6.1  26.94
    ibm17  2 reg gr0   0  fm    7 7002  0.000  0.000  1.096  4283  4283   4.2  16.93
    ibm17  2 mxg gr0   0  fm    8 7076  0.000  0.000  1.082  4419  4419   4.3  13.86
    ibm17  2 rhp gr0   0  fm    9 18079  0.000  0.000  1.100  4535  4535   6.1  27.08
    ibm17  2 rrp gr0   0  fm    7 27599  0.000  0.000  1.100  5166  5166   5.5  27.99
    ibm17  2 pgp gr0   0  fm    7 26910  0.000  0.000  1.099  5404  5404   5.5  27.08
    ibm17  2 rrg gr0   0  fm   10 3778  0.000  0.000  1.100  5873  5873   4.5  18.47
    ibm17  2 mxp gr0   0  fm    6 35749  0.000  0.000  1.100  6518  6518   5.0  26.62

    ibm18  2 mxm gr0   0  fm   12  815  0.000  0.000  1.100  1615  1615   5.6  28.11
    ibm18  2 rm2 gr0   0  fm   19    2  0.000  0.000  1.100  1669  1669   5.8  50.97
    ibm18  2 rhm gr0   0  fm   17    2  0.000  0.000  1.100  1671  1671   5.3  35.56
    ibm18  2 grg gr0   0  fm   13  494  0.000  0.000  1.100  1680  1680   4.8  18.36
    ibm18  2 lhm gr0   0  fm   11 1825  0.000  0.000  1.100  2252  2252   8.4  37.97
    ibm18  2 rem gr0   0  fm   12  665  0.000  0.000  1.100  2313  2313   5.9  28.46
    ibm18  2 gm3 gr0   0  fm   12  957  0.000  0.000  1.059  2314  2314   5.1  24.54
    ibm18  2 rrm gr0   0  fm   17    2  0.000  0.000  1.096  2395  2395   6.1  30.08
    ibm18  2 gm2 gr0   0  fm   13  363  0.000  0.000  1.097  2511  2511   5.7  33.99
    ibm18  2 rhp gr0   0  fm    8 25073  0.000  0.000  1.100  2578  2578   5.5  21.41
    ibm18  2 gm4 gr0   0  fm   13  391  0.000  0.000  1.080  2596  2596   5.7  28.90
    ibm18  2 mxg gr0   0  fm   10 3724  0.000  0.000  1.062  2640  2640   4.3  14.05
    ibm18  2 pgp gr0   0  fm    7 31623  0.000  0.000  1.100  2766  2766   5.2  33.98
    ibm18  2 lhp gr0   0  fm    8 24698  0.000  0.000  1.086  2775  2775   5.5  20.41
    ibm18  2 rhg gr0   0  fm   24    2  0.000  0.000  1.098  2808  2808   4.8  20.31
    ibm18  2 rrg gr0   0  fm   12 2405  0.000  0.000  1.034  2923  2923   4.2  13.92
    ibm18  2 mxp gr0   0  fm    6 38188  0.000  0.000  1.099  2994  2994   4.8  33.69
    ibm18  2 pgm gr0   0  fm   11 1562  0.000  0.000  1.008  3012  3012   5.2  32.83
    ibm18  2 grm gr0   0  fm   12  851  0.000  0.000  1.095  3034  3034   5.1  27.88
    ibm18  2 rep gr0   0  fm    7 36609  0.000  0.000  1.100  3179  3179   5.4  38.62
    ibm18  2 reg gr0   0  fm    8 5663  0.000  0.000  1.095  3207  3207   4.0  24.49
    ibm18  2 grp gr0   0  fm    8 24701  0.000  0.000  1.100  3333  3333   5.5  30.79
    ibm18  2 rrp gr0   0  fm    7 32690  0.000  0.000  1.100  3526  3526   5.2  27.86
