      347.3316034748701
      112.4656593259968
     -112.4656593259968
      97.25783480257435
      67.82280221246478
      16.31181318794106
      40.04375254834807
     -19.74587911975123
      19.74587911975122
      97.25783480257435
     -16.31181318794107
     -67.82280221246477
     -103.6350223267481
      16.31181318794106
     -16.31181318794107
     -119.6403133992525
      19.74587911975122
      112.4656593259968
     -123.3503765031138
     -67.82280221246474
      67.82280221246474
     -119.6403133992525
     -112.4656593259968
     -19.74587911975122
      112.4656593259968
      347.3316034748701
     -112.4656593259968
      67.82280221246477
      97.25783480257437
      16.31181318794107
      19.74587911975123
     -119.6403133992525
      112.4656593259968
      16.31181318794107
      -103.635022326748
     -16.31181318794107
     -16.31181318794108
      97.25783480257435
     -67.82280221246477
     -19.74587911975122
      40.04375254834807
      19.74587911975123
     -67.82280221246475
     -123.3503765031138
      67.82280221246475
     -112.4656593259968
     -119.6403133992525
     -19.74587911975123
     -112.4656593259968
     -112.4656593259968
      347.3316034748701
     -16.31181318794107
     -16.31181318794107
      -103.635022326748
     -19.74587911975123
      112.4656593259968
     -119.6403133992525
     -67.82280221246477
      16.31181318794107
      97.25783480257437
      16.31181318794108
     -67.82280221246477
      97.25783480257435
      112.4656593259968
     -19.74587911975123
     -119.6403133992525
      67.82280221246475
      67.82280221246475
     -123.3503765031138
      19.74587911975123
      19.74587911975123
      40.04375254834807
      97.25783480257435
      67.82280221246477
     -16.31181318794107
      694.6632069497401
      224.9313186519935
                      0
      194.5156696051488
     -32.62362637588215
    1.4210854715202e-14
      40.04375254834807
     -19.74587911975123
     -19.74587911975123
     -119.6403133992525
      19.74587911975123
     -112.4656593259968
     -207.2700446534961
      32.62362637588214
 -3.552713678800501e-15
      -239.280626798505
     -224.9313186519935
                      0
     -123.3503765031138
     -67.82280221246475
     -67.82280221246475
      97.25783480257435
      67.82280221246478
      16.31181318794108
      40.04375254834807
     -19.74587911975123
      19.74587911975122
     -119.6403133992525
      19.74587911975122
      112.4656593259968
     -123.3503765031138
     -67.82280221246475
      67.82280221246475
      67.82280221246478
      97.25783480257437
     -16.31181318794107
      224.9313186519935
      694.6632069497401
                      0
      32.62362637588214
      -207.270044653496
  3.552713678800501e-15
      19.74587911975123
     -119.6403133992525
     -112.4656593259968
     -19.74587911975123
      40.04375254834807
     -19.74587911975123
     -32.62362637588214
      194.5156696051487
   -1.4210854715202e-14
     -224.9313186519935
      -239.280626798505
                      0
     -67.82280221246475
     -123.3503765031138
     -67.82280221246475
      67.82280221246477
      97.25783480257437
      16.31181318794107
      19.74587911975123
     -119.6403133992525
      112.4656593259968
     -19.74587911975123
      40.04375254834807
      19.74587911975123
     -67.82280221246475
     -123.3503765031138
      67.82280221246475
      16.31181318794106
      16.31181318794107
      -103.635022326748
                      0
                      0
      694.6632069497401
    1.4210854715202e-14
                      0
      194.5156696051487
      19.74587911975123
     -112.4656593259968
     -119.6403133992525
     -112.4656593259968
      19.74587911975123
     -119.6403133992525
                      0
                      0
      194.5156696051487
                      0
                      0
      80.08750509669613
     -67.82280221246475
     -67.82280221246475
     -123.3503765031138
     -16.31181318794107
     -16.31181318794107
      -103.635022326748
     -19.74587911975122
      112.4656593259968
     -119.6403133992525
      112.4656593259968
     -19.74587911975123
     -119.6403133992525
      67.82280221246475
      67.82280221246475
     -123.3503765031138
      40.04375254834807
      19.74587911975123
     -19.74587911975123
      194.5156696051488
      32.62362637588214
    1.4210854715202e-14
       1389.32641389948
                      0
                      0
      194.5156696051487
    1.4210854715202e-14
     -32.62362637588215
     -123.3503765031138
      67.82280221246475
     -67.82280221246475
     -239.2806267985051
      224.9313186519935
 -7.105427357601002e-15
     -414.5400893069923
  7.105427357601002e-15
 -7.105427357601002e-15
      -239.280626798505
  3.552713678800501e-15
     -224.9313186519935
      40.04375254834807
      19.74587911975123
      19.74587911975123
      194.5156696051487
    1.4210854715202e-14
      32.62362637588215
     -123.3503765031138
      67.82280221246475
      67.82280221246475
      -239.280626798505
                      0
      224.9313186519935
      194.5156696051487
     -32.62362637588215
    1.4210854715202e-14
      40.04375254834807
     -19.74587911975123
     -19.74587911975123
      -239.280626798505
     -224.9313186519935
                      0
     -123.3503765031138
     -67.82280221246475
     -67.82280221246475
      40.04375254834807
     -19.74587911975123
      19.74587911975122
     -123.3503765031138
     -67.82280221246475
      67.82280221246475
     -19.74587911975123
     -119.6403133992525
      112.4656593259968
     -32.62362637588215
      -207.270044653496
                      0
                      0
       1389.32641389948
                      0
    1.4210854715202e-14
      194.5156696051487
   1.06581410364015e-14
      67.82280221246477
     -123.3503765031138
      67.82280221246475
      224.9313186519935
     -239.2806267985051
                      0
  2.486899575160351e-14
      389.0313392102973
                      0
 -3.552713678800501e-15
      80.08750509669613
  3.552713678800501e-15
     -19.74587911975123
     -119.6403133992525
     -112.4656593259968
    1.4210854715202e-14
      194.5156696051487
  7.105427357601002e-15
      67.82280221246475
     -123.3503765031138
     -67.82280221246475
  3.552713678800501e-15
      80.08750509669615
 -3.552713678800501e-15
      32.62362637588214
      -207.270044653496
                      0
      19.74587911975123
     -119.6403133992525
     -112.4656593259968
     -224.9313186519935
      -239.280626798505
  3.552713678800501e-15
     -67.82280221246475
     -123.3503765031138
     -67.82280221246475
      19.74587911975123
     -119.6403133992525
      112.4656593259968
     -67.82280221246475
     -123.3503765031138
      67.82280221246475
      19.74587911975122
      112.4656593259968
     -119.6403133992525
    1.4210854715202e-14
  3.552713678800501e-15
      194.5156696051487
                      0
                      0
       1389.32641389948
      32.62362637588214
   1.06581410364015e-14
     -207.2700446534961
     -67.82280221246475
      67.82280221246475
     -123.3503765031138
 -3.552713678800501e-15
                      0
      80.08750509669612
  3.552713678800501e-15
                      0
      389.0313392102973
     -224.9313186519935
  7.105427357601002e-15
     -239.2806267985051
     -19.74587911975123
     -112.4656593259968
     -119.6403133992525
     -32.62362637588215
   1.06581410364015e-14
     -207.2700446534961
      67.82280221246475
     -67.82280221246475
     -123.3503765031138
      224.9313186519935
  3.552713678800501e-15
     -239.2806267985051
                      0
                      0
      194.5156696051487
      19.74587911975123
     -112.4656593259968
     -119.6403133992525
                      0
                      0
      80.08750509669613
     -67.82280221246475
     -67.82280221246475
     -123.3503765031138
     -19.74587911975122
      112.4656593259968
     -119.6403133992525
      67.82280221246475
      67.82280221246475
     -123.3503765031138
      97.25783480257435
      16.31181318794107
     -67.82280221246477
      40.04375254834807
      19.74587911975123
      19.74587911975123
      194.5156696051487
    1.4210854715202e-14
      32.62362637588214
      694.6632069497401
                      0
     -224.9313186519935
     -119.6403133992525
      112.4656593259968
     -19.74587911975122
     -123.3503765031138
      67.82280221246475
      67.82280221246475
      -239.280626798505
                      0
      224.9313186519935
     -207.2700446534961
 -7.105427357601002e-15
     -32.62362637588214
      40.04375254834807
     -19.74587911975123
      19.74587911975123
      97.25783480257435
     -16.31181318794107
     -67.82280221246475
     -123.3503765031138
     -67.82280221246475
      67.82280221246475
     -119.6403133992525
     -112.4656593259968
     -19.74587911975123
     -16.31181318794107
      -103.635022326748
      16.31181318794107
     -19.74587911975123
     -119.6403133992525
     -112.4656593259968
    1.4210854715202e-14
      194.5156696051487
   1.06581410364015e-14
                      0
      694.6632069497401
   -1.4210854715202e-14
      112.4656593259968
     -119.6403133992525
      19.74587911975123
      67.82280221246475
     -123.3503765031138
     -67.82280221246475
  7.105427357601002e-15
      80.08750509669615
 -3.552713678800501e-15
   1.77635683940025e-14
      194.5156696051487
                      0
      19.74587911975123
     -119.6403133992525
      112.4656593259968
      16.31181318794107
      -103.635022326748
     -16.31181318794107
     -67.82280221246475
     -123.3503765031138
      67.82280221246475
     -112.4656593259968
     -119.6403133992525
     -19.74587911975123
     -67.82280221246477
     -16.31181318794107
      97.25783480257437
     -19.74587911975123
     -112.4656593259968
     -119.6403133992525
     -32.62362637588215
   1.06581410364015e-14
     -207.2700446534961
     -224.9313186519935
   -1.4210854715202e-14
      694.6632069497401
      19.74587911975122
     -19.74587911975123
      40.04375254834807
      67.82280221246475
     -67.82280221246475
     -123.3503765031138
      224.9313186519935
  3.552713678800501e-15
      -239.280626798505
      32.62362637588216
                      0
      194.5156696051487
     -19.74587911975122
      112.4656593259968
     -119.6403133992525
     -67.82280221246478
      16.31181318794107
      97.25783480257437
      67.82280221246475
      67.82280221246475
     -123.3503765031138
      19.74587911975123
      19.74587911975123
      40.04375254834807
     -103.6350223267481
     -16.31181318794108
      16.31181318794108
     -119.6403133992525
     -19.74587911975123
     -112.4656593259968
     -123.3503765031138
      67.82280221246477
     -67.82280221246475
     -119.6403133992525
      112.4656593259968
      19.74587911975122
      694.6632069497401
   -1.4210854715202e-14
    1.4210854715202e-14
      194.5156696051487
    1.4210854715202e-14
  -1.77635683940025e-14
      80.08750509669615
  3.552713678800501e-15
                      0
      194.5156696051487
    1.4210854715202e-14
                      0
     -103.6350223267481
      16.31181318794106
     -16.31181318794107
     -119.6403133992525
      19.74587911975123
      112.4656593259968
     -123.3503765031138
     -67.82280221246475
      67.82280221246474
     -119.6403133992525
     -112.4656593259968
     -19.74587911975122
      16.31181318794106
      97.25783480257435
     -67.82280221246477
      19.74587911975123
      40.04375254834807
      19.74587911975123
      67.82280221246475
     -123.3503765031138
      67.82280221246475
      112.4656593259968
     -119.6403133992525
     -19.74587911975123
   -1.4210854715202e-14
      694.6632069497401
     -224.9313186519935
    1.4210854715202e-14
      194.5156696051487
      32.62362637588215
  3.552713678800501e-15
      -239.280626798505
      224.9313186519935
  3.552713678800501e-15
     -207.2700446534961
     -32.62362637588213
     -16.31181318794108
      97.25783480257435
     -67.82280221246477
     -19.74587911975122
      40.04375254834807
      19.74587911975123
     -67.82280221246475
     -123.3503765031138
      67.82280221246475
     -112.4656593259968
     -119.6403133992525
     -19.74587911975123
     -16.31181318794107
     -67.82280221246477
      97.25783480257435
     -112.4656593259968
     -19.74587911975123
     -119.6403133992525
     -67.82280221246475
      67.82280221246475
     -123.3503765031138
     -19.74587911975122
      19.74587911975123
      40.04375254834807
    1.4210854715202e-14
     -224.9313186519935
      694.6632069497401
                      0
     -32.62362637588214
      -207.270044653496
 -3.552713678800501e-15
      224.9313186519935
     -239.2806267985051
   -1.4210854715202e-14
      32.62362637588215
      194.5156696051487
      16.31181318794108
     -67.82280221246477
      97.25783480257435
      112.4656593259968
     -19.74587911975122
     -119.6403133992525
      67.82280221246475
      67.82280221246475
     -123.3503765031138
      19.74587911975123
      19.74587911975123
      40.04375254834807
     -119.6403133992525
     -19.74587911975122
      112.4656593259968
     -207.2700446534961
     -32.62362637588214
                      0
     -239.2806267985051
      224.9313186519935
 -3.552713678800501e-15
     -123.3503765031138
      67.82280221246475
      67.82280221246475
      194.5156696051487
    1.4210854715202e-14
                      0
       1389.32641389948
                      0
                      0
      389.0313392102973
  3.552713678800501e-15
    1.4210854715202e-14
      80.08750509669613
 -3.552713678800501e-15
  3.552713678800501e-15
     -119.6403133992525
     -19.74587911975123
     -112.4656593259968
     -123.3503765031138
      67.82280221246475
     -67.82280221246474
      194.5156696051487
    1.4210854715202e-14
  3.552713678800501e-15
      80.08750509669613
 -7.105427357601002e-15
 -3.552713678800501e-15
     -119.6403133992525
      19.74587911975123
     -112.4656593259968
     -207.2700446534961
      32.62362637588214
  3.552713678800501e-15
      -239.280626798505
     -224.9313186519935
                      0
     -123.3503765031138
     -67.82280221246475
     -67.82280221246475
     -119.6403133992525
      19.74587911975122
      112.4656593259968
     -123.3503765031138
     -67.82280221246475
      67.82280221246475
      19.74587911975122
      40.04375254834807
     -19.74587911975123
      32.62362637588214
      194.5156696051487
                      0
      224.9313186519935
     -239.2806267985051
                      0
      67.82280221246475
     -123.3503765031138
     -67.82280221246475
    1.4210854715202e-14
      194.5156696051487
     -32.62362637588214
                      0
       1389.32641389948
                      0
   1.06581410364015e-14
     -414.5400893069922
  7.105427357601002e-15
                      0
      -239.280626798505
     -224.9313186519935
      19.74587911975122
      40.04375254834807
      19.74587911975123
      67.82280221246475
     -123.3503765031138
      67.82280221246475
    1.4210854715202e-14
      194.5156696051487
      32.62362637588215
                      0
      -239.280626798505
      224.9313186519935
     -19.74587911975123
      40.04375254834807
     -19.74587911975122
     -32.62362637588214
      194.5156696051487
   -1.4210854715202e-14
     -224.9313186519935
      -239.280626798505
                      0
     -67.82280221246475
     -123.3503765031138
     -67.82280221246475
     -19.74587911975123
      40.04375254834807
      19.74587911975123
     -67.82280221246475
     -123.3503765031138
      67.82280221246475
      112.4656593259968
      19.74587911975123
     -119.6403133992525
 -3.552713678800501e-15
   -1.4210854715202e-14
      194.5156696051487
 -7.105427357601002e-15
                      0
      80.08750509669612
      67.82280221246475
     -67.82280221246475
     -123.3503765031138
  -1.77635683940025e-14
      32.62362637588215
      -207.270044653496
                      0
                      0
       1389.32641389948
    1.4210854715202e-14
  3.552713678800501e-15
      389.0313392102975
  3.552713678800501e-15
     -224.9313186519935
      -239.280626798505
     -112.4656593259968
     -19.74587911975123
     -119.6403133992525
     -67.82280221246475
      67.82280221246475
     -123.3503765031138
  7.105427357601002e-15
     -32.62362637588214
      -207.270044653496
  7.105427357601002e-15
      224.9313186519935
     -239.2806267985051
     -112.4656593259968
      19.74587911975123
     -119.6403133992525
                      0
   -1.4210854715202e-14
      194.5156696051487
                      0
  3.552713678800501e-15
      80.08750509669613
     -67.82280221246475
     -67.82280221246475
     -123.3503765031138
      112.4656593259968
     -19.74587911975122
     -119.6403133992525
      67.82280221246475
      67.82280221246475
     -123.3503765031138
     -123.3503765031138
     -67.82280221246475
      67.82280221246475
      -239.280626798505
     -224.9313186519935
                      0
     -414.5400893069923
  2.486899575160351e-14
  3.552713678800501e-15
      -239.280626798505
  7.105427357601002e-15
      224.9313186519935
      80.08750509669615
  3.552713678800501e-15
 -3.552713678800501e-15
      389.0313392102973
   1.06581410364015e-14
    1.4210854715202e-14
      2778.652827798961
                      0
                      0
      389.0313392102974
    1.4210854715202e-14
 -3.552713678800501e-15
     -123.3503765031138
     -67.82280221246475
     -67.82280221246475
      -239.280626798505
                      0
     -224.9313186519935
      80.08750509669613
                      0
                      0
      389.0313392102975
    1.4210854715202e-14
   1.06581410364015e-14
      -239.280626798505
      224.9313186519935
 -3.552713678800501e-15
     -123.3503765031138
      67.82280221246475
      67.82280221246475
      389.0313392102973
  7.105427357601002e-15
    1.4210854715202e-14
      80.08750509669613
 -3.552713678800501e-15
                      0
     -123.3503765031138
      67.82280221246474
     -67.82280221246474
      80.08750509669613
                      0
                      0
     -123.3503765031138
      67.82280221246475
     -67.82280221246475
     -239.2806267985051
      224.9313186519935
 -3.552713678800501e-15
     -414.5400893069923
                      0
                      0
      -239.280626798505
  7.105427357601002e-15
     -224.9313186519935
     -123.3503765031138
      67.82280221246475
      67.82280221246475
      -239.280626798505
                      0
      224.9313186519935
      -239.280626798505
     -224.9313186519935
                      0
     -123.3503765031138
     -67.82280221246475
     -67.82280221246475
     -123.3503765031138
     -67.82280221246475
      67.82280221246475
     -67.82280221246474
     -123.3503765031138
      67.82280221246475
     -224.9313186519935
      -239.280626798505
                      0
  7.105427357601002e-15
      389.0313392102973
                      0
                      0
      80.08750509669615
  3.552713678800501e-15
  3.552713678800501e-15
      -239.280626798505
      224.9313186519935
  3.552713678800501e-15
     -414.5400893069922
  3.552713678800501e-15
                      0
      2778.652827798961
                      0
    1.4210854715202e-14
      389.0313392102974
  7.105427357601002e-15
     -67.82280221246475
     -123.3503765031138
     -67.82280221246475
                      0
      80.08750509669613
  7.105427357601002e-15
  7.105427357601002e-15
      -239.280626798505
     -224.9313186519935
    1.4210854715202e-14
      389.0313392102974
  2.131628207280301e-14
      224.9313186519935
     -239.2806267985051
                      0
      67.82280221246475
     -123.3503765031138
     -67.82280221246475
  7.105427357601002e-15
     -414.5400893069922
  3.552713678800501e-15
                      0
      -239.280626798505
     -224.9313186519935
      67.82280221246475
     -123.3503765031138
      67.82280221246475
  3.552713678800501e-15
      -239.280626798505
      224.9313186519935
      67.82280221246475
     -123.3503765031138
      67.82280221246475
      224.9313186519935
     -239.2806267985051
  3.552713678800501e-15
   1.77635683940025e-14
      389.0313392102973
                      0
  3.552713678800501e-15
      80.08750509669613
  7.105427357601002e-15
      67.82280221246475
     -123.3503765031138
     -67.82280221246475
  3.552713678800501e-15
      80.08750509669615
                      0
     -224.9313186519935
      -239.280626798505
  3.552713678800501e-15
     -67.82280221246475
     -123.3503765031138
     -67.82280221246475
     -67.82280221246475
     -123.3503765031138
      67.82280221246475
      67.82280221246474
      67.82280221246475
     -123.3503765031138
                      0
                      0
      80.08750509669613
 -7.105427357601002e-15
                      0
      389.0313392102973
      224.9313186519935
 -3.552713678800501e-15
      -239.280626798505
                      0
      224.9313186519935
     -239.2806267985051
    1.4210854715202e-14
  7.105427357601002e-15
      389.0313392102975
                      0
                      0
      2778.652827798961
                      0
  2.131628207280301e-14
     -414.5400893069921
     -67.82280221246475
     -67.82280221246475
     -123.3503765031138
     -224.9313186519935
                      0
      -239.280626798505
                      0
     -224.9313186519935
      -239.280626798505
  -1.06581410364015e-14
  3.552713678800501e-15
     -414.5400893069921
 -3.552713678800501e-15
                      0
      80.08750509669612
      67.82280221246475
     -67.82280221246475
     -123.3503765031138
                      0
                      0
      389.0313392102975
                      0
     -224.9313186519935
      -239.280626798505
     -67.82280221246475
      67.82280221246475
     -123.3503765031138
  3.552713678800501e-15
      224.9313186519935
     -239.2806267985051
     -67.82280221246475
      67.82280221246475
     -123.3503765031138
 -3.552713678800501e-15
                      0
      80.08750509669612
  7.105427357601002e-15
   -1.4210854715202e-14
      389.0313392102973
     -224.9313186519935
 -3.552713678800501e-15
     -239.2806267985051
      67.82280221246475
     -67.82280221246475
     -123.3503765031138
      224.9313186519935
  3.552713678800501e-15
     -239.2806267985051
                      0
  3.552713678800501e-15
      80.08750509669613
     -67.82280221246475
     -67.82280221246475
     -123.3503765031138
      67.82280221246475
      67.82280221246475
     -123.3503765031138
     -119.6403133992525
     -112.4656593259968
      19.74587911975123
     -123.3503765031138
     -67.82280221246475
     -67.82280221246475
      -239.280626798505
 -3.552713678800501e-15
     -224.9313186519935
     -207.2700446534961
   1.77635683940025e-14
      32.62362637588216
      194.5156696051487
  3.552713678800501e-15
   -1.4210854715202e-14
      80.08750509669613
                      0
  3.552713678800501e-15
      389.0313392102974
    1.4210854715202e-14
                      0
       1389.32641389948
                      0
                      0
     -123.3503765031138
      67.82280221246475
     -67.82280221246475
     -119.6403133992525
      112.4656593259968
      19.74587911975122
      80.08750509669613
  3.552713678800501e-15
  3.552713678800501e-15
      194.5156696051487
  3.552713678800501e-15
    1.4210854715202e-14
     -119.6403133992525
      112.4656593259968
     -19.74587911975122
     -123.3503765031138
      67.82280221246475
      67.82280221246475
      -239.280626798505
  3.552713678800501e-15
      224.9313186519935
     -207.2700446534961
 -3.552713678800501e-15
     -32.62362637588214
     -123.3503765031138
     -67.82280221246475
      67.82280221246475
     -119.6403133992525
     -112.4656593259968
     -19.74587911975123
     -112.4656593259968
     -119.6403133992525
      19.74587911975123
     -67.82280221246475
     -123.3503765031138
     -67.82280221246475
  3.552713678800501e-15
      80.08750509669613
  7.105427357601002e-15
 -7.105427357601002e-15
      194.5156696051487
                      0
    1.4210854715202e-14
     -207.2700446534961
      32.62362637588215
 -3.552713678800501e-15
      -239.280626798505
     -224.9313186519935
    1.4210854715202e-14
      389.0313392102974
  2.131628207280301e-14
                      0
       1389.32641389948
   -1.4210854715202e-14
      67.82280221246475
     -123.3503765031138
      67.82280221246475
      112.4656593259968
     -119.6403133992525
     -19.74587911975123
  3.552713678800501e-15
      -239.280626798505
      224.9313186519935
                      0
     -207.2700446534961
     -32.62362637588213
      112.4656593259968
     -119.6403133992525
      19.74587911975123
      67.82280221246475
     -123.3503765031138
     -67.82280221246475
  7.105427357601002e-15
      80.08750509669615
                      0
   1.77635683940025e-14
      194.5156696051487
                      0
     -67.82280221246475
     -123.3503765031138
      67.82280221246475
     -112.4656593259968
     -119.6403133992525
     -19.74587911975123
     -19.74587911975122
     -19.74587911975123
      40.04375254834807
     -67.82280221246475
     -67.82280221246475
     -123.3503765031138
     -224.9313186519935
  3.552713678800501e-15
     -239.2806267985051
     -32.62362637588214
                      0
      194.5156696051487
                      0
     -32.62362637588213
      194.5156696051487
  3.552713678800501e-15
     -224.9313186519935
      -239.280626798505
 -3.552713678800501e-15
  7.105427357601002e-15
     -414.5400893069921
                      0
   -1.4210854715202e-14
       1389.32641389948
     -67.82280221246475
      67.82280221246475
     -123.3503765031138
     -19.74587911975123
      19.74587911975123
      40.04375254834806
  3.552713678800501e-15
      224.9313186519935
     -239.2806267985051
 -2.842170943040401e-14
      32.62362637588215
      194.5156696051487
      19.74587911975122
     -19.74587911975123
      40.04375254834807
      67.82280221246475
     -67.82280221246475
     -123.3503765031138
      224.9313186519935
  3.552713678800501e-15
      -239.280626798505
      32.62362637588216
                      0
      194.5156696051487
      67.82280221246475
      67.82280221246475
     -123.3503765031138
      19.74587911975123
      19.74587911975123
      40.04375254834807
      97.25783480257435
      67.82280221246477
     -16.31181318794107
      40.04375254834807
     -19.74587911975123
     -19.74587911975123
     -119.6403133992525
      19.74587911975122
     -112.4656593259968
     -123.3503765031138
     -67.82280221246475
     -67.82280221246475
      347.3316034748701
      112.4656593259968
      112.4656593259968
      97.25783480257437
     -16.31181318794108
      67.82280221246475
     -103.6350223267481
      16.31181318794107
      16.31181318794106
     -119.6403133992525
     -112.4656593259968
      19.74587911975123
      67.82280221246478
      97.25783480257437
     -16.31181318794107
      19.74587911975123
     -119.6403133992525
     -112.4656593259968
     -19.74587911975123
      40.04375254834807
     -19.74587911975123
     -67.82280221246475
     -123.3503765031138
     -67.82280221246475
      112.4656593259968
      347.3316034748701
      112.4656593259968
      16.31181318794107
      -103.635022326748
      16.31181318794107
     -16.31181318794107
      97.25783480257437
      67.82280221246475
     -112.4656593259968
     -119.6403133992525
      19.74587911975123
      16.31181318794108
      16.31181318794107
      -103.635022326748
      19.74587911975123
     -112.4656593259968
     -119.6403133992525
     -112.4656593259968
      19.74587911975123
     -119.6403133992525
     -67.82280221246475
     -67.82280221246475
     -123.3503765031138
      112.4656593259968
      112.4656593259968
      347.3316034748701
      67.82280221246478
     -16.31181318794107
      97.25783480257437
     -16.31181318794108
      67.82280221246477
      97.25783480257437
     -19.74587911975123
     -19.74587911975123
      40.04375254834807
      40.04375254834807
      19.74587911975123
     -19.74587911975122
      194.5156696051487
    1.4210854715202e-14
     -32.62362637588215
     -123.3503765031138
      67.82280221246475
     -67.82280221246475
      -239.280626798505
                      0
     -224.9313186519935
      97.25783480257437
      16.31181318794107
      67.82280221246478
      694.6632069497401
                      0
      224.9313186519935
     -119.6403133992525
      112.4656593259968
      19.74587911975122
     -207.2700446534961
  7.105427357601002e-15
      32.62362637588214
      40.04375254834807
     -19.74587911975123
     -19.74587911975123
     -123.3503765031138
     -67.82280221246475
     -67.82280221246475
      97.25783480257437
     -16.31181318794107
      67.82280221246475
     -119.6403133992525
     -112.4656593259968
      19.74587911975123
     -19.74587911975123
     -119.6403133992525
      112.4656593259968
    1.4210854715202e-14
      194.5156696051487
   1.06581410364015e-14
      67.82280221246475
     -123.3503765031138
      67.82280221246475
                      0
      80.08750509669613
                      0
     -16.31181318794108
      -103.635022326748
     -16.31181318794107
                      0
      694.6632069497401
    1.4210854715202e-14
      112.4656593259968
     -119.6403133992525
     -19.74587911975123
                      0
      194.5156696051487
                      0
      19.74587911975123
     -119.6403133992525
     -112.4656593259968
     -67.82280221246475
     -123.3503765031138
     -67.82280221246475
      16.31181318794107
      -103.635022326748
      16.31181318794107
     -112.4656593259968
     -119.6403133992525
      19.74587911975123
      19.74587911975122
      112.4656593259968
     -119.6403133992525
      32.62362637588215
  7.105427357601002e-15
     -207.2700446534961
     -67.82280221246474
      67.82280221246475
     -123.3503765031138
     -224.9313186519935
  7.105427357601002e-15
      -239.280626798505
      67.82280221246475
      16.31181318794107
      97.25783480257437
      224.9313186519935
    1.4210854715202e-14
      694.6632069497401
     -19.74587911975123
      19.74587911975123
      40.04375254834806
     -32.62362637588215
                      0
      194.5156696051487
      19.74587911975123
     -112.4656593259968
     -119.6403133992525
     -67.82280221246475
     -67.82280221246475
     -123.3503765031138
      67.82280221246477
     -16.31181318794107
      97.25783480257437
     -19.74587911975123
     -19.74587911975123
      40.04375254834807
     -119.6403133992525
     -19.74587911975123
      112.4656593259968
     -123.3503765031138
      67.82280221246475
      67.82280221246475
      194.5156696051487
    1.4210854715202e-14
  7.105427357601002e-15
      80.08750509669613
  7.105427357601002e-15
                      0
     -103.6350223267481
     -16.31181318794107
     -16.31181318794108
     -119.6403133992525
      112.4656593259968
     -19.74587911975123
      694.6632069497401
                      0
                      0
      194.5156696051487
 -7.105427357601002e-15
   -1.4210854715202e-14
     -119.6403133992525
      19.74587911975122
     -112.4656593259968
     -123.3503765031138
     -67.82280221246475
     -67.82280221246475
     -103.6350223267481
      16.31181318794107
      16.31181318794106
     -119.6403133992525
     -112.4656593259968
      19.74587911975122
      19.74587911975122
      40.04375254834807
     -19.74587911975123
      67.82280221246475
     -123.3503765031138
     -67.82280221246475
    1.4210854715202e-14
      194.5156696051487
     -32.62362637588214
                      0
      -239.280626798505
     -224.9313186519935
      16.31181318794107
      97.25783480257437
      67.82280221246477
      112.4656593259968
     -119.6403133992525
      19.74587911975123
                      0
      694.6632069497401
      224.9313186519935
  3.552713678800501e-15
      -207.270044653496
      32.62362637588214
     -19.74587911975123
      40.04375254834807
     -19.74587911975123
     -67.82280221246475
     -123.3503765031138
     -67.82280221246475
     -16.31181318794107
      97.25783480257437
      67.82280221246475
     -112.4656593259968
     -119.6403133992525
      19.74587911975123
      112.4656593259968
      19.74587911975123
     -119.6403133992525
      67.82280221246475
     -67.82280221246475
     -123.3503765031138
  3.552713678800501e-15
      32.62362637588215
      -207.270044653496
                      0
     -224.9313186519935
      -239.280626798505
      16.31181318794106
      67.82280221246475
      97.25783480257437
      19.74587911975122
     -19.74587911975123
      40.04375254834806
                      0
      224.9313186519935
      694.6632069497401
  2.842170943040401e-14
     -32.62362637588215
      194.5156696051487
     -112.4656593259968
      19.74587911975123
     -119.6403133992525
     -67.82280221246475
     -67.82280221246475
     -123.3503765031138
     -16.31181318794108
      67.82280221246475
      97.25783480257437
     -19.74587911975123
     -19.74587911975123
      40.04375254834807
     -123.3503765031138
     -67.82280221246475
      67.82280221246475
      -239.280626798505
  3.552713678800501e-15
      224.9313186519935
      80.08750509669613
                      0
  7.105427357601002e-15
      389.0313392102975
    1.4210854715202e-14
  -1.06581410364015e-14
     -119.6403133992525
     -112.4656593259968
     -19.74587911975123
     -207.2700446534961
                      0
     -32.62362637588215
      194.5156696051487
  3.552713678800501e-15
  2.842170943040401e-14
       1389.32641389948
                      0
                      0
     -123.3503765031138
      67.82280221246475
      67.82280221246475
      80.08750509669613
                      0
                      0
     -119.6403133992525
      112.4656593259968
     -19.74587911975123
      194.5156696051487
 -3.552713678800501e-15
   -1.4210854715202e-14
     -123.3503765031138
      67.82280221246475
     -67.82280221246475
      -239.280626798505
  3.552713678800501e-15
     -224.9313186519935
     -119.6403133992525
      112.4656593259968
      19.74587911975122
     -207.2700446534961
  3.552713678800501e-15
      32.62362637588214
     -123.3503765031138
     -67.82280221246475
     -67.82280221246475
     -119.6403133992525
     -112.4656593259968
      19.74587911975123
     -67.82280221246475
     -123.3503765031138
      67.82280221246475
                      0
      80.08750509669615
  3.552713678800501e-15
 -7.105427357601002e-15
      -239.280626798505
      224.9313186519935
    1.4210854715202e-14
      389.0313392102974
  3.552713678800501e-15
     -112.4656593259968
     -119.6403133992525
     -19.74587911975123
  7.105427357601002e-15
      194.5156696051487
                      0
 -7.105427357601002e-15
      -207.270044653496
     -32.62362637588215
                      0
       1389.32641389948
    1.4210854715202e-14
      67.82280221246475
     -123.3503765031138
     -67.82280221246475
  3.552713678800501e-15
      -239.280626798505
     -224.9313186519935
      112.4656593259968
     -119.6403133992525
      19.74587911975123
 -3.552713678800501e-15
      -207.270044653496
      32.62362637588214
      67.82280221246475
     -123.3503765031138
      67.82280221246475
  3.552713678800501e-15
      80.08750509669613
  3.552713678800501e-15
      112.4656593259968
     -119.6403133992525
     -19.74587911975122
  3.552713678800501e-15
      194.5156696051487
                      0
     -67.82280221246475
     -123.3503765031138
     -67.82280221246475
     -112.4656593259968
     -119.6403133992525
      19.74587911975123
      67.82280221246475
      67.82280221246475
     -123.3503765031138
      224.9313186519935
 -3.552713678800501e-15
     -239.2806267985051
 -3.552713678800501e-15
      224.9313186519935
     -239.2806267985051
   1.06581410364015e-14
  2.131628207280301e-14
     -414.5400893069921
      19.74587911975123
      19.74587911975123
      40.04375254834807
      32.62362637588214
                      0
      194.5156696051487
   -1.4210854715202e-14
      32.62362637588214
      194.5156696051487
                      0
    1.4210854715202e-14
       1389.32641389948
      67.82280221246475
     -67.82280221246475
     -123.3503765031138
                      0
     -224.9313186519935
      -239.280626798505
      19.74587911975122
     -19.74587911975123
      40.04375254834807
    1.4210854715202e-14
     -32.62362637588215
      194.5156696051487
     -67.82280221246474
      67.82280221246475
     -123.3503765031138
     -224.9313186519935
 -3.552713678800501e-15
      -239.280626798505
     -19.74587911975123
      19.74587911975123
      40.04375254834806
     -32.62362637588215
   -1.4210854715202e-14
      194.5156696051487
     -67.82280221246475
     -67.82280221246475
     -123.3503765031138
     -19.74587911975123
     -19.74587911975123
      40.04375254834807
      194.5156696051487
      32.62362637588214
                      0
      40.04375254834807
      19.74587911975123
     -19.74587911975122
      -239.280626798505
      224.9313186519935
 -3.552713678800501e-15
     -123.3503765031138
      67.82280221246475
     -67.82280221246475
      40.04375254834807
      19.74587911975123
      19.74587911975123
     -123.3503765031138
      67.82280221246475
      67.82280221246475
      694.6632069497401
     -224.9313186519935
                      0
      97.25783480257435
     -67.82280221246477
     -16.31181318794108
     -207.2700446534961
     -32.62362637588213
  3.552713678800501e-15
     -119.6403133992525
     -19.74587911975122
     -112.4656593259968
      97.25783480257435
     -67.82280221246478
      16.31181318794107
     -119.6403133992525
     -19.74587911975122
      112.4656593259968
     -32.62362637588215
      -207.270044653496
                      0
     -19.74587911975123
     -119.6403133992525
      112.4656593259968
      224.9313186519935
     -239.2806267985051
                      0
      67.82280221246475
     -123.3503765031138
      67.82280221246475
     -19.74587911975123
     -119.6403133992525
     -112.4656593259968
      67.82280221246475
     -123.3503765031138
     -67.82280221246475
     -224.9313186519935
      694.6632069497401
                      0
     -67.82280221246477
      97.25783480257437
      16.31181318794108
      32.62362637588215
      194.5156696051487
    1.4210854715202e-14
      19.74587911975122
      40.04375254834807
      19.74587911975123
     -67.82280221246477
      97.25783480257437
     -16.31181318794107
      19.74587911975123
      40.04375254834807
     -19.74587911975123
    1.4210854715202e-14
                      0
      194.5156696051487
      19.74587911975123
      112.4656593259968
     -119.6403133992525
 -3.552713678800501e-15
                      0
      80.08750509669612
     -67.82280221246475
      67.82280221246475
     -123.3503765031138
     -19.74587911975123
     -112.4656593259968
     -119.6403133992525
      67.82280221246475
     -67.82280221246475
     -123.3503765031138
                      0
                      0
      694.6632069497401
      16.31181318794107
     -16.31181318794107
      -103.635022326748
  7.105427357601002e-15
    1.4210854715202e-14
      194.5156696051487
     -112.4656593259968
     -19.74587911975122
     -119.6403133992525
     -16.31181318794108
      16.31181318794108
      -103.635022326748
      112.4656593259968
      19.74587911975123
     -119.6403133992525
      40.04375254834807
      19.74587911975123
      19.74587911975123
      97.25783480257435
      16.31181318794107
     -67.82280221246478
     -123.3503765031138
      67.82280221246475
      67.82280221246475
     -119.6403133992525
      112.4656593259968
     -19.74587911975123
      97.25783480257435
     -67.82280221246477
      16.31181318794107
        347.33160347487
     -112.4656593259968
     -112.4656593259968
     -119.6403133992525
     -19.74587911975122
      112.4656593259968
     -103.6350223267481
     -16.31181318794106
     -16.31181318794106
     -19.74587911975123
     -119.6403133992525
     -112.4656593259968
     -16.31181318794107
      -103.635022326748
      16.31181318794107
      67.82280221246475
     -123.3503765031138
     -67.82280221246475
      112.4656593259968
     -119.6403133992525
      19.74587911975123
     -67.82280221246477
      97.25783480257437
     -16.31181318794107
     -112.4656593259968
      347.3316034748701
      112.4656593259968
      19.74587911975123
      40.04375254834807
     -19.74587911975123
      16.31181318794108
      97.25783480257437
      67.82280221246477
     -19.74587911975123
     -112.4656593259968
     -119.6403133992525
     -67.82280221246475
     -16.31181318794107
      97.25783480257437
      67.82280221246475
     -67.82280221246475
     -123.3503765031138
      19.74587911975122
     -19.74587911975123
      40.04375254834806
     -16.31181318794108
      16.31181318794108
      -103.635022326748
     -112.4656593259968
      112.4656593259968
      347.3316034748701
      112.4656593259968
      19.74587911975123
     -119.6403133992525
      16.31181318794108
      67.82280221246477
      97.25783480257437
      -239.280626798505
     -224.9313186519935
                      0
     -123.3503765031138
     -67.82280221246475
      67.82280221246475
      389.0313392102973
  7.105427357601002e-15
                      0
      80.08750509669613
  3.552713678800501e-15
  3.552713678800501e-15
     -123.3503765031138
     -67.82280221246475
     -67.82280221246475
      80.08750509669613
  3.552713678800501e-15
                      0
     -207.2700446534961
      32.62362637588215
  7.105427357601002e-15
     -119.6403133992525
      19.74587911975123
      112.4656593259968
       1389.32641389948
                      0
                      0
      194.5156696051487
   -1.4210854715202e-14
 -7.105427357601002e-15
     -119.6403133992525
      19.74587911975123
     -112.4656593259968
      194.5156696051487
 -2.842170943040401e-14
  7.105427357601002e-15
      -239.280626798505
      224.9313186519935
                      0
     -123.3503765031138
      67.82280221246475
     -67.82280221246475
     -123.3503765031138
      67.82280221246475
      67.82280221246475
     -207.2700446534961
     -32.62362637588213
  3.552713678800501e-15
     -119.6403133992525
     -19.74587911975122
     -112.4656593259968
     -119.6403133992525
     -19.74587911975122
      112.4656593259968
     -224.9313186519935
      -239.280626798505
                      0
     -67.82280221246475
     -123.3503765031138
      67.82280221246475
  7.105427357601002e-15
     -414.5400893069922
                      0
  3.552713678800501e-15
      -239.280626798505
      224.9313186519935
     -67.82280221246475
     -123.3503765031138
     -67.82280221246475
                      0
      -239.280626798505
     -224.9313186519935
     -32.62362637588213
      194.5156696051487
    1.4210854715202e-14
     -19.74587911975122
      40.04375254834807
      19.74587911975123
                      0
       1389.32641389948
                      0
   -1.4210854715202e-14
      194.5156696051487
      32.62362637588214
     -19.74587911975123
      40.04375254834807
     -19.74587911975122
   -1.4210854715202e-14
      194.5156696051487
     -32.62362637588213
      224.9313186519935
      -239.280626798505
                      0
      67.82280221246474
     -123.3503765031138
      67.82280221246475
      67.82280221246475
     -123.3503765031138
     -67.82280221246475
      32.62362637588216
      194.5156696051487
    1.4210854715202e-14
      19.74587911975123
      40.04375254834807
      19.74587911975123
      19.74587911975123
      40.04375254834807
     -19.74587911975123
                      0
  3.552713678800501e-15
      80.08750509669613
      67.82280221246475
      67.82280221246475
     -123.3503765031138
    1.4210854715202e-14
  3.552713678800501e-15
      389.0313392102975
  3.552713678800501e-15
      224.9313186519935
     -239.2806267985051
     -67.82280221246475
     -67.82280221246475
     -123.3503765031138
                      0
     -224.9313186519935
      -239.280626798505
  3.552713678800501e-15
    1.4210854715202e-14
      194.5156696051487
      112.4656593259968
     -19.74587911975123
     -119.6403133992525
                      0
                      0
       1389.32641389948
  7.105427357601002e-15
     -32.62362637588213
     -207.2700446534961
     -112.4656593259968
      19.74587911975123
     -119.6403133992525
 -7.105427357601002e-15
      32.62362637588214
     -207.2700446534961
 -3.552713678800501e-15
                      0
      80.08750509669613
     -67.82280221246475
      67.82280221246475
     -123.3503765031138
      67.82280221246475
     -67.82280221246475
     -123.3503765031138
  7.105427357601002e-15
                      0
      194.5156696051487
     -112.4656593259968
     -19.74587911975123
     -119.6403133992525
      112.4656593259968
      19.74587911975123
     -119.6403133992525
     -123.3503765031138
     -67.82280221246475
     -67.82280221246475
     -119.6403133992525
     -112.4656593259968
      19.74587911975123
      80.08750509669613
                      0
                      0
      194.5156696051487
                      0
 -2.842170943040401e-14
     -119.6403133992525
      19.74587911975122
     -112.4656593259968
     -103.6350223267481
      16.31181318794108
      16.31181318794108
      194.5156696051487
   -1.4210854715202e-14
  7.105427357601002e-15
      694.6632069497401
                      0
                      0
     -123.3503765031138
      67.82280221246475
      67.82280221246475
     -119.6403133992525
      112.4656593259968
     -19.74587911975123
     -119.6403133992525
     -19.74587911975122
      112.4656593259968
     -103.6350223267481
     -16.31181318794106
     -16.31181318794106
     -67.82280221246475
     -123.3503765031138
     -67.82280221246475
     -112.4656593259968
     -119.6403133992525
      19.74587911975123
 -3.552713678800501e-15
      -239.280626798505
     -224.9313186519935
  3.552713678800501e-15
     -207.2700446534961
      32.62362637588215
     -19.74587911975122
      40.04375254834807
     -19.74587911975122
     -16.31181318794106
      97.25783480257437
      67.82280221246477
   -1.4210854715202e-14
      194.5156696051487
     -32.62362637588213
                      0
      694.6632069497401
      224.9313186519935
      67.82280221246475
     -123.3503765031138
     -67.82280221246475
      112.4656593259968
     -119.6403133992525
      19.74587911975122
      19.74587911975123
      40.04375254834807
     -19.74587911975123
      16.31181318794108
      97.25783480257437
      67.82280221246477
     -67.82280221246475
     -67.82280221246475
     -123.3503765031138
     -19.74587911975123
     -19.74587911975123
      40.04375254834807
                      0
     -224.9313186519935
      -239.280626798505
    1.4210854715202e-14
     -32.62362637588213
      194.5156696051487
     -112.4656593259968
      19.74587911975123
     -119.6403133992525
     -16.31181318794106
      67.82280221246477
      97.25783480257437
 -7.105427357601002e-15
      32.62362637588214
     -207.2700446534961
                      0
      224.9313186519935
      694.6632069497401
      67.82280221246475
     -67.82280221246475
     -123.3503765031138
      19.74587911975122
     -19.74587911975123
      40.04375254834806
      112.4656593259968
      19.74587911975123
     -119.6403133992525
      16.31181318794108
      67.82280221246477
      97.25783480257437
      40.04375254834807
      19.74587911975123
     -19.74587911975122
     -123.3503765031138
      67.82280221246475
     -67.82280221246475
      97.25783480257437
      16.31181318794107
      67.82280221246477
     -119.6403133992525
      112.4656593259968
      19.74587911975122
      97.25783480257435
     -67.82280221246477
     -16.31181318794108
     -119.6403133992525
     -19.74587911975123
     -112.4656593259968
      347.3316034748701
     -112.4656593259968
      112.4656593259968
      -103.635022326748
     -16.31181318794107
      16.31181318794107
     -19.74587911975123
     -119.6403133992525
      112.4656593259968
      67.82280221246474
     -123.3503765031138
      67.82280221246475
     -16.31181318794107
      -103.635022326748
     -16.31181318794107
      112.4656593259968
     -119.6403133992525
     -19.74587911975123
     -67.82280221246478
      97.25783480257437
      16.31181318794108
      19.74587911975123
      40.04375254834807
      19.74587911975123
     -112.4656593259968
      347.3316034748701
     -112.4656593259968
      16.31181318794107
      97.25783480257434
     -67.82280221246475
      19.74587911975122
      112.4656593259968
     -119.6403133992525
     -67.82280221246474
      67.82280221246475
     -123.3503765031138
      67.82280221246475
      16.31181318794107
      97.25783480257437
     -19.74587911975123
      19.74587911975123
      40.04375254834807
      16.31181318794107
     -16.31181318794107
      -103.635022326748
     -112.4656593259968
     -19.74587911975122
     -119.6403133992525
      112.4656593259968
     -112.4656593259968
      347.3316034748701
     -16.31181318794108
     -67.82280221246475
      97.25783480257434
     -123.3503765031138
     -67.82280221246475
      67.82280221246475
      80.08750509669613
  3.552713678800501e-15
  3.552713678800501e-15
     -119.6403133992525
     -112.4656593259968
     -19.74587911975123
      194.5156696051487
 -3.552713678800501e-15
    1.4210854715202e-14
     -119.6403133992525
      19.74587911975123
      112.4656593259968
      194.5156696051487
   -1.4210854715202e-14
 -7.105427357601002e-15
      -103.635022326748
      16.31181318794107
     -16.31181318794108
      694.6632069497401
                      0
                      0
     -123.3503765031138
      67.82280221246475
     -67.82280221246475
     -119.6403133992525
      112.4656593259968
      19.74587911975123
     -119.6403133992525
     -19.74587911975122
     -112.4656593259968
      -103.635022326748
     -16.31181318794107
      16.31181318794106
     -67.82280221246475
     -123.3503765031138
      67.82280221246475
                      0
      -239.280626798505
      224.9313186519935
     -112.4656593259968
     -119.6403133992525
     -19.74587911975123
 -3.552713678800501e-15
      -207.270044653496
     -32.62362637588215
     -19.74587911975122
      40.04375254834807
      19.74587911975123
 -2.842170943040401e-14
      194.5156696051487
      32.62362637588214
     -16.31181318794107
      97.25783480257434
     -67.82280221246475
                      0
      694.6632069497401
     -224.9313186519935
      67.82280221246474
     -123.3503765031138
      67.82280221246475
      112.4656593259968
     -119.6403133992525
     -19.74587911975122
      19.74587911975123
      40.04375254834807
      19.74587911975123
      16.31181318794108
      97.25783480257432
     -67.82280221246475
      67.82280221246475
      67.82280221246475
     -123.3503765031138
                      0
      224.9313186519935
     -239.2806267985051
      19.74587911975123
      19.74587911975123
      40.04375254834807
   -1.4210854715202e-14
      32.62362637588214
      194.5156696051487
      112.4656593259968
     -19.74587911975123
     -119.6403133992525
  7.105427357601002e-15
     -32.62362637588213
     -207.2700446534961
      16.31181318794107
     -67.82280221246475
      97.25783480257434
                      0
     -224.9313186519935
      694.6632069497401
     -67.82280221246474
      67.82280221246475
     -123.3503765031138
     -19.74587911975123
      19.74587911975123
      40.04375254834807
     -112.4656593259968
     -19.74587911975123
     -119.6403133992525
     -16.31181318794108
     -67.82280221246477
      97.25783480257434
     -103.6350223267481
     -16.31181318794108
      16.31181318794108
     -119.6403133992525
     -19.74587911975123
     -112.4656593259968
     -123.3503765031138
      67.82280221246475
     -67.82280221246475
     -119.6403133992525
      112.4656593259968
      19.74587911975122
      347.3316034748701
     -112.4656593259968
      112.4656593259968
      97.25783480257437
     -67.82280221246477
     -16.31181318794108
      40.04375254834807
      19.74587911975123
     -19.74587911975122
      97.25783480257434
      16.31181318794108
      67.82280221246477
      16.31181318794106
      97.25783480257435
     -67.82280221246477
      19.74587911975123
      40.04375254834807
      19.74587911975123
      67.82280221246475
     -123.3503765031138
      67.82280221246475
      112.4656593259968
     -119.6403133992525
     -19.74587911975123
     -112.4656593259968
        347.33160347487
     -112.4656593259968
     -67.82280221246475
      97.25783480257434
      16.31181318794108
     -19.74587911975123
     -119.6403133992525
      112.4656593259968
     -16.31181318794107
     -103.6350223267481
     -16.31181318794107
     -16.31181318794107
     -67.82280221246477
      97.25783480257435
     -112.4656593259968
     -19.74587911975122
     -119.6403133992525
     -67.82280221246475
      67.82280221246475
     -123.3503765031138
     -19.74587911975122
      19.74587911975123
      40.04375254834807
      112.4656593259968
     -112.4656593259968
      347.3316034748701
      16.31181318794107
     -16.31181318794107
      -103.635022326748
      19.74587911975122
      112.4656593259968
     -119.6403133992525
      67.82280221246475
      16.31181318794108
      97.25783480257437
     -119.6403133992525
     -19.74587911975122
      112.4656593259968
     -207.2700446534961
     -32.62362637588214
                      0
     -239.2806267985051
      224.9313186519935
 -3.552713678800501e-15
     -123.3503765031138
      67.82280221246475
      67.82280221246475
     -119.6403133992525
     -19.74587911975123
     -112.4656593259968
     -123.3503765031138
      67.82280221246475
     -67.82280221246474
      97.25783480257437
     -67.82280221246475
      16.31181318794107
      694.6632069497401
     -224.9313186519935
                      0
      194.5156696051487
      32.62362637588215
                      0
      40.04375254834806
      19.74587911975123
      19.74587911975123
      97.25783480257437
     -67.82280221246477
     -16.31181318794107
      40.04375254834806
      19.74587911975123
     -19.74587911975123
      19.74587911975123
      40.04375254834807
     -19.74587911975122
      32.62362637588214
      194.5156696051487
   -1.4210854715202e-14
      224.9313186519935
     -239.2806267985051
                      0
      67.82280221246475
     -123.3503765031138
     -67.82280221246475
      19.74587911975122
      40.04375254834807
      19.74587911975123
      67.82280221246475
     -123.3503765031138
      67.82280221246475
     -67.82280221246477
      97.25783480257434
     -16.31181318794107
     -224.9313186519935
      694.6632069497401
                      0
     -32.62362637588213
     -207.2700446534961
  3.552713678800501e-15
     -19.74587911975123
     -119.6403133992525
     -112.4656593259968
     -67.82280221246475
      97.25783480257434
      16.31181318794108
     -19.74587911975123
     -119.6403133992525
      112.4656593259968
      112.4656593259968
      19.74587911975123
     -119.6403133992525
  3.552713678800501e-15
   -1.4210854715202e-14
      194.5156696051487
 -3.552713678800501e-15
  3.552713678800501e-15
      80.08750509669612
      67.82280221246475
     -67.82280221246475
     -123.3503765031138
     -112.4656593259968
     -19.74587911975123
     -119.6403133992525
     -67.82280221246475
      67.82280221246475
     -123.3503765031138
     -16.31181318794108
      16.31181318794108
      -103.635022326748
                      0
                      0
      694.6632069497401
                      0
                      0
      194.5156696051487
     -19.74587911975122
     -112.4656593259968
     -119.6403133992525
      16.31181318794108
     -16.31181318794107
      -103.635022326748
      19.74587911975123
      112.4656593259968
     -119.6403133992525
     -123.3503765031138
     -67.82280221246475
      67.82280221246475
      -239.280626798505
     -224.9313186519935
                      0
     -414.5400893069923
   1.77635683940025e-14
  7.105427357601002e-15
      -239.280626798505
  7.105427357601002e-15
      224.9313186519935
     -123.3503765031138
     -67.82280221246475
     -67.82280221246475
      -239.280626798505
  3.552713678800501e-15
     -224.9313186519935
      -239.280626798505
      224.9313186519935
 -3.552713678800501e-15
     -123.3503765031138
      67.82280221246475
      67.82280221246475
     -123.3503765031138
      67.82280221246474
     -67.82280221246474
      40.04375254834807
     -19.74587911975123
      19.74587911975122
      194.5156696051487
     -32.62362637588213
                      0
       1389.32641389948
                      0
                      0
      194.5156696051487
                      0
      32.62362637588215
      40.04375254834806
     -19.74587911975123
     -19.74587911975123
      194.5156696051487
   -1.4210854715202e-14
     -32.62362637588214
      194.5156696051487
      32.62362637588215
                      0
      40.04375254834806
      19.74587911975123
      19.74587911975123
      40.04375254834806
      19.74587911975123
     -19.74587911975123
     -67.82280221246475
     -123.3503765031138
      67.82280221246475
     -224.9313186519935
      -239.280626798505
  3.552713678800501e-15
                      0
      389.0313392102973
   -1.4210854715202e-14
  3.552713678800501e-15
      80.08750509669615
  3.552713678800501e-15
     -67.82280221246475
     -123.3503765031138
     -67.82280221246475
  3.552713678800501e-15
      80.08750509669613
 -3.552713678800501e-15
      224.9313186519935
      -239.280626798505
                      0
      67.82280221246475
     -123.3503765031138
     -67.82280221246475
      67.82280221246475
     -123.3503765031138
      67.82280221246475
      19.74587911975123
     -119.6403133992525
      112.4656593259968
      32.62362637588215
     -207.2700446534961
                      0
                      0
       1389.32641389948
                      0
                      0
      194.5156696051487
  7.105427357601002e-15
      19.74587911975123
     -119.6403133992525
     -112.4656593259968
                      0
      194.5156696051487
   1.06581410364015e-14
     -32.62362637588214
     -207.2700446534961
  3.552713678800501e-15
     -19.74587911975123
     -119.6403133992525
     -112.4656593259968
     -19.74587911975123
     -119.6403133992525
      112.4656593259968
      67.82280221246474
      67.82280221246475
     -123.3503765031138
                      0
                      0
      80.08750509669613
                      0
                      0
      389.0313392102973
      224.9313186519935
                      0
      -239.280626798505
     -67.82280221246475
     -67.82280221246475
     -123.3503765031138
     -224.9313186519935
  3.552713678800501e-15
      -239.280626798505
                      0
                      0
      80.08750509669613
      67.82280221246475
     -67.82280221246475
     -123.3503765031138
     -67.82280221246475
      67.82280221246475
     -123.3503765031138
     -19.74587911975122
      112.4656593259968
     -119.6403133992525
                      0
  3.552713678800501e-15
      194.5156696051487
                      0
                      0
       1389.32641389948
     -32.62362637588214
   1.06581410364015e-14
     -207.2700446534961
      19.74587911975123
     -112.4656593259968
     -119.6403133992525
      32.62362637588214
  7.105427357601002e-15
     -207.2700446534961
                      0
                      0
      194.5156696051487
     -19.74587911975123
     -112.4656593259968
     -119.6403133992525
      19.74587911975123
      112.4656593259968
     -119.6403133992525
     -119.6403133992525
     -112.4656593259968
      19.74587911975123
     -123.3503765031138
     -67.82280221246475
     -67.82280221246475
      -239.280626798505
  3.552713678800501e-15
     -224.9313186519935
     -207.2700446534961
   1.77635683940025e-14
      32.62362637588216
     -123.3503765031138
      67.82280221246474
     -67.82280221246475
     -119.6403133992525
      112.4656593259968
      19.74587911975122
      97.25783480257434
     -16.31181318794107
      67.82280221246475
      40.04375254834806
     -19.74587911975123
     -19.74587911975122
      194.5156696051487
                      0
     -32.62362637588214
      694.6632069497401
                      0
      224.9313186519935
      40.04375254834806
      19.74587911975123
     -19.74587911975122
      97.25783480257437
      16.31181318794108
      67.82280221246477
     -112.4656593259968
     -119.6403133992525
      19.74587911975123
     -67.82280221246475
     -123.3503765031138
     -67.82280221246475
  7.105427357601002e-15
      80.08750509669613
 -3.552713678800501e-15
 -3.552713678800501e-15
      194.5156696051487
                      0
      67.82280221246475
     -123.3503765031138
      67.82280221246475
      112.4656593259968
     -119.6403133992525
     -19.74587911975123
      16.31181318794108
     -103.6350223267481
      16.31181318794108
      19.74587911975123
     -119.6403133992525
     -112.4656593259968
                      0
      194.5156696051487
   1.06581410364015e-14
                      0
        694.66320694974
                      0
     -19.74587911975122
     -119.6403133992525
      112.4656593259968
     -16.31181318794107
     -103.6350223267481
     -16.31181318794107
     -19.74587911975122
     -19.74587911975123
      40.04375254834807
     -67.82280221246475
     -67.82280221246475
     -123.3503765031138
     -224.9313186519935
  7.105427357601002e-15
     -239.2806267985051
     -32.62362637588214
                      0
      194.5156696051487
     -67.82280221246475
      67.82280221246475
     -123.3503765031138
     -19.74587911975123
      19.74587911975122
      40.04375254834806
      67.82280221246477
     -16.31181318794107
      97.25783480257437
      19.74587911975123
     -112.4656593259968
     -119.6403133992525
      32.62362637588215
  7.105427357601002e-15
     -207.2700446534961
      224.9313186519935
                      0
      694.6632069497401
      19.74587911975123
      112.4656593259968
     -119.6403133992525
      67.82280221246475
      16.31181318794108
      97.25783480257437
     -119.6403133992525
     -19.74587911975123
      112.4656593259968
     -123.3503765031138
      67.82280221246475
      67.82280221246475
     -103.6350223267481
     -16.31181318794107
     -16.31181318794108
     -119.6403133992525
      112.4656593259968
     -19.74587911975123
      97.25783480257437
     -67.82280221246475
      16.31181318794108
      40.04375254834806
      19.74587911975123
      19.74587911975123
      347.3316034748701
     -112.4656593259968
     -112.4656593259968
      97.25783480257434
      16.31181318794108
     -67.82280221246477
      19.74587911975122
      40.04375254834807
     -19.74587911975122
      67.82280221246475
     -123.3503765031138
     -67.82280221246475
      16.31181318794107
      97.25783480257437
      67.82280221246475
      112.4656593259968
     -119.6403133992525
      19.74587911975123
     -67.82280221246477
      97.25783480257434
     -16.31181318794107
     -19.74587911975123
     -119.6403133992525
     -112.4656593259968
     -112.4656593259968
      347.3316034748701
      112.4656593259968
     -16.31181318794107
      -103.635022326748
      16.31181318794107
      112.4656593259968
      19.74587911975123
     -119.6403133992525
      67.82280221246475
     -67.82280221246475
     -123.3503765031138
      16.31181318794106
      67.82280221246475
      97.25783480257437
      19.74587911975122
     -19.74587911975122
      40.04375254834806
     -16.31181318794107
      16.31181318794108
      -103.635022326748
     -19.74587911975123
     -112.4656593259968
     -119.6403133992525
     -112.4656593259968
      112.4656593259968
      347.3316034748701
     -67.82280221246475
     -16.31181318794108
      97.25783480257434
     -123.3503765031138
     -67.82280221246475
      67.82280221246475
      -239.280626798505
  3.552713678800501e-15
      224.9313186519935
     -119.6403133992525
     -112.4656593259968
     -19.74587911975123
     -207.2700446534961
  3.552713678800501e-15
     -32.62362637588215
     -123.3503765031138
      67.82280221246475
      67.82280221246475
     -119.6403133992525
      112.4656593259968
     -19.74587911975123
      40.04375254834806
     -19.74587911975123
      19.74587911975123
      194.5156696051487
                      0
      32.62362637588214
      97.25783480257434
     -16.31181318794107
     -67.82280221246475
      694.6632069497401
   -1.4210854715202e-14
     -224.9313186519935
      40.04375254834806
      19.74587911975123
      19.74587911975123
      97.25783480257437
      16.31181318794107
     -67.82280221246477
     -67.82280221246475
     -123.3503765031138
      67.82280221246475
                      0
      80.08750509669615
  3.552713678800501e-15
     -112.4656593259968
     -119.6403133992525
     -19.74587911975123
  3.552713678800501e-15
      194.5156696051487
   -1.4210854715202e-14
      67.82280221246475
     -123.3503765031138
     -67.82280221246475
      112.4656593259968
     -119.6403133992525
      19.74587911975123
      19.74587911975123
     -119.6403133992525
      112.4656593259968
   -1.4210854715202e-14
      194.5156696051487
  7.105427357601002e-15
      16.31181318794108
      -103.635022326748
     -16.31181318794108
   -1.4210854715202e-14
      694.6632069497401
                      0
     -19.74587911975123
     -119.6403133992525
     -112.4656593259968
     -16.31181318794107
      -103.635022326748
      16.31181318794107
      67.82280221246475
      67.82280221246475
     -123.3503765031138
      224.9313186519935
                      0
     -239.2806267985051
      19.74587911975122
      19.74587911975123
      40.04375254834807
      32.62362637588214
                      0
      194.5156696051487
      67.82280221246475
     -67.82280221246475
     -123.3503765031138
      19.74587911975123
     -19.74587911975122
      40.04375254834807
     -19.74587911975123
      112.4656593259968
     -119.6403133992525
     -32.62362637588214
   1.06581410364015e-14
     -207.2700446534961
     -67.82280221246477
      16.31181318794107
      97.25783480257434
     -224.9313186519935
                      0
      694.6632069497401
     -19.74587911975123
     -112.4656593259968
     -119.6403133992525
     -67.82280221246475
     -16.31181318794108
      97.25783480257434
      -239.280626798505
     -224.9313186519935
                      0
     -123.3503765031138
     -67.82280221246475
      67.82280221246475
     -123.3503765031138
     -67.82280221246475
     -67.82280221246475
     -207.2700446534961
      32.62362637588216
  7.105427357601002e-15
     -119.6403133992525
      19.74587911975123
      112.4656593259968
     -119.6403133992525
      19.74587911975123
     -112.4656593259968
      194.5156696051487
     -32.62362637588214
                      0
      40.04375254834806
     -19.74587911975122
      19.74587911975123
      40.04375254834806
     -19.74587911975123
     -19.74587911975123
      694.6632069497401
      224.9313186519935
                      0
      97.25783480257437
      67.82280221246475
      16.31181318794107
      97.25783480257437
      67.82280221246475
     -16.31181318794107
     -224.9313186519935
      -239.280626798505
  3.552713678800501e-15
     -67.82280221246475
     -123.3503765031138
      67.82280221246475
     -67.82280221246475
     -123.3503765031138
     -67.82280221246475
     -32.62362637588213
      194.5156696051487
                      0
     -19.74587911975122
      40.04375254834807
      19.74587911975123
     -19.74587911975122
      40.04375254834807
     -19.74587911975123
      32.62362637588215
     -207.2700446534961
                      0
      19.74587911975123
     -119.6403133992525
      112.4656593259968
      19.74587911975123
     -119.6403133992525
     -112.4656593259968
      224.9313186519935
      694.6632069497401
                      0
      67.82280221246475
      97.25783480257437
      16.31181318794108
      67.82280221246475
      97.25783480257437
     -16.31181318794107
                      0
  3.552713678800501e-15
      80.08750509669613
      67.82280221246475
      67.82280221246475
     -123.3503765031138
     -67.82280221246475
     -67.82280221246475
     -123.3503765031138
  3.552713678800501e-15
    1.4210854715202e-14
      194.5156696051487
      112.4656593259968
     -19.74587911975123
     -119.6403133992525
     -112.4656593259968
      19.74587911975123
     -119.6403133992525
                      0
  3.552713678800501e-15
      194.5156696051487
     -19.74587911975122
      112.4656593259968
     -119.6403133992525
      19.74587911975123
     -112.4656593259968
     -119.6403133992525
                      0
                      0
      694.6632069497401
     -16.31181318794106
     -16.31181318794107
      -103.635022326748
      16.31181318794107
      16.31181318794108
      -103.635022326748
     -123.3503765031138
     -67.82280221246475
     -67.82280221246475
     -119.6403133992525
     -112.4656593259968
      19.74587911975123
     -119.6403133992525
      19.74587911975123
     -112.4656593259968
     -103.6350223267481
      16.31181318794108
      16.31181318794108
      40.04375254834806
     -19.74587911975123
     -19.74587911975123
      97.25783480257437
     -16.31181318794107
      67.82280221246475
      97.25783480257437
      67.82280221246475
     -16.31181318794106
      347.3316034748701
      112.4656593259968
      112.4656593259968
     -67.82280221246475
     -123.3503765031138
     -67.82280221246475
     -112.4656593259968
     -119.6403133992525
      19.74587911975123
     -19.74587911975122
      40.04375254834807
     -19.74587911975123
     -16.31181318794106
      97.25783480257437
      67.82280221246477
      19.74587911975123
     -119.6403133992525
     -112.4656593259968
      16.31181318794108
     -103.6350223267481
      16.31181318794108
      67.82280221246475
      97.25783480257437
     -16.31181318794107
      112.4656593259968
        347.33160347487
      112.4656593259968
     -67.82280221246475
     -67.82280221246475
     -123.3503765031138
     -19.74587911975123
     -19.74587911975123
      40.04375254834807
     -112.4656593259968
      19.74587911975123
     -119.6403133992525
     -16.31181318794106
      67.82280221246477
      97.25783480257437
      19.74587911975123
     -112.4656593259968
     -119.6403133992525
      67.82280221246477
     -16.31181318794107
      97.25783480257437
      16.31181318794107
      16.31181318794108
      -103.635022326748
      112.4656593259968
      112.4656593259968
      347.3316034748701
     -123.3503765031138
     -67.82280221246475
      67.82280221246475
     -119.6403133992525
     -112.4656593259968
     -19.74587911975123
     -119.6403133992525
      19.74587911975123
      112.4656593259968
      -103.635022326748
      16.31181318794108
     -16.31181318794108
      40.04375254834806
     -19.74587911975123
      19.74587911975123
      97.25783480257437
     -16.31181318794107
     -67.82280221246475
      97.25783480257437
      67.82280221246475
      16.31181318794107
      347.3316034748701
      112.4656593259968
     -112.4656593259968
     -67.82280221246475
     -123.3503765031138
      67.82280221246475
     -112.4656593259968
     -119.6403133992525
     -19.74587911975123
     -19.74587911975122
      40.04375254834807
      19.74587911975123
     -16.31181318794107
      97.25783480257432
     -67.82280221246477
      19.74587911975123
     -119.6403133992525
      112.4656593259968
      16.31181318794107
      -103.635022326748
     -16.31181318794108
      67.82280221246475
      97.25783480257437
      16.31181318794108
      112.4656593259968
      347.3316034748701
     -112.4656593259968
      67.82280221246475
      67.82280221246475
     -123.3503765031138
      19.74587911975123
      19.74587911975123
      40.04375254834807
      112.4656593259968
     -19.74587911975123
     -119.6403133992525
      16.31181318794106
     -67.82280221246475
      97.25783480257434
     -19.74587911975123
      112.4656593259968
     -119.6403133992525
     -67.82280221246477
      16.31181318794107
      97.25783480257434
     -16.31181318794107
     -16.31181318794107
      -103.635022326748
     -112.4656593259968
     -112.4656593259968
        347.33160347487
