81
0
24
48
72
108
144
180
234
288
342
378
414
450
486
522
558
612
666
720
801
882
963
1017
1071
1125
1149
1173
1197
1233
1269
1305
1341
1377
1413
1467
1521
1575
1611
1647
1683
1707
1731
1755
1809
1863
1917
1953
1989
2025
2049
2073
2097
2133
2169
2205
2229
2253
2277
2313
2349
2385
2439
2493
2547
2583
2619
2655
2679
2703
2727
2763
2799
2835
2871
2907
2943
2967
2991
3015
3039
3063
3087
0
1
2
3
4
5
6
7
8
9
10
11
12
13
14
15
16
17
18
19
20
21
22
23
0
1
2
3
4
5
6
7
8
9
10
11
12
13
14
15
16
17
18
19
20
21
22
23
0
1
2
3
4
5
6
7
8
9
10
11
12
13
14
15
16
17
18
19
20
21
22
23
0
1
2
3
4
5
6
7
8
9
10
11
12
13
14
15
16
17
18
19
20
21
22
23
24
25
26
27
28
29
30
31
32
33
34
35
0
1
2
3
4
5
6
7
8
9
10
11
12
13
14
15
16
17
18
19
20
21
22
23
24
25
26
27
28
29
30
31
32
33
34
35
0
1
2
3
4
5
6
7
8
9
10
11
12
13
14
15
16
17
18
19
20
21
22
23
24
25
26
27
28
29
30
31
32
33
34
35
0
1
2
3
4
5
6
7
8
9
10
11
12
13
14
15
16
17
18
19
20
21
22
23
24
25
26
27
28
29
30
31
32
33
34
35
36
37
38
39
40
41
42
43
44
45
46
47
48
49
50
51
52
53
0
1
2
3
4
5
6
7
8
9
10
11
12
13
14
15
16
17
18
19
20
21
22
23
24
25
26
27
28
29
30
31
32
33
34
35
36
37
38
39
40
41
42
43
44
45
46
47
48
49
50
51
52
53
0
1
2
3
4
5
6
7
8
9
10
11
12
13
14
15
16
17
18
19
20
21
22
23
24
25
26
27
28
29
30
31
32
33
34
35
36
37
38
39
40
41
42
43
44
45
46
47
48
49
50
51
52
53
0
1
2
3
4
5
6
7
8
9
10
11
12
13
14
15
16
17
18
19
20
21
22
23
36
37
38
39
40
41
42
43
44
45
46
47
0
1
2
3
4
5
6
7
8
9
10
11
12
13
14
15
16
17
18
19
20
21
22
23
36
37
38
39
40
41
42
43
44
45
46
47
0
1
2
3
4
5
6
7
8
9
10
11
12
13
14
15
16
17
18
19
20
21
22
23
36
37
38
39
40
41
42
43
44
45
46
47
0
1
2
3
4
5
6
7
8
9
10
11
12
13
14
15
16
17
18
19
20
21
22
23
54
55
56
57
58
59
60
61
62
63
64
65
0
1
2
3
4
5
6
7
8
9
10
11
12
13
14
15
16
17
18
19
20
21
22
23
54
55
56
57
58
59
60
61
62
63
64
65
0
1
2
3
4
5
6
7
8
9
10
11
12
13
14
15
16
17
18
19
20
21
22
23
54
55
56
57
58
59
60
61
62
63
64
65
0
1
2
3
4
5
6
7
8
9
10
11
12
13
14
15
16
17
18
19
20
21
22
23
24
25
26
27
28
29
30
31
32
33
34
35
54
55
56
57
58
59
60
61
62
63
64
65
66
67
68
69
70
71
0
1
2
3
4
5
6
7
8
9
10
11
12
13
14
15
16
17
18
19
20
21
22
23
24
25
26
27
28
29
30
31
32
33
34
35
54
55
56
57
58
59
60
61
62
63
64
65
66
67
68
69
70
71
0
1
2
3
4
5
6
7
8
9
10
11
12
13
14
15
16
17
18
19
20
21
22
23
24
25
26
27
28
29
30
31
32
33
34
35
54
55
56
57
58
59
60
61
62
63
64
65
66
67
68
69
70
71
0
1
2
3
4
5
6
7
8
9
10
11
12
13
14
15
16
17
18
19
20
21
22
23
24
25
26
27
28
29
30
31
32
33
34
35
36
37
38
39
40
41
42
43
44
45
46
47
48
49
50
51
52
53
54
55
56
57
58
59
60
61
62
63
64
65
66
67
68
69
70
71
72
73
74
75
76
77
78
79
80
0
1
2
3
4
5
6
7
8
9
10
11
12
13
14
15
16
17
18
19
20
21
22
23
24
25
26
27
28
29
30
31
32
33
34
35
36
37
38
39
40
41
42
43
44
45
46
47
48
49
50
51
52
53
54
55
56
57
58
59
60
61
62
63
64
65
66
67
68
69
70
71
72
73
74
75
76
77
78
79
80
0
1
2
3
4
5
6
7
8
9
10
11
12
13
14
15
16
17
18
19
20
21
22
23
24
25
26
27
28
29
30
31
32
33
34
35
36
37
38
39
40
41
42
43
44
45
46
47
48
49
50
51
52
53
54
55
56
57
58
59
60
61
62
63
64
65
66
67
68
69
70
71
72
73
74
75
76
77
78
79
80
0
1
2
3
4
5
6
7
8
9
10
11
12
13
14
15
16
17
18
19
20
21
22
23
36
37
38
39
40
41
42
43
44
45
46
47
54
55
56
57
58
59
60
61
62
63
64
65
72
73
74
75
76
77
0
1
2
3
4
5
6
7
8
9
10
11
12
13
14
15
16
17
18
19
20
21
22
23
36
37
38
39
40
41
42
43
44
45
46
47
54
55
56
57
58
59
60
61
62
63
64
65
72
73
74
75
76
77
0
1
2
3
4
5
6
7
8
9
10
11
12
13
14
15
16
17
18
19
20
21
22
23
36
37
38
39
40
41
42
43
44
45
46
47
54
55
56
57
58
59
60
61
62
63
64
65
72
73
74
75
76
77
3
4
5
6
7
8
15
16
17
18
19
20
24
25
26
27
28
29
30
31
32
33
34
35
3
4
5
6
7
8
15
16
17
18
19
20
24
25
26
27
28
29
30
31
32
33
34
35
3
4
5
6
7
8
15
16
17
18
19
20
24
25
26
27
28
29
30
31
32
33
34
35
3
4
5
6
7
8
15
16
17
18
19
20
24
25
26
27
28
29
30
31
32
33
34
35
36
37
38
42
43
44
48
49
50
51
52
53
3
4
5
6
7
8
15
16
17
18
19
20
24
25
26
27
28
29
30
31
32
33
34
35
36
37
38
42
43
44
48
49
50
51
52
53
3
4
5
6
7
8
15
16
17
18
19
20
24
25
26
27
28
29
30
31
32
33
34
35
36
37
38
42
43
44
48
49
50
51
52
53
3
4
5
6
7
8
15
16
17
18
19
20
24
25
26
27
28
29
30
31
32
33
34
35
57
58
59
60
61
62
66
67
68
69
70
71
3
4
5
6
7
8
15
16
17
18
19
20
24
25
26
27
28
29
30
31
32
33
34
35
57
58
59
60
61
62
66
67
68
69
70
71
3
4
5
6
7
8
15
16
17
18
19
20
24
25
26
27
28
29
30
31
32
33
34
35
57
58
59
60
61
62
66
67
68
69
70
71
3
4
5
6
7
8
15
16
17
18
19
20
24
25
26
27
28
29
30
31
32
33
34
35
36
37
38
42
43
44
48
49
50
51
52
53
57
58
59
60
61
62
66
67
68
69
70
71
72
73
74
78
79
80
3
4
5
6
7
8
15
16
17
18
19
20
24
25
26
27
28
29
30
31
32
33
34
35
36
37
38
42
43
44
48
49
50
51
52
53
57
58
59
60
61
62
66
67
68
69
70
71
72
73
74
78
79
80
3
4
5
6
7
8
15
16
17
18
19
20
24
25
26
27
28
29
30
31
32
33
34
35
36
37
38
42
43
44
48
49
50
51
52
53
57
58
59
60
61
62
66
67
68
69
70
71
72
73
74
78
79
80
6
7
8
9
10
11
18
19
20
21
22
23
27
28
29
33
34
35
36
37
38
39
40
41
42
43
44
45
46
47
48
49
50
51
52
53
6
7
8
9
10
11
18
19
20
21
22
23
27
28
29
33
34
35
36
37
38
39
40
41
42
43
44
45
46
47
48
49
50
51
52
53
6
7
8
9
10
11
18
19
20
21
22
23
27
28
29
33
34
35
36
37
38
39
40
41
42
43
44
45
46
47
48
49
50
51
52
53
6
7
8
9
10
11
18
19
20
21
22
23
36
37
38
39
40
41
42
43
44
45
46
47
6
7
8
9
10
11
18
19
20
21
22
23
36
37
38
39
40
41
42
43
44
45
46
47
6
7
8
9
10
11
18
19
20
21
22
23
36
37
38
39
40
41
42
43
44
45
46
47
6
7
8
9
10
11
18
19
20
21
22
23
27
28
29
33
34
35
36
37
38
39
40
41
42
43
44
45
46
47
48
49
50
51
52
53
60
61
62
63
64
65
69
70
71
72
73
74
75
76
77
78
79
80
6
7
8
9
10
11
18
19
20
21
22
23
27
28
29
33
34
35
36
37
38
39
40
41
42
43
44
45
46
47
48
49
50
51
52
53
60
61
62
63
64
65
69
70
71
72
73
74
75
76
77
78
79
80
6
7
8
9
10
11
18
19
20
21
22
23
27
28
29
33
34
35
36
37
38
39
40
41
42
43
44
45
46
47
48
49
50
51
52
53
60
61
62
63
64
65
69
70
71
72
73
74
75
76
77
78
79
80
6
7
8
9
10
11
18
19
20
21
22
23
36
37
38
39
40
41
42
43
44
45
46
47
60
61
62
63
64
65
72
73
74
75
76
77
6
7
8
9
10
11
18
19
20
21
22
23
36
37
38
39
40
41
42
43
44
45
46
47
60
61
62
63
64
65
72
73
74
75
76
77
6
7
8
9
10
11
18
19
20
21
22
23
36
37
38
39
40
41
42
43
44
45
46
47
60
61
62
63
64
65
72
73
74
75
76
77
6
7
8
18
19
20
27
28
29
33
34
35
36
37
38
42
43
44
48
49
50
51
52
53
6
7
8
18
19
20
27
28
29
33
34
35
36
37
38
42
43
44
48
49
50
51
52
53
6
7
8
18
19
20
27
28
29
33
34
35
36
37
38
42
43
44
48
49
50
51
52
53
6
7
8
18
19
20
27
28
29
33
34
35
36
37
38
42
43
44
48
49
50
51
52
53
60
61
62
69
70
71
72
73
74
78
79
80
6
7
8
18
19
20
27
28
29
33
34
35
36
37
38
42
43
44
48
49
50
51
52
53
60
61
62
69
70
71
72
73
74
78
79
80
6
7
8
18
19
20
27
28
29
33
34
35
36
37
38
42
43
44
48
49
50
51
52
53
60
61
62
69
70
71
72
73
74
78
79
80
12
13
14
15
16
17
18
19
20
21
22
23
54
55
56
57
58
59
60
61
62
63
64
65
12
13
14
15
16
17
18
19
20
21
22
23
54
55
56
57
58
59
60
61
62
63
64
65
12
13
14
15
16
17
18
19
20
21
22
23
54
55
56
57
58
59
60
61
62
63
64
65
12
13
14
15
16
17
18
19
20
21
22
23
30
31
32
33
34
35
54
55
56
57
58
59
60
61
62
63
64
65
66
67
68
69
70
71
12
13
14
15
16
17
18
19
20
21
22
23
30
31
32
33
34
35
54
55
56
57
58
59
60
61
62
63
64
65
66
67
68
69
70
71
12
13
14
15
16
17
18
19
20
21
22
23
30
31
32
33
34
35
54
55
56
57
58
59
60
61
62
63
64
65
66
67
68
69
70
71
12
13
14
15
16
17
18
19
20
21
22
23
30
31
32
33
34
35
42
43
44
45
46
47
51
52
53
54
55
56
57
58
59
60
61
62
63
64
65
66
67
68
69
70
71
72
73
74
75
76
77
78
79
80
12
13
14
15
16
17
18
19
20
21
22
23
30
31
32
33
34
35
42
43
44
45
46
47
51
52
53
54
55
56
57
58
59
60
61
62
63
64
65
66
67
68
69
70
71
72
73
74
75
76
77
78
79
80
12
13
14
15
16
17
18
19
20
21
22
23
30
31
32
33
34
35
42
43
44
45
46
47
51
52
53
54
55
56
57
58
59
60
61
62
63
64
65
66
67
68
69
70
71
72
73
74
75
76
77
78
79
80
12
13
14
15
16
17
18
19
20
21
22
23
42
43
44
45
46
47
54
55
56
57
58
59
60
61
62
63
64
65
72
73
74
75
76
77
12
13
14
15
16
17
18
19
20
21
22
23
42
43
44
45
46
47
54
55
56
57
58
59
60
61
62
63
64
65
72
73
74
75
76
77
12
13
14
15
16
17
18
19
20
21
22
23
42
43
44
45
46
47
54
55
56
57
58
59
60
61
62
63
64
65
72
73
74
75
76
77
15
16
17
18
19
20
30
31
32
33
34
35
57
58
59
60
61
62
66
67
68
69
70
71
15
16
17
18
19
20
30
31
32
33
34
35
57
58
59
60
61
62
66
67
68
69
70
71
15
16
17
18
19
20
30
31
32
33
34
35
57
58
59
60
61
62
66
67
68
69
70
71
15
16
17
18
19
20
30
31
32
33
34
35
42
43
44
51
52
53
57
58
59
60
61
62
66
67
68
69
70
71
72
73
74
78
79
80
15
16
17
18
19
20
30
31
32
33
34
35
42
43
44
51
52
53
57
58
59
60
61
62
66
67
68
69
70
71
72
73
74
78
79
80
15
16
17
18
19
20
30
31
32
33
34
35
42
43
44
51
52
53
57
58
59
60
61
62
66
67
68
69
70
71
72
73
74
78
79
80
18
19
20
21
22
23
33
34
35
42
43
44
45
46
47
51
52
53
60
61
62
63
64
65
69
70
71
72
73
74
75
76
77
78
79
80
18
19
20
21
22
23
33
34
35
42
43
44
45
46
47
51
52
53
60
61
62
63
64
65
69
70
71
72
73
74
75
76
77
78
79
80
18
19
20
21
22
23
33
34
35
42
43
44
45
46
47
51
52
53
60
61
62
63
64
65
69
70
71
72
73
74
75
76
77
78
79
80
18
19
20
21
22
23
42
43
44
45
46
47
60
61
62
63
64
65
72
73
74
75
76
77
18
19
20
21
22
23
42
43
44
45
46
47
60
61
62
63
64
65
72
73
74
75
76
77
18
19
20
21
22
23
42
43
44
45
46
47
60
61
62
63
64
65
72
73
74
75
76
77
18
19
20
33
34
35
42
43
44
51
52
53
60
61
62
69
70
71
72
73
74
78
79
80
18
19
20
33
34
35
42
43
44
51
52
53
60
61
62
69
70
71
72
73
74
78
79
80
18
19
20
33
34
35
42
43
44
51
52
53
60
61
62
69
70
71
72
73
74
78
79
80
