%%MatrixMarket matrix coordinate real general
%
256 257 767
1 1 1.024000000000000e+03
1 2 -5.120000000000000e+02
2 1 -5.120000000000000e+02
2 2 1.024000000000000e+03
2 3 -5.120000000000000e+02
3 2 -5.120000000000000e+02
3 3 1.024000000000000e+03
3 4 -5.120000000000000e+02
4 3 -5.120000000000000e+02
4 4 1.024000000000000e+03
4 5 -5.120000000000000e+02
5 4 -5.120000000000000e+02
5 5 1.024000000000000e+03
5 6 -5.120000000000000e+02
6 5 -5.120000000000000e+02
6 6 1.024000000000000e+03
6 7 -5.120000000000000e+02
7 6 -5.120000000000000e+02
7 7 1.024000000000000e+03
7 8 -5.120000000000000e+02
8 7 -5.120000000000000e+02
8 8 1.024000000000000e+03
8 9 -5.120000000000000e+02
9 8 -5.120000000000000e+02
9 9 1.024000000000000e+03
9 10 -5.120000000000000e+02
10 9 -5.120000000000000e+02
10 10 1.024000000000000e+03
10 11 -5.120000000000000e+02
11 10 -5.120000000000000e+02
11 11 1.024000000000000e+03
11 12 -5.120000000000000e+02
12 11 -5.120000000000000e+02
12 12 1.024000000000000e+03
12 13 -5.120000000000000e+02
13 12 -5.120000000000000e+02
13 13 1.024000000000000e+03
13 14 -5.120000000000000e+02
14 13 -5.120000000000000e+02
14 14 1.024000000000000e+03
14 15 -5.120000000000000e+02
15 14 -5.120000000000000e+02
15 15 1.024000000000000e+03
15 16 -5.120000000000000e+02
16 15 -5.120000000000000e+02
16 16 1.024000000000000e+03
16 17 -5.120000000000000e+02
17 16 -5.120000000000000e+02
17 17 1.024000000000000e+03
17 18 -5.120000000000000e+02
18 17 -5.120000000000000e+02
18 18 1.024000000000000e+03
18 19 -5.120000000000000e+02
19 18 -5.120000000000000e+02
19 19 1.024000000000000e+03
19 20 -5.120000000000000e+02
20 19 -5.120000000000000e+02
20 20 1.024000000000000e+03
20 21 -5.120000000000000e+02
21 20 -5.120000000000000e+02
21 21 1.024000000000000e+03
21 22 -5.120000000000000e+02
22 21 -5.120000000000000e+02
22 22 1.024000000000000e+03
22 23 -5.120000000000000e+02
23 22 -5.120000000000000e+02
23 23 1.024000000000000e+03
23 24 -5.120000000000000e+02
24 23 -5.120000000000000e+02
24 24 1.024000000000000e+03
24 25 -5.120000000000000e+02
25 24 -5.120000000000000e+02
25 25 1.024000000000000e+03
25 26 -5.120000000000000e+02
26 25 -5.120000000000000e+02
26 26 1.024000000000000e+03
26 27 -5.120000000000000e+02
27 26 -5.120000000000000e+02
27 27 1.024000000000000e+03
27 28 -5.120000000000000e+02
28 27 -5.120000000000000e+02
28 28 1.024000000000000e+03
28 29 -5.120000000000000e+02
29 28 -5.120000000000000e+02
29 29 1.024000000000000e+03
29 30 -5.120000000000000e+02
30 29 -5.120000000000000e+02
30 30 1.024000000000000e+03
30 31 -5.120000000000000e+02
31 30 -5.120000000000000e+02
31 31 1.024000000000000e+03
31 32 -5.120000000000000e+02
32 31 -5.120000000000000e+02
32 32 1.024000000000000e+03
32 33 -5.120000000000000e+02
33 32 -5.120000000000000e+02
33 33 1.024000000000000e+03
33 34 -5.120000000000000e+02
34 33 -5.120000000000000e+02
34 34 1.024000000000000e+03
34 35 -5.120000000000000e+02
35 34 -5.120000000000000e+02
35 35 1.024000000000000e+03
35 36 -5.120000000000000e+02
36 35 -5.120000000000000e+02
36 36 1.024000000000000e+03
36 37 -5.120000000000000e+02
37 36 -5.120000000000000e+02
37 37 1.024000000000000e+03
37 38 -5.120000000000000e+02
38 37 -5.120000000000000e+02
38 38 1.024000000000000e+03
38 39 -5.120000000000000e+02
39 38 -5.120000000000000e+02
39 39 1.024000000000000e+03
39 40 -5.120000000000000e+02
40 39 -5.120000000000000e+02
40 40 1.024000000000000e+03
40 41 -5.120000000000000e+02
41 40 -5.120000000000000e+02
41 41 1.024000000000000e+03
41 42 -5.120000000000000e+02
42 41 -5.120000000000000e+02
42 42 1.024000000000000e+03
42 43 -5.120000000000000e+02
43 42 -5.120000000000000e+02
43 43 1.024000000000000e+03
43 44 -5.120000000000000e+02
44 43 -5.120000000000000e+02
44 44 1.024000000000000e+03
44 45 -5.120000000000000e+02
45 44 -5.120000000000000e+02
45 45 1.024000000000000e+03
45 46 -5.120000000000000e+02
46 45 -5.120000000000000e+02
46 46 1.024000000000000e+03
46 47 -5.120000000000000e+02
47 46 -5.120000000000000e+02
47 47 1.024000000000000e+03
47 48 -5.120000000000000e+02
48 47 -5.120000000000000e+02
48 48 1.024000000000000e+03
48 49 -5.120000000000000e+02
49 48 -5.120000000000000e+02
49 49 1.024000000000000e+03
49 50 -5.120000000000000e+02
50 49 -5.120000000000000e+02
50 50 1.024000000000000e+03
50 51 -5.120000000000000e+02
51 50 -5.120000000000000e+02
51 51 1.024000000000000e+03
51 52 -5.120000000000000e+02
52 51 -5.120000000000000e+02
52 52 1.024000000000000e+03
52 53 -5.120000000000000e+02
53 52 -5.120000000000000e+02
53 53 1.024000000000000e+03
53 54 -5.120000000000000e+02
54 53 -5.120000000000000e+02
54 54 1.024000000000000e+03
54 55 -5.120000000000000e+02
55 54 -5.120000000000000e+02
55 55 1.024000000000000e+03
55 56 -5.120000000000000e+02
56 55 -5.120000000000000e+02
56 56 1.024000000000000e+03
56 57 -5.120000000000000e+02
57 56 -5.120000000000000e+02
57 57 1.024000000000000e+03
57 58 -5.120000000000000e+02
58 57 -5.120000000000000e+02
58 58 1.024000000000000e+03
58 59 -5.120000000000000e+02
59 58 -5.120000000000000e+02
59 59 1.024000000000000e+03
59 60 -5.120000000000000e+02
60 59 -5.120000000000000e+02
60 60 1.024000000000000e+03
60 61 -5.120000000000000e+02
61 60 -5.120000000000000e+02
61 61 1.024000000000000e+03
61 62 -5.120000000000000e+02
62 61 -5.120000000000000e+02
62 62 1.024000000000000e+03
62 63 -5.120000000000000e+02
63 62 -5.120000000000000e+02
63 63 1.024000000000000e+03
63 64 -5.120000000000000e+02
64 63 -5.120000000000000e+02
64 64 1.024000000000000e+03
64 65 -5.120000000000000e+02
65 64 -5.120000000000000e+02
65 65 1.024000000000000e+03
65 66 -5.120000000000000e+02
66 65 -5.120000000000000e+02
66 66 1.024000000000000e+03
66 67 -5.120000000000000e+02
67 66 -5.120000000000000e+02
67 67 1.024000000000000e+03
67 68 -5.120000000000000e+02
68 67 -5.120000000000000e+02
68 68 1.024000000000000e+03
68 69 -5.120000000000000e+02
69 68 -5.120000000000000e+02
69 69 1.024000000000000e+03
69 70 -5.120000000000000e+02
70 69 -5.120000000000000e+02
70 70 1.024000000000000e+03
70 71 -5.120000000000000e+02
71 70 -5.120000000000000e+02
71 71 1.024000000000000e+03
71 72 -5.120000000000000e+02
72 71 -5.120000000000000e+02
72 72 1.024000000000000e+03
72 73 -5.120000000000000e+02
73 72 -5.120000000000000e+02
73 73 1.024000000000000e+03
73 74 -5.120000000000000e+02
74 73 -5.120000000000000e+02
74 74 1.024000000000000e+03
74 75 -5.120000000000000e+02
75 74 -5.120000000000000e+02
75 75 1.024000000000000e+03
75 76 -5.120000000000000e+02
76 75 -5.120000000000000e+02
76 76 1.024000000000000e+03
76 77 -5.120000000000000e+02
77 76 -5.120000000000000e+02
77 77 1.024000000000000e+03
77 78 -5.120000000000000e+02
78 77 -5.120000000000000e+02
78 78 1.024000000000000e+03
78 79 -5.120000000000000e+02
79 78 -5.120000000000000e+02
79 79 1.024000000000000e+03
79 80 -5.120000000000000e+02
80 79 -5.120000000000000e+02
80 80 1.024000000000000e+03
80 81 -5.120000000000000e+02
81 80 -5.120000000000000e+02
81 81 1.024000000000000e+03
81 82 -5.120000000000000e+02
82 81 -5.120000000000000e+02
82 82 1.024000000000000e+03
82 83 -5.120000000000000e+02
83 82 -5.120000000000000e+02
83 83 1.024000000000000e+03
83 84 -5.120000000000000e+02
84 83 -5.120000000000000e+02
84 84 1.024000000000000e+03
84 85 -5.120000000000000e+02
85 84 -5.120000000000000e+02
85 85 1.024000000000000e+03
85 86 -5.120000000000000e+02
86 85 -5.120000000000000e+02
86 86 1.024000000000000e+03
86 87 -5.120000000000000e+02
87 86 -5.120000000000000e+02
87 87 1.024000000000000e+03
87 88 -5.120000000000000e+02
88 87 -5.120000000000000e+02
88 88 1.024000000000000e+03
88 89 -5.120000000000000e+02
89 88 -5.120000000000000e+02
89 89 1.024000000000000e+03
89 90 -5.120000000000000e+02
90 89 -5.120000000000000e+02
90 90 1.024000000000000e+03
90 91 -5.120000000000000e+02
91 90 -5.120000000000000e+02
91 91 1.024000000000000e+03
91 92 -5.120000000000000e+02
92 91 -5.120000000000000e+02
92 92 1.024000000000000e+03
92 93 -5.120000000000000e+02
93 92 -5.120000000000000e+02
93 93 1.024000000000000e+03
93 94 -5.120000000000000e+02
94 93 -5.120000000000000e+02
94 94 1.024000000000000e+03
94 95 -5.120000000000000e+02
95 94 -5.120000000000000e+02
95 95 1.024000000000000e+03
95 96 -5.120000000000000e+02
96 95 -5.120000000000000e+02
96 96 1.024000000000000e+03
96 97 -5.120000000000000e+02
97 96 -5.120000000000000e+02
97 97 1.024000000000000e+03
97 98 -5.120000000000000e+02
98 97 -5.120000000000000e+02
98 98 1.024000000000000e+03
98 99 -5.120000000000000e+02
99 98 -5.120000000000000e+02
99 99 1.024000000000000e+03
99 100 -5.120000000000000e+02
100 99 -5.120000000000000e+02
100 100 1.024000000000000e+03
100 101 -5.120000000000000e+02
101 100 -5.120000000000000e+02
101 101 1.024000000000000e+03
101 102 -5.120000000000000e+02
102 101 -5.120000000000000e+02
102 102 1.024000000000000e+03
102 103 -5.120000000000000e+02
103 102 -5.120000000000000e+02
103 103 1.024000000000000e+03
103 104 -5.120000000000000e+02
104 103 -5.120000000000000e+02
104 104 1.024000000000000e+03
104 105 -5.120000000000000e+02
105 104 -5.120000000000000e+02
105 105 1.024000000000000e+03
105 106 -5.120000000000000e+02
106 105 -5.120000000000000e+02
106 106 1.024000000000000e+03
106 107 -5.120000000000000e+02
107 106 -5.120000000000000e+02
107 107 1.024000000000000e+03
107 108 -5.120000000000000e+02
108 107 -5.120000000000000e+02
108 108 1.024000000000000e+03
108 109 -5.120000000000000e+02
109 108 -5.120000000000000e+02
109 109 1.024000000000000e+03
109 110 -5.120000000000000e+02
110 109 -5.120000000000000e+02
110 110 1.024000000000000e+03
110 111 -5.120000000000000e+02
111 110 -5.120000000000000e+02
111 111 1.024000000000000e+03
111 112 -5.120000000000000e+02
112 111 -5.120000000000000e+02
112 112 1.024000000000000e+03
112 113 -5.120000000000000e+02
113 112 -5.120000000000000e+02
113 113 1.024000000000000e+03
113 114 -5.120000000000000e+02
114 113 -5.120000000000000e+02
114 114 1.024000000000000e+03
114 115 -5.120000000000000e+02
115 114 -5.120000000000000e+02
115 115 1.024000000000000e+03
115 116 -5.120000000000000e+02
116 115 -5.120000000000000e+02
116 116 1.024000000000000e+03
116 117 -5.120000000000000e+02
117 116 -5.120000000000000e+02
117 117 1.024000000000000e+03
117 118 -5.120000000000000e+02
118 117 -5.120000000000000e+02
118 118 1.024000000000000e+03
118 119 -5.120000000000000e+02
119 118 -5.120000000000000e+02
119 119 1.024000000000000e+03
119 120 -5.120000000000000e+02
120 119 -5.120000000000000e+02
120 120 1.024000000000000e+03
120 121 -5.120000000000000e+02
121 120 -5.120000000000000e+02
121 121 1.024000000000000e+03
121 122 -5.120000000000000e+02
122 121 -5.120000000000000e+02
122 122 1.024000000000000e+03
122 123 -5.120000000000000e+02
123 122 -5.120000000000000e+02
123 123 1.024000000000000e+03
123 124 -5.120000000000000e+02
124 123 -5.120000000000000e+02
124 124 1.024000000000000e+03
124 125 -5.120000000000000e+02
125 124 -5.120000000000000e+02
125 125 1.024000000000000e+03
125 126 -5.120000000000000e+02
126 125 -5.120000000000000e+02
126 126 1.024000000000000e+03
126 127 -5.120000000000000e+02
127 126 -5.120000000000000e+02
127 127 1.024000000000000e+03
127 128 -5.120000000000000e+02
128 127 -5.120000000000000e+02
128 128 1.024000000000000e+03
128 129 -5.120000000000000e+02
129 128 -5.120000000000000e+02
129 129 1.024000000000000e+03
129 130 -5.120000000000000e+02
130 129 -5.120000000000000e+02
130 130 1.024000000000000e+03
130 131 -5.120000000000000e+02
131 130 -5.120000000000000e+02
131 131 1.024000000000000e+03
131 132 -5.120000000000000e+02
132 131 -5.120000000000000e+02
132 132 1.024000000000000e+03
132 133 -5.120000000000000e+02
133 132 -5.120000000000000e+02
133 133 1.024000000000000e+03
133 134 -5.120000000000000e+02
134 133 -5.120000000000000e+02
134 134 1.024000000000000e+03
134 135 -5.120000000000000e+02
135 134 -5.120000000000000e+02
135 135 1.024000000000000e+03
135 136 -5.120000000000000e+02
136 135 -5.120000000000000e+02
136 136 1.024000000000000e+03
136 137 -5.120000000000000e+02
137 136 -5.120000000000000e+02
137 137 1.024000000000000e+03
137 138 -5.120000000000000e+02
138 137 -5.120000000000000e+02
138 138 1.024000000000000e+03
138 139 -5.120000000000000e+02
139 138 -5.120000000000000e+02
139 139 1.024000000000000e+03
139 140 -5.120000000000000e+02
140 139 -5.120000000000000e+02
140 140 1.024000000000000e+03
140 141 -5.120000000000000e+02
141 140 -5.120000000000000e+02
141 141 1.024000000000000e+03
141 142 -5.120000000000000e+02
142 141 -5.120000000000000e+02
142 142 1.024000000000000e+03
142 143 -5.120000000000000e+02
143 142 -5.120000000000000e+02
143 143 1.024000000000000e+03
143 144 -5.120000000000000e+02
144 143 -5.120000000000000e+02
144 144 1.024000000000000e+03
144 145 -5.120000000000000e+02
145 144 -5.120000000000000e+02
145 145 1.024000000000000e+03
145 146 -5.120000000000000e+02
146 145 -5.120000000000000e+02
146 146 1.024000000000000e+03
146 147 -5.120000000000000e+02
147 146 -5.120000000000000e+02
147 147 1.024000000000000e+03
147 148 -5.120000000000000e+02
148 147 -5.120000000000000e+02
148 148 1.024000000000000e+03
148 149 -5.120000000000000e+02
149 148 -5.120000000000000e+02
149 149 1.024000000000000e+03
149 150 -5.120000000000000e+02
150 149 -5.120000000000000e+02
150 150 1.024000000000000e+03
150 151 -5.120000000000000e+02
151 150 -5.120000000000000e+02
151 151 1.024000000000000e+03
151 152 -5.120000000000000e+02
152 151 -5.120000000000000e+02
152 152 1.024000000000000e+03
152 153 -5.120000000000000e+02
153 152 -5.120000000000000e+02
153 153 1.024000000000000e+03
153 154 -5.120000000000000e+02
154 153 -5.120000000000000e+02
154 154 1.024000000000000e+03
154 155 -5.120000000000000e+02
155 154 -5.120000000000000e+02
155 155 1.024000000000000e+03
155 156 -5.120000000000000e+02
156 155 -5.120000000000000e+02
156 156 1.024000000000000e+03
156 157 -5.120000000000000e+02
157 156 -5.120000000000000e+02
157 157 1.024000000000000e+03
157 158 -5.120000000000000e+02
158 157 -5.120000000000000e+02
158 158 1.024000000000000e+03
158 159 -5.120000000000000e+02
159 158 -5.120000000000000e+02
159 159 1.024000000000000e+03
159 160 -5.120000000000000e+02
160 159 -5.120000000000000e+02
160 160 1.024000000000000e+03
160 161 -5.120000000000000e+02
161 160 -5.120000000000000e+02
161 161 1.024000000000000e+03
161 162 -5.120000000000000e+02
162 161 -5.120000000000000e+02
162 162 1.024000000000000e+03
162 163 -5.120000000000000e+02
163 162 -5.120000000000000e+02
163 163 1.024000000000000e+03
163 164 -5.120000000000000e+02
164 163 -5.120000000000000e+02
164 164 1.024000000000000e+03
164 165 -5.120000000000000e+02
165 164 -5.120000000000000e+02
165 165 1.024000000000000e+03
165 166 -5.120000000000000e+02
166 165 -5.120000000000000e+02
166 166 1.024000000000000e+03
166 167 -5.120000000000000e+02
167 166 -5.120000000000000e+02
167 167 1.024000000000000e+03
167 168 -5.120000000000000e+02
168 167 -5.120000000000000e+02
168 168 1.024000000000000e+03
168 169 -5.120000000000000e+02
169 168 -5.120000000000000e+02
169 169 1.024000000000000e+03
169 170 -5.120000000000000e+02
170 169 -5.120000000000000e+02
170 170 1.024000000000000e+03
170 171 -5.120000000000000e+02
171 170 -5.120000000000000e+02
171 171 1.024000000000000e+03
171 172 -5.120000000000000e+02
172 171 -5.120000000000000e+02
172 172 1.024000000000000e+03
172 173 -5.120000000000000e+02
173 172 -5.120000000000000e+02
173 173 1.024000000000000e+03
173 174 -5.120000000000000e+02
174 173 -5.120000000000000e+02
174 174 1.024000000000000e+03
174 175 -5.120000000000000e+02
175 174 -5.120000000000000e+02
175 175 1.024000000000000e+03
175 176 -5.120000000000000e+02
176 175 -5.120000000000000e+02
176 176 1.024000000000000e+03
176 177 -5.120000000000000e+02
177 176 -5.120000000000000e+02
177 177 1.024000000000000e+03
177 178 -5.120000000000000e+02
178 177 -5.120000000000000e+02
178 178 1.024000000000000e+03
178 179 -5.120000000000000e+02
179 178 -5.120000000000000e+02
179 179 1.024000000000000e+03
179 180 -5.120000000000000e+02
180 179 -5.120000000000000e+02
180 180 1.024000000000000e+03
180 181 -5.120000000000000e+02
181 180 -5.120000000000000e+02
181 181 1.024000000000000e+03
181 182 -5.120000000000000e+02
182 181 -5.120000000000000e+02
182 182 1.024000000000000e+03
182 183 -5.120000000000000e+02
183 182 -5.120000000000000e+02
183 183 1.024000000000000e+03
183 184 -5.120000000000000e+02
184 183 -5.120000000000000e+02
184 184 1.024000000000000e+03
184 185 -5.120000000000000e+02
185 184 -5.120000000000000e+02
185 185 1.024000000000000e+03
185 186 -5.120000000000000e+02
186 185 -5.120000000000000e+02
186 186 1.024000000000000e+03
186 187 -5.120000000000000e+02
187 186 -5.120000000000000e+02
187 187 1.024000000000000e+03
187 188 -5.120000000000000e+02
188 187 -5.120000000000000e+02
188 188 1.024000000000000e+03
188 189 -5.120000000000000e+02
189 188 -5.120000000000000e+02
189 189 1.024000000000000e+03
189 190 -5.120000000000000e+02
190 189 -5.120000000000000e+02
190 190 1.024000000000000e+03
190 191 -5.120000000000000e+02
191 190 -5.120000000000000e+02
191 191 1.024000000000000e+03
191 192 -5.120000000000000e+02
192 191 -5.120000000000000e+02
192 192 1.024000000000000e+03
192 193 -5.120000000000000e+02
193 192 -5.120000000000000e+02
193 193 1.024000000000000e+03
193 194 -5.120000000000000e+02
194 193 -5.120000000000000e+02
194 194 1.024000000000000e+03
194 195 -5.120000000000000e+02
195 194 -5.120000000000000e+02
195 195 1.024000000000000e+03
195 196 -5.120000000000000e+02
196 195 -5.120000000000000e+02
196 196 1.024000000000000e+03
196 197 -5.120000000000000e+02
197 196 -5.120000000000000e+02
197 197 1.024000000000000e+03
197 198 -5.120000000000000e+02
198 197 -5.120000000000000e+02
198 198 1.024000000000000e+03
198 199 -5.120000000000000e+02
199 198 -5.120000000000000e+02
199 199 1.024000000000000e+03
199 200 -5.120000000000000e+02
200 199 -5.120000000000000e+02
200 200 1.024000000000000e+03
200 201 -5.120000000000000e+02
201 200 -5.120000000000000e+02
201 201 1.024000000000000e+03
201 202 -5.120000000000000e+02
202 201 -5.120000000000000e+02
202 202 1.024000000000000e+03
202 203 -5.120000000000000e+02
203 202 -5.120000000000000e+02
203 203 1.024000000000000e+03
203 204 -5.120000000000000e+02
204 203 -5.120000000000000e+02
204 204 1.024000000000000e+03
204 205 -5.120000000000000e+02
205 204 -5.120000000000000e+02
205 205 1.024000000000000e+03
205 206 -5.120000000000000e+02
206 205 -5.120000000000000e+02
206 206 1.024000000000000e+03
206 207 -5.120000000000000e+02
207 206 -5.120000000000000e+02
207 207 1.024000000000000e+03
207 208 -5.120000000000000e+02
208 207 -5.120000000000000e+02
208 208 1.024000000000000e+03
208 209 -5.120000000000000e+02
209 208 -5.120000000000000e+02
209 209 1.024000000000000e+03
209 210 -5.120000000000000e+02
210 209 -5.120000000000000e+02
210 210 1.024000000000000e+03
210 211 -5.120000000000000e+02
211 210 -5.120000000000000e+02
211 211 1.024000000000000e+03
211 212 -5.120000000000000e+02
212 211 -5.120000000000000e+02
212 212 1.024000000000000e+03
212 213 -5.120000000000000e+02
213 212 -5.120000000000000e+02
213 213 1.024000000000000e+03
213 214 -5.120000000000000e+02
214 213 -5.120000000000000e+02
214 214 1.024000000000000e+03
214 215 -5.120000000000000e+02
215 214 -5.120000000000000e+02
215 215 1.024000000000000e+03
215 216 -5.120000000000000e+02
216 215 -5.120000000000000e+02
216 216 1.024000000000000e+03
216 217 -5.120000000000000e+02
217 216 -5.120000000000000e+02
217 217 1.024000000000000e+03
217 218 -5.120000000000000e+02
218 217 -5.120000000000000e+02
218 218 1.024000000000000e+03
218 219 -5.120000000000000e+02
219 218 -5.120000000000000e+02
219 219 1.024000000000000e+03
219 220 -5.120000000000000e+02
220 219 -5.120000000000000e+02
220 220 1.024000000000000e+03
220 221 -5.120000000000000e+02
221 220 -5.120000000000000e+02
221 221 1.024000000000000e+03
221 222 -5.120000000000000e+02
222 221 -5.120000000000000e+02
222 222 1.024000000000000e+03
222 223 -5.120000000000000e+02
223 222 -5.120000000000000e+02
223 223 1.024000000000000e+03
223 224 -5.120000000000000e+02
224 223 -5.120000000000000e+02
224 224 1.024000000000000e+03
224 225 -5.120000000000000e+02
225 224 -5.120000000000000e+02
225 225 1.024000000000000e+03
225 226 -5.120000000000000e+02
226 225 -5.120000000000000e+02
226 226 1.024000000000000e+03
226 227 -5.120000000000000e+02
227 226 -5.120000000000000e+02
227 227 1.024000000000000e+03
227 228 -5.120000000000000e+02
228 227 -5.120000000000000e+02
228 228 1.024000000000000e+03
228 229 -5.120000000000000e+02
229 228 -5.120000000000000e+02
229 229 1.024000000000000e+03
229 230 -5.120000000000000e+02
230 229 -5.120000000000000e+02
230 230 1.024000000000000e+03
230 231 -5.120000000000000e+02
231 230 -5.120000000000000e+02
231 231 1.024000000000000e+03
231 232 -5.120000000000000e+02
232 231 -5.120000000000000e+02
232 232 1.024000000000000e+03
232 233 -5.120000000000000e+02
233 232 -5.120000000000000e+02
233 233 1.024000000000000e+03
233 234 -5.120000000000000e+02
234 233 -5.120000000000000e+02
234 234 1.024000000000000e+03
234 235 -5.120000000000000e+02
235 234 -5.120000000000000e+02
235 235 1.024000000000000e+03
235 236 -5.120000000000000e+02
236 235 -5.120000000000000e+02
236 236 1.024000000000000e+03
236 237 -5.120000000000000e+02
237 236 -5.120000000000000e+02
237 237 1.024000000000000e+03
237 238 -5.120000000000000e+02
238 237 -5.120000000000000e+02
238 238 1.024000000000000e+03
238 239 -5.120000000000000e+02
239 238 -5.120000000000000e+02
239 239 1.024000000000000e+03
239 240 -5.120000000000000e+02
240 239 -5.120000000000000e+02
240 240 1.024000000000000e+03
240 241 -5.120000000000000e+02
241 240 -5.120000000000000e+02
241 241 1.024000000000000e+03
241 242 -5.120000000000000e+02
242 241 -5.120000000000000e+02
242 242 1.024000000000000e+03
242 243 -5.120000000000000e+02
243 242 -5.120000000000000e+02
243 243 1.024000000000000e+03
243 244 -5.120000000000000e+02
244 243 -5.120000000000000e+02
244 244 1.024000000000000e+03
244 245 -5.120000000000000e+02
245 244 -5.120000000000000e+02
245 245 1.024000000000000e+03
245 246 -5.120000000000000e+02
246 245 -5.120000000000000e+02
246 246 1.024000000000000e+03
246 247 -5.120000000000000e+02
247 246 -5.120000000000000e+02
247 247 1.024000000000000e+03
247 248 -5.120000000000000e+02
248 247 -5.120000000000000e+02
248 248 1.024000000000000e+03
248 249 -5.120000000000000e+02
249 248 -5.120000000000000e+02
249 249 1.024000000000000e+03
249 250 -5.120000000000000e+02
250 249 -5.120000000000000e+02
250 250 1.024000000000000e+03
250 251 -5.120000000000000e+02
251 250 -5.120000000000000e+02
251 251 1.024000000000000e+03
251 252 -5.120000000000000e+02
252 251 -5.120000000000000e+02
252 252 1.024000000000000e+03
252 253 -5.120000000000000e+02
253 252 -5.120000000000000e+02
253 253 1.024000000000000e+03
253 254 -5.120000000000000e+02
254 253 -5.120000000000000e+02
254 254 1.024000000000000e+03
254 255 -5.120000000000000e+02
255 254 -5.120000000000000e+02
255 255 1.024000000000000e+03
255 256 -5.120000000000000e+02
256 255 -5.120000000000000e+02
256 256 1.024000000000000e+03
256 257 -5.120000000000000e+02
