%%MatrixMarket matrix coordinate real general
%
253 567 2277
1 46 -4.793307319366542e-06
1 47 8.798591152099594e-04
1 48 1.162628641755484e-03
1 49 -1.376140199281265e-04
1 50 8.776898527062147e-05
1 51 -5.767544401935960e-05
1 52 3.710185798535497e-05
1 53 -2.092923050290860e-05
1 54 6.778401548341173e-06
2 46 4.118338549632019e-05
2 47 -1.537622117707240e-04
2 48 1.087860814535185e-03
2 49 1.134894737941590e-03
2 50 -2.400124094053073e-04
2 51 1.330912242918862e-04
2 52 -7.972292634984612e-05
2 53 4.347642084121858e-05
2 54 -1.388403558032207e-05
3 46 -2.109472484367962e-05
3 47 7.020784097783347e-05
3 48 -1.461490074070137e-04
3 49 1.495894548029144e-03
3 50 6.822966183724521e-04
3 51 -1.913684092049974e-04
3 52 9.773456984950136e-05
3 53 -4.994621437261972e-05
3 54 1.554977859937938e-05
4 46 -2.626791820382941e-06
4 47 9.848243134782609e-06
4 48 -2.809654401861950e-05
4 49 1.448372797564160e-04
4 50 1.705200625895608e-03
4 51 1.448372797564164e-04
4 52 -2.809654401862093e-05
4 53 9.848243134783389e-06
4 54 -2.626791820383184e-06
5 46 1.554977859937962e-05
5 47 -4.994621437262046e-05
5 48 9.773456984950296e-05
5 49 -1.913684092050008e-04
5 50 6.822966183724685e-04
5 51 1.495894548029130e-03
5 52 -1.461490074070138e-04
5 53 7.020784097783389e-05
5 54 -2.109472484367976e-05
6 46 -1.388403558032198e-05
6 47 4.347642084121831e-05
6 48 -7.972292634984565e-05
6 49 1.330912242918856e-04
6 50 -2.400124094053064e-04
6 51 1.134894737941592e-03
6 52 1.087860814535179e-03
6 53 -1.537622117707197e-04
6 54 4.118338549631932e-05
7 46 6.778401548341365e-06
7 47 -2.092923050290918e-05
7 48 3.710185798535602e-05
7 49 -5.767544401936124e-05
7 50 8.776898527062399e-05
7 51 -1.376140199281309e-04
7 52 1.162628641755466e-03
7 53 8.798591152099824e-04
7 54 -4.793307319368548e-06
8 55 -6.185485103540057e-07
8 56 1.075202573933765e-03
8 57 1.005737709500138e-03
8 58 -1.968918809767468e-04
8 59 1.141026929526873e-04
8 60 -7.345332064645008e-05
8 61 4.686643865140046e-05
8 62 -2.633721863698452e-05
8 63 8.516553732545024e-06
9 55 3.530550462495881e-05
9 56 -1.223938262659236e-04
9 57 1.415249841556383e-03
9 58 7.699336887788611e-04
9 59 -2.209825146858770e-04
9 60 1.218408795620590e-04
9 61 -7.285188450619234e-05
9 62 3.969522212534582e-05
9 63 -1.267191118961420e-05
10 55 2.296494182996980e-06
10 56 -1.276051519574891e-05
10 57 9.600826254150031e-05
10 58 1.726941050430928e-03
10 59 1.705148057703386e-04
10 60 -4.265406969258738e-05
10 61 1.915063476218515e-05
10 62 -9.127439184194694e-06
10 63 2.755776384581877e-06
11 55 -2.723337602190043e-05
11 56 9.174209283204520e-05
11 57 -2.068795090582945e-04
11 58 7.580650247308243e-04
11 59 1.497298123280079e-03
11 60 -2.393548211133574e-04
11 61 1.226501418463613e-04
11 62 -6.267340864005735e-05
11 63 1.951073214429966e-05
12 55 1.951073214429961e-05
12 56 -6.267340864005719e-05
12 57 1.226501418463610e-04
12 58 -2.393548211133569e-04
12 59 1.497298123280077e-03
12 60 7.580650247308249e-04
12 61 -2.068795090582937e-04
12 62 9.174209283204494e-05
12 63 -2.723337602190035e-05
13 55 2.755776384581389e-06
13 56 -9.127439184193152e-06
13 57 1.915063476218225e-05
13 58 -4.265406969258217e-05
13 59 1.705148057703270e-04
13 60 1.726941050430929e-03
13 61 9.600826254150958e-05
13 62 -1.276051519575235e-05
13 63 2.296494182997956e-06
14 55 -1.267191118961426e-05
14 56 3.969522212534597e-05
14 57 -7.285188450619264e-05
14 58 1.218408795620595e-04
14 59 -2.209825146858779e-04
14 60 7.699336887788609e-04
14 61 1.415249841556384e-03
14 62 -1.223938262659240e-04
14 63 3.530550462495894e-05
15 55 8.516553732544769e-06
15 56 -2.633721863698375e-05
15 57 4.686643865139911e-05
15 58 -7.345332064644797e-05
15 59 1.141026929526841e-04
15 60 -1.968918809767417e-04
15 61 1.005737709500128e-03
15 62 1.075202573933762e-03
15 63 -6.185485103444172e-07
16 73 -6.185485103585186e-07
16 74 1.075202573933777e-03
16 75 1.005737709500136e-03
16 76 -1.968918809767541e-04
16 77 1.141026929526922e-04
16 78 -7.345332064645342e-05
16 79 4.686643865140264e-05
16 80 -2.633721863698578e-05
16 81 8.516553732545427e-06
17 73 3.530550462495857e-05
17 74 -1.223938262659209e-04
17 75 1.415249841556380e-03
17 76 7.699336887788640e-04
17 77 -2.209825146858796e-04
17 78 1.218408795620603e-04
17 79 -7.285188450619306e-05
17 80 3.969522212534620e-05
17 81 -1.267191118961433e-05
18 73 2.296494182998139e-06
18 74 -1.276051519575310e-05
18 75 9.600826254151280e-05
18 76 1.726941050430924e-03
18 77 1.705148057703307e-04
18 78 -4.265406969258253e-05
18 79 1.915063476218233e-05
18 80 -9.127439184193169e-06
18 81 2.755776384581391e-06
19 73 -2.723337602190031e-05
19 74 9.174209283204478e-05
19 75 -2.068795090582934e-04
19 76 7.580650247308194e-04
19 77 1.497298123280082e-03
19 78 -2.393548211133553e-04
19 79 1.226501418463606e-04
19 80 -6.267340864005703e-05
19 81 1.951073214429955e-05
20 73 1.951073214430016e-05
20 74 -6.267340864005898e-05
20 75 1.226501418463645e-04
20 76 -2.393548211133636e-04
20 77 1.497298123280074e-03
20 78 7.580650247308373e-04
20 79 -2.068795090582998e-04
20 80 9.174209283204765e-05
20 81 -2.723337602190115e-05
21 73 2.755776384582222e-06
21 74 -9.127439184195795e-06
21 75 1.915063476218723e-05
21 76 -4.265406969259108e-05
21 77 1.705148057703470e-04
21 78 1.726941050430930e-03
21 79 9.600826254148998e-05
21 80 -1.276051519574603e-05
21 81 2.296494182996197e-06
22 73 -1.267191118961434e-05
22 74 3.969522212534623e-05
22 75 -7.285188450619317e-05
22 76 1.218408795620605e-04
22 77 -2.209825146858802e-04
22 78 7.699336887788826e-04
22 79 1.415249841556359e-03
22 80 -1.223938262659187e-04
22 81 3.530550462495830e-05
23 73 8.516553732544702e-06
23 74 -2.633721863698353e-05
23 75 4.686643865139871e-05
23 76 -7.345332064644729e-05
23 77 1.141026929526829e-04
23 78 -1.968918809767384e-04
23 79 1.005737709500094e-03
23 80 1.075202573933800e-03
23 81 -6.185485103508005e-07
24 82 -6.185485103621643e-07
24 83 1.075202573933792e-03
24 84 1.005737709500121e-03
24 85 -1.968918809767497e-04
24 86 1.141026929526892e-04
24 87 -7.345332064645137e-05
24 88 4.686643865140131e-05
24 89 -2.633721863698502e-05
24 90 8.516553732545183e-06
25 82 3.530550462495742e-05
25 83 -1.223938262659167e-04
25 84 1.415249841556386e-03
25 85 7.699336887788493e-04
25 86 -2.209825146858719e-04
25 87 1.218408795620561e-04
25 88 -7.285188450619056e-05
25 89 3.969522212534484e-05
25 90 -1.267191118961389e-05
26 82 2.296494182996421e-06
26 83 -1.276051519574701e-05
26 84 9.600826254149651e-05
26 85 1.726941050430919e-03
26 86 1.705148057703526e-04
26 87 -4.265406969259173e-05
26 88 1.915063476218742e-05
26 89 -9.127439184195866e-06
26 90 2.755776384582241e-06
27 82 -2.723337602190046e-05
27 83 9.174209283204522e-05
27 84 -2.068795090582942e-04
27 85 7.580650247308123e-04
27 86 1.497298123280093e-03
27 87 -2.393548211133595e-04
27 88 1.226501418463621e-04
27 89 -6.267340864005769e-05
27 90 1.951073214429976e-05
28 82 1.951073214429970e-05
28 83 -6.267340864005752e-05
28 84 1.226501418463618e-04
28 85 -2.393548211133589e-04
28 86 1.497298123280091e-03
28 87 7.580650247308127e-04
28 88 -2.068795090582934e-04
28 89 9.174209283204498e-05
28 90 -2.723337602190037e-05
29 82 2.755776384581752e-06
29 83 -9.127439184194321e-06
29 84 1.915063476218452e-05
29 85 -4.265406969258656e-05
29 86 1.705148057703409e-04
29 87 1.726941050430921e-03
29 88 9.600826254150581e-05
29 89 -1.276051519575045e-05
29 90 2.296494182997393e-06
30 82 -1.267191118961384e-05
30 83 3.969522212534465e-05
30 84 -7.285188450619027e-05
30 85 1.218408795620557e-04
30 86 -2.209825146858713e-04
30 87 7.699336887788464e-04
30 88 1.415249841556386e-03
30 89 -1.223938262659143e-04
30 90 3.530550462495690e-05
31 82 8.516553732545261e-06
31 83 -2.633721863698525e-05
31 84 4.686643865140178e-05
31 85 -7.345332064645214e-05
31 86 1.141026929526906e-04
31 87 -1.968918809767530e-04
31 88 1.005737709500128e-03
31 89 1.075202573933779e-03
31 90 -6.185485103540192e-07
32 109 -6.185485103538701e-07
32 110 1.075202573933778e-03
32 111 1.005737709500128e-03
32 112 -1.968918809767512e-04
32 113 1.141026929526899e-04
32 114 -7.345332064645172e-05
32 115 4.686643865140151e-05
32 116 -2.633721863698512e-05
32 117 8.516553732545215e-06
33 109 3.530550462495729e-05
33 110 -1.223938262659155e-04
33 111 1.415249841556367e-03
33 112 7.699336887788701e-04
33 113 -2.209825146858760e-04
33 114 1.218408795620580e-04
33 115 -7.285188450619159e-05
33 116 3.969522212534538e-05
33 117 -1.267191118961406e-05
34 109 2.296494182997207e-06
34 110 -1.276051519574960e-05
34 111 9.600826254149955e-05
34 112 1.726941050430930e-03
34 113 1.705148057703366e-04
34 114 -4.265406969258589e-05
34 115 1.915063476218430e-05
34 116 -9.127439184194230e-06
34 117 2.755776384581727e-06
35 109 -2.723337602190093e-05
35 110 9.174209283204684e-05
35 111 -2.068795090582979e-04
35 112 7.580650247308309e-04
35 113 1.497298123280079e-03
35 114 -2.393548211133630e-04
35 115 1.226501418463640e-04
35 116 -6.267340864005871e-05
35 117 1.951073214430008e-05
36 109 1.951073214429964e-05
36 110 -6.267340864005727e-05
36 111 1.226501418463611e-04
36 112 -2.393548211133559e-04
36 113 1.497298123280077e-03
36 114 7.580650247308258e-04
36 115 -2.068795090582953e-04
36 116 9.174209283204559e-05
36 117 -2.723337602190054e-05
37 109 2.755776384581895e-06
37 110 -9.127439184194768e-06
37 111 1.915063476218534e-05
37 112 -4.265406969258788e-05
37 113 1.705148057703414e-04
37 114 1.726941050430922e-03
37 115 9.600826254150478e-05
37 116 -1.276051519574962e-05
37 117 2.296494182997136e-06
38 109 -1.267191118961422e-05
38 110 3.969522212534585e-05
38 111 -7.285188450619241e-05
38 112 1.218408795620592e-04
38 113 -2.209825146858771e-04
38 114 7.699336887788559e-04
38 115 1.415249841556385e-03
38 116 -1.223938262659207e-04
38 117 3.530550462495847e-05
39 109 8.516553732545210e-06
39 110 -2.633721863698509e-05
39 111 4.686643865140147e-05
39 112 -7.345332064645159e-05
39 113 1.141026929526895e-04
39 114 -1.968918809767498e-04
39 115 1.005737709500127e-03
39 116 1.075202573933785e-03
39 117 -6.185485103612969e-07
40 118 -6.185485103498654e-07
40 119 1.075202573933788e-03
40 120 1.005737709500108e-03
40 121 -1.968918809767430e-04
40 122 1.141026929526850e-04
40 123 -7.345332064644855e-05
40 124 4.686643865139947e-05
40 125 -2.633721863698397e-05
40 126 8.516553732544839e-06
41 118 3.530550462495737e-05
41 119 -1.223938262659156e-04
41 120 1.415249841556375e-03
41 121 7.699336887788604e-04
41 122 -2.209825146858734e-04
41 123 1.218408795620569e-04
41 124 -7.285188450619097e-05
41 125 3.969522212534507e-05
41 126 -1.267191118961396e-05
42 118 2.296494182996204e-06
42 119 -1.276051519574611e-05
42 120 9.600826254149152e-05
42 121 1.726941050430929e-03
42 122 1.705148057703473e-04
42 123 -4.265406969259126e-05
42 124 1.915063476218732e-05
42 125 -9.127439184195836e-06
42 126 2.755776384582234e-06
43 118 -2.723337602190102e-05
43 119 9.174209283204719e-05
43 120 -2.068795090582989e-04
43 121 7.580650247308353e-04
43 122 1.497298123280074e-03
43 123 -2.393548211133615e-04
43 124 1.226501418463636e-04
43 125 -6.267340864005855e-05
43 126 1.951073214430003e-05
44 118 1.951073214429955e-05
44 119 -6.267340864005697e-05
44 120 1.226501418463606e-04
44 121 -2.393548211133555e-04
44 122 1.497298123280076e-03
44 123 7.580650247308243e-04
44 124 -2.068795090582934e-04
44 125 9.174209283204480e-05
44 126 -2.723337602190030e-05
45 118 2.755776384581377e-06
45 119 -9.127439184193115e-06
45 120 1.915063476218217e-05
45 121 -4.265406969258203e-05
45 122 1.705148057703267e-04
45 123 1.726941050430931e-03
45 124 9.600826254150803e-05
45 125 -1.276051519575230e-05
45 126 2.296494182997952e-06
46 118 -1.267191118961454e-05
46 119 3.969522212534686e-05
46 120 -7.285188450619426e-05
46 121 1.218408795620623e-04
46 122 -2.209825146858830e-04
46 123 7.699336887788780e-04
46 124 1.415249841556372e-03
46 125 -1.223938262659266e-04
46 126 3.530550462495966e-05
47 118 8.516553732545057e-06
47 119 -2.633721863698463e-05
47 120 4.686643865140065e-05
47 121 -7.345332064645030e-05
47 122 1.141026929526875e-04
47 123 -1.968918809767463e-04
47 124 1.005737709500139e-03
47 125 1.075202573933758e-03
47 126 -6.185485103491064e-07
48 136 -6.185485103498315e-07
48 137 1.075202573933761e-03
48 138 1.005737709500141e-03
48 139 -1.968918809767508e-04
48 140 1.141026929526897e-04
48 141 -7.345332064645167e-05
48 142 4.686643865140148e-05
48 143 -2.633721863698510e-05
48 144 8.516553732545210e-06
49 136 3.530550462495851e-05
49 137 -1.223938262659216e-04
49 138 1.415249841556377e-03
49 139 7.699336887788664e-04
49 140 -2.209825146858781e-04
49 141 1.218408795620595e-04
49 142 -7.285188450619257e-05
49 143 3.969522212534594e-05
49 144 -1.267191118961424e-05
50 136 2.296494182997410e-06
50 137 -1.276051519575044e-05
50 138 9.600826254150421e-05
50 139 1.726941050430926e-03
50 140 1.705148057703363e-04
50 141 -4.265406969258562e-05
50 142 1.915063476218412e-05
50 143 -9.127439184194125e-06
50 144 2.755776384581693e-06
51 136 -2.723337602190030e-05
51 137 9.174209283204475e-05
51 138 -2.068795090582934e-04
51 139 7.580650247308186e-04
51 140 1.497298123280083e-03
51 141 -2.393548211133562e-04
51 142 1.226501418463607e-04
51 143 -6.267340864005706e-05
51 144 1.951073214429957e-05
52 136 1.951073214429990e-05
52 137 -6.267340864005813e-05
52 138 1.226501418463629e-04
52 139 -2.393548211133608e-04
52 140 1.497298123280078e-03
52 141 7.580650247308289e-04
52 142 -2.068795090582967e-04
52 143 9.174209283204632e-05
52 144 -2.723337602190076e-05
53 136 2.755776384581931e-06
53 137 -9.127439184194870e-06
53 138 1.915063476218552e-05
53 139 -4.265406969258814e-05
53 140 1.705148057703417e-04
53 141 1.726941050430926e-03
53 142 9.600826254150012e-05
53 143 -1.276051519574878e-05
53 144 2.296494182996933e-06
54 136 -1.267191118961428e-05
54 137 3.969522212534607e-05
54 138 -7.285188450619284e-05
54 139 1.218408795620599e-04
54 140 -2.209825146858787e-04
54 141 7.699336887788669e-04
54 142 1.415249841556374e-03
54 143 -1.223938262659196e-04
54 144 3.530550462495842e-05
55 136 8.516553732544856e-06
55 137 -2.633721863698400e-05
55 138 4.686643865139953e-05
55 139 -7.345332064644856e-05
55 140 1.141026929526848e-04
55 141 -1.968918809767415e-04
55 142 1.005737709500103e-03
55 143 1.075202573933800e-03
55 144 -6.185485103579020e-07
56 145 -6.185485103578749e-07
56 146 1.075202573933800e-03
56 147 1.005737709500103e-03
56 148 -1.968918809767414e-04
56 149 1.141026929526847e-04
56 150 -7.345332064644854e-05
56 151 4.686643865139950e-05
56 152 -2.633721863698400e-05
56 153 8.516553732544852e-06
57 145 3.530550462495864e-05
57 146 -1.223938262659204e-04
57 147 1.415249841556371e-03
57 148 7.699336887788718e-04
57 149 -2.209825146858803e-04
57 150 1.218408795620608e-04
57 151 -7.285188450619336e-05
57 152 3.969522212534636e-05
57 153 -1.267191118961438e-05
58 145 2.296494182996936e-06
58 146 -1.276051519574877e-05
58 147 9.600826254150012e-05
58 148 1.726941050430926e-03
58 149 1.705148057703416e-04
58 150 -4.265406969258816e-05
58 151 1.915063476218551e-05
58 152 -9.127439184194873e-06
58 153 2.755776384581931e-06
59 145 -2.723337602190076e-05
59 146 9.174209283204629e-05
59 147 -2.068795090582968e-04
59 148 7.580650247308289e-04
59 149 1.497298123280078e-03
59 150 -2.393548211133607e-04
59 151 1.226501418463629e-04
59 152 -6.267340864005815e-05
59 153 1.951073214429990e-05
60 145 1.951073214429957e-05
60 146 -6.267340864005706e-05
60 147 1.226501418463608e-04
60 148 -2.393548211133563e-04
60 149 1.497298123280083e-03
60 150 7.580650247308183e-04
60 151 -2.068795090582933e-04
60 152 9.174209283204478e-05
60 153 -2.723337602190030e-05
61 145 2.755776384581692e-06
61 146 -9.127439184194125e-06
61 147 1.915063476218410e-05
61 148 -4.265406969258563e-05
61 149 1.705148057703363e-04
61 150 1.726941050430926e-03
61 151 9.600826254150421e-05
61 152 -1.276051519575043e-05
61 153 2.296494182997404e-06
62 145 -1.267191118961424e-05
62 146 3.969522212534593e-05
62 147 -7.285188450619257e-05
62 148 1.218408795620595e-04
62 149 -2.209825146858781e-04
62 150 7.699336887788664e-04
62 151 1.415249841556376e-03
62 152 -1.223938262659216e-04
62 153 3.530550462495851e-05
63 145 8.516553732545210e-06
63 146 -2.633721863698510e-05
63 147 4.686643865140150e-05
63 148 -7.345332064645168e-05
63 149 1.141026929526897e-04
63 150 -1.968918809767509e-04
63 151 1.005737709500140e-03
63 152 1.075202573933761e-03
63 153 -6.185485103498179e-07
64 181 -4.793307319367043e-06
64 182 8.798591152099613e-04
64 183 1.162628641755487e-03
64 184 -1.376140199281324e-04
64 185 8.776898527062388e-05
64 186 -5.767544401936099e-05
64 187 3.710185798535583e-05
64 188 -2.092923050290907e-05
64 189 6.778401548341322e-06
65 181 4.118338549631961e-05
65 182 -1.537622117707218e-04
65 183 1.087860814535194e-03
65 184 1.134894737941577e-03
65 185 -2.400124094053033e-04
65 186 1.330912242918842e-04
65 187 -7.972292634984493e-05
65 188 4.347642084121795e-05
65 189 -1.388403558032187e-05
66 181 -2.109472484367971e-05
66 182 7.020784097783369e-05
66 183 -1.461490074070134e-04
66 184 1.495894548029134e-03
66 185 6.822966183724628e-04
66 186 -1.913684092049992e-04
66 187 9.773456984950220e-05
66 188 -4.994621437262012e-05
66 189 1.554977859937951e-05
67 181 -2.626791820382886e-06
67 182 9.848243134782406e-06
67 183 -2.809654401861889e-05
67 184 1.448372797564117e-04
67 185 1.705200625895611e-03
67 186 1.448372797564177e-04
67 187 -2.809654401862092e-05
67 188 9.848243134783375e-06
67 189 -2.626791820383180e-06
68 181 1.554977859937935e-05
68 182 -4.994621437261961e-05
68 183 9.773456984950121e-05
68 184 -1.913684092049972e-04
68 185 6.822966183724548e-04
68 186 1.495894548029142e-03
68 187 -1.461490074070145e-04
68 188 7.020784097783351e-05
68 189 -2.109472484367960e-05
69 181 -1.388403558032190e-05
69 182 4.347642084121804e-05
69 183 -7.972292634984520e-05
69 184 1.330912242918850e-04
69 185 -2.400124094053058e-04
69 186 1.134894737941601e-03
69 187 1.087860814535167e-03
69 188 -1.537622117707168e-04
69 189 4.118338549631874e-05
70 181 6.778401548341478e-06
70 182 -2.092923050290953e-05
70 183 3.710185798535665e-05
70 184 -5.767544401936220e-05
70 185 8.776898527062540e-05
70 186 -1.376140199281326e-04
70 187 1.162628641755467e-03
70 188 8.798591152099867e-04
70 189 -4.793307319373081e-06
71 190 -6.185485103525826e-07
71 191 1.075202573933771e-03
71 192 1.005737709500132e-03
71 193 -1.968918809767485e-04
71 194 1.141026929526879e-04
71 195 -7.345332064645041e-05
71 196 4.686643865140065e-05
71 197 -2.633721863698463e-05
71 198 8.516553732545056e-06
72 190 3.530550462495767e-05
72 191 -1.223938262659187e-04
72 192 1.415249841556387e-03
72 193 7.699336887788495e-04
72 194 -2.209825146858721e-04
72 195 1.218408795620563e-04
72 196 -7.285188450619066e-05
72 197 3.969522212534489e-05
72 198 -1.267191118961391e-05
73 190 2.296494182996851e-06
73 191 -1.276051519574846e-05
73 192 9.600826254149982e-05
73 193 1.726941050430926e-03
73 194 1.705148057703415e-04
73 195 -4.265406969258817e-05
73 196 1.915063476218558e-05
73 197 -9.127439184194914e-06
73 198 2.755776384581944e-06
74 190 -2.723337602190037e-05
74 191 9.174209283204495e-05
74 192 -2.068795090582937e-04
74 193 7.580650247308182e-04
74 194 1.497298123280085e-03
74 195 -2.393548211133578e-04
74 196 1.226501418463614e-04
74 197 -6.267340864005735e-05
74 198 1.951073214429966e-05
75 190 1.951073214429972e-05
75 191 -6.267340864005756e-05
75 192 1.226501418463618e-04
75 193 -2.393548211133583e-04
75 194 1.497298123280082e-03
75 195 7.580650247308220e-04
75 196 -2.068795090582947e-04
75 197 9.174209283204540e-05
75 198 -2.723337602190049e-05
76 190 2.755776384581944e-06
76 191 -9.127439184194917e-06
76 192 1.915063476218559e-05
76 193 -4.265406969258818e-05
76 194 1.705148057703413e-04
76 195 1.726941050430926e-03
76 196 9.600826254149976e-05
76 197 -1.276051519574842e-05
76 198 2.296494182996841e-06
77 190 -1.267191118961391e-05
77 191 3.969522212534489e-05
77 192 -7.285188450619067e-05
77 193 1.218408795620563e-04
77 194 -2.209825146858721e-04
77 195 7.699336887788495e-04
77 196 1.415249841556387e-03
77 197 -1.223938262659187e-04
77 198 3.530550462495767e-05
78 190 8.516553732545254e-06
78 191 -2.633721863698524e-05
78 192 4.686643865140176e-05
78 193 -7.345332064645210e-05
78 194 1.141026929526905e-04
78 195 -1.968918809767527e-04
78 196 1.005737709500141e-03
78 197 1.075202573933762e-03
78 198 -6.185485103499738e-07
79 208 -6.185485103510648e-07
79 209 1.075202573933771e-03
79 210 1.005737709500132e-03
79 211 -1.968918809767520e-04
79 212 1.141026929526907e-04
79 213 -7.345332064645235e-05
79 214 4.686643865140193e-05
79 215 -2.633721863698537e-05
79 216 8.516553732545295e-06
80 208 3.530550462495824e-05
80 209 -1.223938262659195e-04
80 210 1.415249841556372e-03
80 211 7.699336887788703e-04
80 212 -2.209825146858791e-04
80 213 1.218408795620599e-04
80 214 -7.285188450619277e-05
80 215 3.969522212534604e-05
80 216 -1.267191118961427e-05
81 208 2.296494182997935e-06
81 209 -1.276051519575226e-05
81 210 9.600826254150814e-05
81 211 1.726941050430928e-03
81 212 1.705148057703310e-04
81 213 -4.265406969258279e-05
81 214 1.915063476218251e-05
81 215 -9.127439184193271e-06
81 216 2.755776384581425e-06
82 208 -2.723337602190049e-05
82 209 9.174209283204537e-05
82 210 -2.068795090582946e-04
82 211 7.580650247308219e-04
82 212 1.497298123280083e-03
82 213 -2.393548211133587e-04
82 214 1.226501418463620e-04
82 215 -6.267340864005768e-05
82 216 1.951073214429975e-05
83 208 1.951073214429984e-05
83 209 -6.267340864005792e-05
83 210 1.226501418463625e-04
83 211 -2.393548211133594e-04
83 212 1.497298123280078e-03
83 213 7.580650247308283e-04
83 214 -2.068795090582965e-04
83 215 9.174209283204617e-05
83 216 -2.723337602190071e-05
84 208 2.755776384581919e-06
84 209 -9.127439184194833e-06
84 210 1.915063476218545e-05
84 211 -4.265406969258801e-05
84 212 1.705148057703413e-04
84 213 1.726941050430928e-03
84 214 9.600826254149857e-05
84 215 -1.276051519574873e-05
84 216 2.296494182996929e-06
85 208 -1.267191118961435e-05
85 209 3.969522212534627e-05
85 210 -7.285188450619322e-05
85 211 1.218408795620606e-04
85 212 -2.209825146858802e-04
85 213 7.699336887788752e-04
85 214 1.415249841556367e-03
85 215 -1.223938262659194e-04
85 216 3.530550462495841e-05
86 208 8.516553732544800e-06
86 209 -2.633721863698383e-05
86 210 4.686643865139923e-05
86 211 -7.345332064644813e-05
86 212 1.141026929526842e-04
86 213 -1.968918809767407e-04
86 214 1.005737709500102e-03
86 215 1.075202573933788e-03
86 216 -6.185485103457047e-07
87 217 -6.185485103628961e-07
87 218 1.075202573933778e-03
87 219 1.005737709500138e-03
87 220 -1.968918809767535e-04
87 221 1.141026929526915e-04
87 222 -7.345332064645290e-05
87 223 4.686643865140230e-05
87 224 -2.633721863698556e-05
87 225 8.516553732545359e-06
88 217 3.530550462495762e-05
88 218 -1.223938262659176e-04
88 219 1.415249841556377e-03
88 220 7.699336887788607e-04
88 221 -2.209825146858736e-04
88 222 1.218408795620570e-04
88 223 -7.285188450619107e-05
88 224 3.969522212534511e-05
88 225 -1.267191118961398e-05
89 217 2.296494182996875e-06
89 218 -1.276051519574835e-05
89 219 9.600826254149662e-05
89 220 1.726941050430935e-03
89 221 1.705148057703344e-04
89 222 -4.265406969258618e-05
89 223 1.915063476218461e-05
89 224 -9.127439184194436e-06
89 225 2.755776384581797e-06
90 217 -2.723337602190035e-05
90 218 9.174209283204490e-05
90 219 -2.068795090582938e-04
90 220 7.580650247308250e-04
90 221 1.497298123280077e-03
90 222 -2.393548211133567e-04
90 223 1.226501418463610e-04
90 224 -6.267340864005719e-05
90 225 1.951073214429960e-05
91 217 1.951073214429988e-05
91 218 -6.267340864005807e-05
91 219 1.226501418463628e-04
91 220 -2.393548211133604e-04
91 221 1.497298123280086e-03
91 222 7.580650247308198e-04
91 223 -2.068795090582956e-04
91 224 9.174209283204594e-05
91 225 -2.723337602190066e-05
92 217 2.755776384581992e-06
92 218 -9.127439184195073e-06
92 219 1.915063476218593e-05
92 220 -4.265406969258897e-05
92 221 1.705148057703457e-04
92 222 1.726941050430922e-03
92 223 9.600826254149982e-05
92 224 -1.276051519574839e-05
92 225 2.296494182996828e-06
93 217 -1.267191118961391e-05
93 218 3.969522212534489e-05
93 219 -7.285188450619067e-05
93 220 1.218408795620563e-04
93 221 -2.209825146858721e-04
93 222 7.699336887788495e-04
93 223 1.415249841556387e-03
93 224 -1.223938262659187e-04
93 225 3.530550462495767e-05
94 217 8.516553732545254e-06
94 218 -2.633721863698524e-05
94 219 4.686643865140176e-05
94 220 -7.345332064645210e-05
94 221 1.141026929526905e-04
94 222 -1.968918809767527e-04
94 223 1.005737709500141e-03
94 224 1.075202573933762e-03
94 225 -6.185485103499738e-07
95 244 -6.185485103503465e-07
95 245 1.075202573933768e-03
95 246 1.005737709500132e-03
95 247 -1.968918809767474e-04
95 248 1.141026929526884e-04
95 249 -7.345332064645098e-05
95 250 4.686643865140107e-05
95 251 -2.633721863698489e-05
95 252 8.516553732545140e-06
96 244 3.530550462495941e-05
96 245 -1.223938262659247e-04
96 246 1.415249841556374e-03
96 247 7.699336887788737e-04
96 248 -2.209825146858816e-04
96 249 1.218408795620616e-04
96 250 -7.285188450619387e-05
96 251 3.969522212534666e-05
96 252 -1.267191118961447e-05
97 244 2.296494182997393e-06
97 245 -1.276051519575040e-05
97 246 9.600826254150426e-05
97 247 1.726941050430923e-03
97 248 1.705148057703406e-04
97 249 -4.265406969258638e-05
97 250 1.915063476218444e-05
97 251 -9.127439184194284e-06
97 252 2.755776384581742e-06
98 244 -2.723337602190100e-05
98 245 9.174209283204704e-05
98 246 -2.068795090582980e-04
98 247 7.580650247308251e-04
98 248 1.497298123280086e-03
98 249 -2.393548211133656e-04
98 250 1.226501418463651e-04
98 251 -6.267340864005920e-05
98 252 1.951073214430022e-05
99 244 1.951073214429933e-05
99 245 -6.267340864005628e-05
99 246 1.226501418463592e-04
99 247 -2.393548211133527e-04
99 248 1.497298123280085e-03
99 249 7.580650247308126e-04
99 250 -2.068795090582911e-04
99 251 9.174209283204379e-05
99 252 -2.723337602190000e-05
100 244 2.755776384581843e-06
100 245 -9.127439184194589e-06
100 246 1.915063476218494e-05
100 247 -4.265406969258694e-05
100 248 1.705148057703387e-04
100 249 1.726941050430931e-03
100 250 9.600826254149670e-05
100 251 -1.276051519574830e-05
100 252 2.296494182996851e-06
101 244 -1.267191118961418e-05
101 245 3.969522212534574e-05
101 246 -7.285188450619225e-05
101 247 1.218408795620589e-04
101 248 -2.209825146858770e-04
101 249 7.699336887788693e-04
101 250 1.415249841556370e-03
101 251 -1.223938262659184e-04
101 252 3.530550462495810e-05
102 244 8.516553732544932e-06
102 245 -2.633721863698424e-05
102 246 4.686643865139994e-05
102 247 -7.345332064644919e-05
102 248 1.141026929526858e-04
102 249 -1.968918809767429e-04
102 250 1.005737709500105e-03
102 251 1.075202573933794e-03
102 252 -6.185485103531586e-07
103 253 -6.185485103592776e-07
103 254 1.075202573933791e-03
103 255 1.005737709500118e-03
103 256 -1.968918809767482e-04
103 257 1.141026929526884e-04
103 258 -7.345332064645081e-05
103 259 4.686643865140095e-05
103 260 -2.633721863698481e-05
103 261 8.516553732545113e-06
104 253 3.530550462495737e-05
104 254 -1.223938262659156e-04
104 255 1.415249841556375e-03
104 256 7.699336887788604e-04
104 257 -2.209825146858734e-04
104 258 1.218408795620569e-04
104 259 -7.285188450619097e-05
104 260 3.969522212534507e-05
104 261 -1.267191118961396e-05
105 253 2.296494182996448e-06
105 254 -1.276051519574692e-05
105 255 9.600826254149337e-05
105 256 1.726941050430928e-03
105 257 1.705148057703457e-04
105 258 -4.265406969258973e-05
105 259 1.915063476218644e-05
105 260 -9.127439184195382e-06
105 261 2.755776384582092e-06
106 253 -2.723337602190044e-05
106 254 9.174209283204521e-05
106 255 -2.068795090582944e-04
106 256 7.580650247308194e-04
106 257 1.497298123280084e-03
106 258 -2.393548211133573e-04
106 259 1.226501418463614e-04
106 260 -6.267340864005739e-05
106 261 1.951073214429967e-05
107 253 1.951073214429993e-05
107 254 -6.267340864005823e-05
107 255 1.226501418463632e-04
107 256 -2.393548211133616e-04
107 257 1.497298123280089e-03
107 258 7.580650247308178e-04
107 259 -2.068795090582953e-04
107 260 9.174209283204587e-05
107 261 -2.723337602190064e-05
108 253 2.755776384581608e-06
108 254 -9.127439184193867e-06
108 255 1.915063476218366e-05
108 256 -4.265406969258501e-05
108 257 1.705148057703375e-04
108 258 1.726941050430921e-03
108 259 9.600826254150825e-05
108 260 -1.276051519575141e-05
108 261 2.296494182997668e-06
109 253 -1.267191118961443e-05
109 254 3.969522212534650e-05
109 255 -7.285188450619359e-05
109 256 1.218408795620611e-04
109 257 -2.209825146858802e-04
109 258 7.699336887788656e-04
109 259 1.415249841556383e-03
109 260 -1.223938262659270e-04
109 261 3.530550462495969e-05
110 253 8.516553732545057e-06
110 254 -2.633721863698463e-05
110 255 4.686643865140065e-05
110 256 -7.345332064645030e-05
110 257 1.141026929526875e-04
110 258 -1.968918809767463e-04
110 259 1.005737709500139e-03
110 260 1.075202573933758e-03
110 261 -6.185485103491064e-07
111 271 -6.185485103510648e-07
111 272 1.075202573933771e-03
111 273 1.005737709500132e-03
111 274 -1.968918809767520e-04
111 275 1.141026929526907e-04
111 276 -7.345332064645235e-05
111 277 4.686643865140193e-05
111 278 -2.633721863698537e-05
111 279 8.516553732545295e-06
112 271 3.530550462495815e-05
112 272 -1.223938262659195e-04
112 273 1.415249841556381e-03
112 274 7.699336887788582e-04
112 275 -2.209825146858755e-04
112 276 1.218408795620582e-04
112 277 -7.285188450619181e-05
112 278 3.969522212534553e-05
112 279 -1.267191118961411e-05
113 271 2.296494182996421e-06
113 272 -1.276051519574701e-05
113 273 9.600826254149651e-05
113 274 1.726941050430919e-03
113 275 1.705148057703526e-04
113 276 -4.265406969259173e-05
113 277 1.915063476218742e-05
113 278 -9.127439184195866e-06
113 279 2.755776384582241e-06
114 271 -2.723337602190091e-05
114 272 9.174209283204674e-05
114 273 -2.068795090582975e-04
114 274 7.580650247308220e-04
114 275 1.497298123280087e-03
114 276 -2.393548211133627e-04
114 277 1.226501418463640e-04
114 278 -6.267340864005870e-05
114 279 1.951073214430007e-05
115 271 1.951073214429955e-05
115 272 -6.267340864005697e-05
115 273 1.226501418463606e-04
115 274 -2.393548211133555e-04
115 275 1.497298123280076e-03
115 276 7.580650247308243e-04
115 277 -2.068795090582934e-04
115 278 9.174209283204480e-05
115 279 -2.723337602190030e-05
116 271 2.755776384581557e-06
116 272 -9.127439184193677e-06
116 273 1.915063476218320e-05
116 274 -4.265406969258375e-05
116 275 1.705148057703297e-04
116 276 1.726941050430933e-03
116 277 9.600826254150258e-05
116 278 -1.276051519575040e-05
116 279 2.296494182997437e-06
117 271 -1.267191118961425e-05
117 272 3.969522212534595e-05
117 273 -7.285188450619264e-05
117 274 1.218408795620595e-04
117 275 -2.209825146858782e-04
117 276 7.699336887788692e-04
117 277 1.415249841556373e-03
117 278 -1.223938262659209e-04
117 279 3.530550462495847e-05
118 271 8.516553732545393e-06
118 272 -2.633721863698566e-05
118 273 4.686643865140247e-05
118 274 -7.345332064645310e-05
118 275 1.141026929526917e-04
118 276 -1.968918809767531e-04
118 277 1.005737709500139e-03
118 278 1.075202573933772e-03
118 279 -6.185485103580036e-07
119 280 -6.185485103469245e-07
119 281 1.075202573933780e-03
119 282 1.005737709500116e-03
119 283 -1.968918809767457e-04
119 284 1.141026929526872e-04
119 285 -7.345332064645034e-05
119 286 4.686643865140013e-05
119 287 -2.633721863698342e-05
119 288 8.516553732544478e-06
120 280 3.530550462495841e-05
120 281 -1.223938262659196e-04
120 282 1.415249841556375e-03
120 283 7.699336887788672e-04
120 284 -2.209825146858790e-04
120 285 1.218408795620605e-04
120 286 -7.285188450619241e-05
120 287 3.969522212534444e-05
120 288 -1.267191118961348e-05
121 280 2.296494182996960e-06
121 281 -1.276051519574888e-05
121 282 9.600826254150036e-05
121 283 1.726941050430924e-03
121 284 1.705148057703430e-04
121 285 -4.265406969258833e-05
121 286 1.915063476218541e-05
121 287 -9.127439184194467e-06
121 288 2.755776384581743e-06
122 280 -2.723337602190042e-05
122 281 9.174209283204517e-05
122 282 -2.068795090582942e-04
122 283 7.580650247308192e-04
122 284 1.497298123280084e-03
122 285 -2.393548211133583e-04
122 286 1.226501418463607e-04
122 287 -6.267340864005475e-05
122 288 1.951073214429841e-05
123 280 1.951073214429978e-05
123 281 -6.267340864005776e-05
123 282 1.226501418463623e-04
123 283 -2.393548211133598e-04
123 284 1.497298123280084e-03
123 285 7.580650247308226e-04
123 286 -2.068795090582937e-04
123 287 9.174209283204144e-05
123 288 -2.723337602189869e-05
124 280 2.755776384581443e-06
124 281 -9.127439184193328e-06
124 282 1.915063476218262e-05
124 283 -4.265406969258303e-05
124 284 1.705148057703316e-04
124 285 1.726941050430921e-03
124 286 9.600826254151437e-05
124 287 -1.276051519575211e-05
124 288 2.296494182997820e-06
125 280 -1.267191118961379e-05
125 281 3.969522212534451e-05
125 282 -7.285188450619001e-05
125 283 1.218408795620553e-04
125 284 -2.209825146858708e-04
125 285 7.699336887788401e-04
125 286 1.415249841556388e-03
125 287 -1.223938262659076e-04
125 288 3.530550462495430e-05
126 280 8.516553732545667e-06
126 281 -2.633721863698652e-05
126 282 4.686643865140403e-05
126 283 -7.345332064645569e-05
126 284 1.141026929526962e-04
126 285 -1.968918809767631e-04
126 286 1.005737709500136e-03
126 287 1.075202573933777e-03
126 288 -6.185485103526097e-07
127 325 -4.793307319356910e-06
127 326 8.798591152099647e-04
127 327 1.162628641755459e-03
127 328 -1.376140199281101e-04
127 329 8.776898527061193e-05
127 330 -5.767544401935306e-05
127 331 3.710185798535121e-05
127 332 -2.092923050290633e-05
127 333 6.778401548339938e-06
128 325 4.118338549631765e-05
128 326 -1.537622117707274e-04
128 327 1.087860814535186e-03
128 328 1.134894737941596e-03
128 329 -2.400124094053099e-04
128 330 1.330912242918876e-04
128 331 -7.972292634984792e-05
128 332 4.347642084121934e-05
128 333 -1.388403558032128e-05
129 325 -2.109472484367826e-05
129 326 7.020784097783444e-05
129 327 -1.461490074070154e-04
129 328 1.495894548029134e-03
129 329 6.822966183724629e-04
129 330 -1.913684092049987e-04
129 331 9.773456984950306e-05
129 332 -4.994621437262040e-05
129 333 1.554977859937842e-05
130 325 -2.626791820382716e-06
130 326 9.848243134782589e-06
130 327 -2.809654401861905e-05
130 328 1.448372797564116e-04
130 329 1.705200625895613e-03
130 330 1.448372797564142e-04
130 331 -2.809654401862021e-05
130 332 9.848243134783151e-06
130 333 -2.626791820382889e-06
131 325 1.554977859937852e-05
131 326 -4.994621437262073e-05
131 327 9.773456984950372e-05
131 328 -1.913684092050001e-04
131 329 6.822966183724679e-04
131 330 1.495894548029130e-03
131 331 -1.461490074070151e-04
131 332 7.020784097783456e-05
131 333 -2.109472484367832e-05
132 325 -1.388403558032144e-05
132 326 4.347642084121985e-05
132 327 -7.972292634984883e-05
132 328 1.330912242918892e-04
132 329 -2.400124094053127e-04
132 330 1.134894737941600e-03
132 331 1.087860814535185e-03
132 332 -1.537622117707284e-04
132 333 4.118338549631803e-05
133 325 6.778401548339695e-06
133 326 -2.092923050290557e-05
133 327 3.710185798534986e-05
133 328 -5.767544401935092e-05
133 329 8.776898527060849e-05
133 330 -1.376140199281033e-04
133 331 1.162628641755439e-03
133 332 8.798591152099806e-04
133 333 -4.793307319358122e-06
134 334 -6.185485103596774e-07
134 335 1.075202573933797e-03
134 336 1.005737709500124e-03
134 337 -1.968918809767653e-04
134 338 1.141026929526977e-04
134 339 -7.345332064645705e-05
134 340 4.686643865140440e-05
134 341 -2.633721863698580e-05
134 342 8.516553732545247e-06
135 334 3.530550462495311e-05
135 335 -1.223938262659015e-04
135 336 1.415249841556376e-03
135 337 7.699336887788462e-04
135 338 -2.209825146858687e-04
135 339 1.218408795620543e-04
135 340 -7.285188450618860e-05
135 341 3.969522212534230e-05
135 342 -1.267191118961280e-05
136 334 2.296494182997017e-06
136 335 -1.276051519574907e-05
136 336 9.600826254150356e-05
136 337 1.726941050430929e-03
136 338 1.705148057703338e-04
136 339 -4.265406969258554e-05
136 340 1.915063476218401e-05
136 341 -9.127439184193755e-06
136 342 2.755776384581520e-06
137 334 -2.723337602189890e-05
137 335 9.174209283204224e-05
137 336 -2.068795090582960e-04
137 337 7.580650247308354e-04
137 338 1.497298123280072e-03
137 339 -2.393548211133597e-04
137 340 1.226501418463617e-04
137 341 -6.267340864005523e-05
137 342 1.951073214429855e-05
138 334 1.951073214429864e-05
138 335 -6.267340864005548e-05
138 336 1.226501418463622e-04
138 337 -2.393548211133607e-04
138 338 1.497298123280075e-03
138 339 7.580650247308335e-04
138 340 -2.068795090582968e-04
138 341 9.174209283204263e-05
138 342 -2.723337602189901e-05
139 334 2.755776384581863e-06
139 335 -9.127439184194850e-06
139 336 1.915063476218608e-05
139 337 -4.265406969258933e-05
139 338 1.705148057703434e-04
139 339 1.726941050430925e-03
139 340 9.600826254149887e-05
139 341 -1.276051519574699e-05
139 342 2.296494182996414e-06
140 334 -1.267191118961263e-05
140 335 3.969522212534178e-05
140 336 -7.285188450618765e-05
140 337 1.218408795620527e-04
140 338 -2.209825146858656e-04
140 339 7.699336887788374e-04
140 340 1.415249841556381e-03
140 341 -1.223938262659000e-04
140 342 3.530550462495268e-05
141 334 8.516553732545205e-06
141 335 -2.633721863698566e-05
141 336 4.686643865140418e-05
141 337 -7.345332064645672e-05
141 338 1.141026929526973e-04
141 339 -1.968918809767651e-04
141 340 1.005737709500123e-03
141 341 1.075202573933795e-03
141 342 -6.185485103560182e-07
142 352 -6.185485103548866e-07
142 353 1.075202573933788e-03
142 354 1.005737709500124e-03
142 355 -1.968918809767597e-04
142 356 1.141026929526945e-04
142 357 -7.345332064645495e-05
142 358 4.686643865140306e-05
142 359 -2.633721863698504e-05
142 360 8.516553732545003e-06
143 352 3.530550462495424e-05
143 353 -1.223938262659068e-04
143 354 1.415249841556378e-03
143 355 7.699336887788501e-04
143 356 -2.209825146858717e-04
143 357 1.218408795620562e-04
143 358 -7.285188450618979e-05
143 359 3.969522212534297e-05
143 360 -1.267191118961301e-05
144 352 2.296494182996777e-06
144 353 -1.276051519574830e-05
144 354 9.600826254150245e-05
144 355 1.726941050430924e-03
144 356 1.705148057703405e-04
144 357 -4.265406969258774e-05
144 358 1.915063476218515e-05
144 359 -9.127439184194341e-06
144 360 2.755776384581703e-06
145 352 -2.723337602189898e-05
145 353 9.174209283204246e-05
145 354 -2.068795090582963e-04
145 355 7.580650247308314e-04
145 356 1.497298123280078e-03
145 357 -2.393548211133620e-04
145 358 1.226501418463626e-04
145 359 -6.267340864005565e-05
145 360 1.951073214429868e-05
146 352 1.951073214429840e-05
146 353 -6.267340864005472e-05
146 354 1.226501418463607e-04
146 355 -2.393548211133580e-04
146 356 1.497298123280079e-03
146 357 7.580650247308251e-04
146 358 -2.068795090582940e-04
146 359 9.174209283204141e-05
146 360 -2.723337602189866e-05
147 352 2.755776384581647e-06
147 353 -9.127439184194169e-06
147 354 1.915063476218482e-05
147 355 -4.265406969258710e-05
147 356 1.705148057703389e-04
147 357 1.726941050430926e-03
147 358 9.600826254150134e-05
147 359 -1.276051519574836e-05
147 360 2.296494182996814e-06
148 352 -1.267191118961292e-05
148 353 3.969522212534269e-05
148 354 -7.285188450618930e-05
148 355 1.218408795620555e-04
148 356 -2.209825146858706e-04
148 357 7.699336887788518e-04
148 358 1.415249841556373e-03
148 359 -1.223938262659038e-04
148 360 3.530550462495363e-05
149 352 8.516553732544939e-06
149 353 -2.633721863698484e-05
149 354 4.686643865140273e-05
149 355 -7.345332064645445e-05
149 356 1.141026929526938e-04
149 357 -1.968918809767587e-04
149 358 1.005737709500115e-03
149 359 1.075202573933795e-03
149 360 -6.185485103531654e-07
150 361 -6.185485103593182e-07
150 362 1.075202573933795e-03
150 363 1.005737709500124e-03
150 364 -1.968918809767630e-04
150 365 1.141026929526966e-04
150 366 -7.345332064645634e-05
150 367 4.686643865140397e-05
150 368 -2.633721863698556e-05
150 369 8.516553732545171e-06
151 361 3.530550462495363e-05
151 362 -1.223938262659038e-04
151 363 1.415249841556375e-03
151 364 7.699336887788499e-04
151 365 -2.209825146858700e-04
151 366 1.218408795620552e-04
151 367 -7.285188450618916e-05
151 368 3.969522212534261e-05
151 369 -1.267191118961290e-05
152 361 2.296494182996516e-06
152 362 -1.276051519574732e-05
152 363 9.600826254149898e-05
152 364 1.726941050430926e-03
152 365 1.705148057703418e-04
152 366 -4.265406969258853e-05
152 367 1.915063476218564e-05
152 368 -9.127439184194602e-06
152 369 2.755776384581787e-06
153 361 -2.723337602189889e-05
153 362 9.174209283204217e-05
153 363 -2.068795090582957e-04
153 364 7.580650247308301e-04
153 365 1.497298123280077e-03
153 366 -2.393548211133603e-04
153 367 1.226501418463619e-04
153 368 -6.267340864005531e-05
153 369 1.951073214429857e-05
154 361 1.951073214429857e-05
154 362 -6.267340864005529e-05
154 363 1.226501418463619e-04
154 364 -2.393548211133603e-04
154 365 1.497298123280077e-03
154 366 7.580650247308299e-04
154 367 -2.068795090582957e-04
154 368 9.174209283204217e-05
154 369 -2.723337602189888e-05
155 361 2.755776384581715e-06
155 362 -9.127439184194382e-06
155 363 1.915063476218521e-05
155 364 -4.265406969258776e-05
155 365 1.705148057703400e-04
155 366 1.726941050430926e-03
155 367 9.600826254150014e-05
155 368 -1.276051519574780e-05
155 369 2.296494182996655e-06
156 361 -1.267191118961283e-05
156 362 3.969522212534242e-05
156 363 -7.285188450618882e-05
156 364 1.218408795620546e-04
156 365 -2.209825146858689e-04
156 366 7.699336887788475e-04
156 367 1.415249841556377e-03
156 368 -1.223938262659037e-04
156 369 3.530550462495349e-05
157 361 8.516553732545079e-06
157 362 -2.633721863698527e-05
157 363 4.686643865140349e-05
157 364 -7.345332064645564e-05
157 365 1.141026929526956e-04
157 366 -1.968918809767619e-04
157 367 1.005737709500124e-03
157 368 1.075202573933790e-03
157 369 -6.185485103552254e-07
158 388 -6.185485103556794e-07
158 389 1.075202573933793e-03
158 390 1.005737709500122e-03
158 391 -1.968918809767628e-04
158 392 1.141026929526962e-04
158 393 -7.345332064645602e-05
158 394 4.686643865140374e-05
158 395 -2.633721863698543e-05
158 396 8.516553732545125e-06
159 388 3.530550462495326e-05
159 389 -1.223938262659026e-04
159 390 1.415249841556381e-03
159 391 7.699336887788415e-04
159 392 -2.209825146858675e-04
159 393 1.218408795620538e-04
159 394 -7.285188450618834e-05
159 395 3.969522212534217e-05
159 396 -1.267191118961275e-05
160 388 2.296494182996519e-06
160 389 -1.276051519574735e-05
160 390 9.600826254149974e-05
160 391 1.726941050430925e-03
160 392 1.705148057703420e-04
160 393 -4.265406969258860e-05
160 394 1.915063476218567e-05
160 395 -9.127439184194623e-06
160 396 2.755776384581794e-06
161 388 -2.723337602189889e-05
161 389 9.174209283204217e-05
161 390 -2.068795090582957e-04
161 391 7.580650247308301e-04
161 392 1.497298123280077e-03
161 393 -2.393548211133603e-04
161 394 1.226501418463619e-04
161 395 -6.267340864005531e-05
161 396 1.951073214429857e-05
162 388 1.951073214429857e-05
162 389 -6.267340864005531e-05
162 390 1.226501418463619e-04
162 391 -2.393548211133603e-04
162 392 1.497298123280077e-03
162 393 7.580650247308299e-04
162 394 -2.068795090582957e-04
162 395 9.174209283204217e-05
162 396 -2.723337602189889e-05
163 388 2.755776384581741e-06
163 389 -9.127439184194460e-06
163 390 1.915063476218537e-05
163 391 -4.265406969258809e-05
163 392 1.705148057703410e-04
163 393 1.726941050430925e-03
163 394 9.600826254150060e-05
163 395 -1.276051519574783e-05
163 396 2.296494182996651e-06
164 388 -1.267191118961288e-05
164 389 3.969522212534257e-05
164 390 -7.285188450618907e-05
164 391 1.218408795620550e-04
164 392 -2.209825146858697e-04
164 393 7.699336887788472e-04
164 394 1.415249841556377e-03
164 395 -1.223938262659038e-04
164 396 3.530550462495361e-05
165 388 8.516553732545105e-06
165 389 -2.633721863698535e-05
165 390 4.686643865140362e-05
165 391 -7.345332064645583e-05
165 392 1.141026929526959e-04
165 393 -1.968918809767619e-04
165 394 1.005737709500122e-03
165 395 1.075202573933793e-03
165 396 -6.185485103555913e-07
166 397 -6.185485103546968e-07
166 398 1.075202573933785e-03
166 399 1.005737709500129e-03
166 400 -1.968918809767623e-04
166 401 1.141026929526955e-04
166 402 -7.345332064645550e-05
166 403 4.686643865140338e-05
166 404 -2.633721863698522e-05
166 405 8.516553732545061e-06
167 397 3.530550462495326e-05
167 398 -1.223938262659035e-04
167 399 1.415249841556384e-03
167 400 7.699336887788392e-04
167 401 -2.209825146858666e-04
167 402 1.218408795620533e-04
167 403 -7.285188450618803e-05
167 404 3.969522212534200e-05
167 405 -1.267191118961270e-05
168 397 2.296494182996519e-06
168 398 -1.276051519574735e-05
168 399 9.600826254149974e-05
168 400 1.726941050430925e-03
168 401 1.705148057703420e-04
168 402 -4.265406969258860e-05
168 403 1.915063476218567e-05
168 404 -9.127439184194623e-06
168 405 2.755776384581794e-06
169 397 -2.723337602189889e-05
169 398 9.174209283204217e-05
169 399 -2.068795090582957e-04
169 400 7.580650247308301e-04
169 401 1.497298123280077e-03
169 402 -2.393548211133603e-04
169 403 1.226501418463619e-04
169 404 -6.267340864005531e-05
169 405 1.951073214429857e-05
170 397 1.951073214429855e-05
170 398 -6.267340864005523e-05
170 399 1.226501418463617e-04
170 400 -2.393548211133601e-04
170 401 1.497298123280077e-03
170 402 7.580650247308303e-04
170 403 -2.068795090582953e-04
170 404 9.174209283204204e-05
170 405 -2.723337602189885e-05
171 397 2.755776384581546e-06
171 398 -9.127439184193843e-06
171 399 1.915063476218419e-05
171 400 -4.265406969258596e-05
171 401 1.705148057703360e-04
171 402 1.726941050430926e-03
171 403 9.600826254150361e-05
171 404 -1.276051519574905e-05
171 405 2.296494182997004e-06
172 397 -1.267191118961288e-05
172 398 3.969522212534257e-05
172 399 -7.285188450618909e-05
172 400 1.218408795620551e-04
172 401 -2.209825146858697e-04
172 402 7.699336887788472e-04
172 403 1.415249841556377e-03
172 404 -1.223938262659038e-04
172 405 3.530550462495361e-05
173 397 8.516553732544939e-06
173 398 -2.633721863698484e-05
173 399 4.686643865140273e-05
173 400 -7.345332064645445e-05
173 401 1.141026929526938e-04
173 402 -1.968918809767587e-04
173 403 1.005737709500115e-03
173 404 1.075202573933795e-03
173 405 -6.185485103531654e-07
174 415 -6.185485103580511e-07
174 416 1.075202573933787e-03
174 417 1.005737709500130e-03
174 418 -1.968918809767611e-04
174 419 1.141026929526952e-04
174 420 -7.345332064645535e-05
174 421 4.686643865140332e-05
174 422 -2.633721863698519e-05
174 423 8.516553732545051e-06
175 415 3.530550462495389e-05
175 416 -1.223938262659061e-04
175 417 1.415249841556382e-03
175 418 7.699336887788447e-04
175 419 -2.209825146858695e-04
175 420 1.218408795620549e-04
175 421 -7.285188450618902e-05
175 422 3.969522212534254e-05
175 423 -1.267191118961287e-05
176 415 2.296494182997180e-06
176 416 -1.276051519574966e-05
176 417 9.600826254150546e-05
176 418 1.726941050430928e-03
176 419 1.705148057703327e-04
176 420 -4.265406969258494e-05
176 421 1.915063476218366e-05
176 422 -9.127439184193566e-06
176 423 2.755776384581459e-06
177 415 -2.723337602189894e-05
177 416 9.174209283204236e-05
177 417 -2.068795090582961e-04
177 418 7.580650247308349e-04
177 419 1.497298123280074e-03
177 420 -2.393548211133618e-04
177 421 1.226501418463624e-04
177 422 -6.267340864005554e-05
177 423 1.951073214429865e-05
178 415 1.951073214429829e-05
178 416 -6.267340864005440e-05
178 417 1.226501418463601e-04
178 418 -2.393548211133567e-04
178 419 1.497298123280079e-03
178 420 7.580650247308240e-04
178 421 -2.068795090582931e-04
178 422 9.174209283204098e-05
178 423 -2.723337602189853e-05
179 415 2.755776384581546e-06
179 416 -9.127439184193840e-06
179 417 1.915063476218418e-05
179 418 -4.265406969258595e-05
179 419 1.705148057703359e-04
179 420 1.726941050430926e-03
179 421 9.600826254150356e-05
179 422 -1.276051519574906e-05
179 423 2.296494182997007e-06
180 415 -1.267191118961298e-05
180 416 3.969522212534286e-05
180 417 -7.285188450618962e-05
180 418 1.218408795620560e-04
180 419 -2.209825146858714e-04
180 420 7.699336887788522e-04
180 421 1.415249841556375e-03
180 422 -1.223938262659054e-04
180 423 3.530550462495392e-05
181 415 8.516553732545091e-06
181 416 -2.633721863698532e-05
181 417 4.686643865140355e-05
181 418 -7.345332064645569e-05
181 419 1.141026929526956e-04
181 420 -1.968918809767616e-04
181 421 1.005737709500124e-03
181 422 1.075202573933787e-03
181 423 -6.185485103527927e-07
182 424 -6.185485103548933e-07
182 425 1.075202573933779e-03
182 426 1.005737709500134e-03
182 427 -1.968918809767615e-04
182 428 1.141026929526955e-04
182 429 -7.345332064645552e-05
182 430 4.686643865140342e-05
182 431 -2.633721863698524e-05
182 432 8.516553732545068e-06
183 424 3.530550462495409e-05
183 425 -1.223938262659067e-04
183 426 1.415249841556374e-03
183 427 7.699336887788547e-04
183 428 -2.209825146858712e-04
183 429 1.218408795620558e-04
183 430 -7.285188450618953e-05
183 431 3.969522212534282e-05
183 432 -1.267191118961296e-05
184 424 2.296494182996800e-06
184 425 -1.276051519574826e-05
184 426 9.600826254150047e-05
184 427 1.726941050430929e-03
184 428 1.705148057703376e-04
184 429 -4.265406969258683e-05
184 430 1.915063476218468e-05
184 431 -9.127439184194101e-06
184 432 2.755776384581629e-06
185 424 -2.723337602189884e-05
185 425 9.174209283204201e-05
185 426 -2.068795090582954e-04
185 427 7.580650247308298e-04
185 428 1.497298123280078e-03
185 429 -2.393548211133605e-04
185 430 1.226501418463618e-04
185 431 -6.267340864005527e-05
185 432 1.951073214429856e-05
186 424 1.951073214429849e-05
186 425 -6.267340864005504e-05
186 426 1.226501418463614e-04
186 427 -2.393548211133594e-04
186 428 1.497298123280080e-03
186 429 7.580650247308262e-04
186 430 -2.068795090582948e-04
186 431 9.174209283204182e-05
186 432 -2.723337602189877e-05
187 424 2.755776384581637e-06
187 425 -9.127439184194138e-06
187 426 1.915063476218476e-05
187 427 -4.265406969258708e-05
187 428 1.705148057703396e-04
187 429 1.726941050430924e-03
187 430 9.600826254150277e-05
187 431 -1.276051519574867e-05
187 432 2.296494182996895e-06
188 424 -1.267191118961293e-05
188 425 3.969522212534271e-05
188 426 -7.285188450618934e-05
188 427 1.218408795620555e-04
188 428 -2.209825146858705e-04
188 429 7.699336887788497e-04
188 430 1.415249841556376e-03
188 431 -1.223938262659051e-04
188 432 3.530550462495381e-05
189 424 8.516553732545088e-06
189 425 -2.633721863698530e-05
189 426 4.686643865140352e-05
189 427 -7.345332064645568e-05
189 428 1.141026929526957e-04
189 429 -1.968918809767618e-04
189 430 1.005737709500128e-03
189 431 1.075202573933786e-03
189 432 -6.185485103547443e-07
190 460 -6.185485103546765e-07
190 461 1.075202573933785e-03
190 462 1.005737709500129e-03
190 463 -1.968918809767628e-04
190 464 1.141026929526959e-04
190 465 -7.345332064645580e-05
190 466 4.686643865140358e-05
190 467 -2.633721863698533e-05
190 468 8.516553732545096e-06
191 460 3.530550462495326e-05
191 461 -1.223938262659031e-04
191 462 1.415249841556380e-03
191 463 7.699336887788436e-04
191 464 -2.209825146858678e-04
191 465 1.218408795620538e-04
191 466 -7.285188450618833e-05
191 467 3.969522212534215e-05
191 468 -1.267191118961275e-05
192 460 2.296494182996828e-06
192 461 -1.276051519574842e-05
192 462 9.600826254150188e-05
192 463 1.726941050430924e-03
192 464 1.705148057703411e-04
192 465 -4.265406969258757e-05
192 466 1.915063476218501e-05
192 467 -9.127439184194260e-06
192 468 2.755776384581674e-06
193 460 -2.723337602189877e-05
193 461 9.174209283204174e-05
193 462 -2.068795090582947e-04
193 463 7.580650247308239e-04
193 464 1.497298123280083e-03
193 465 -2.393548211133602e-04
193 466 1.226501418463616e-04
193 467 -6.267340864005516e-05
193 468 1.951073214429852e-05
194 460 1.951073214429855e-05
194 461 -6.267340864005523e-05
194 462 1.226501418463618e-04
194 463 -2.393548211133604e-04
194 464 1.497298123280082e-03
194 465 7.580650247308254e-04
194 466 -2.068795090582951e-04
194 467 9.174209283204196e-05
194 468 -2.723337602189882e-05
195 460 2.755776384581830e-06
195 461 -9.127439184194751e-06
195 462 1.915063476218593e-05
195 463 -4.265406969258920e-05
195 464 1.705148057703445e-04
195 465 1.726941050430924e-03
195 466 9.600826254149841e-05
195 467 -1.276051519574726e-05
195 468 2.296494182996502e-06
196 460 -1.267191118961280e-05
196 461 3.969522212534232e-05
196 462 -7.285188450618864e-05
196 463 1.218408795620544e-04
196 464 -2.209825146858687e-04
196 465 7.699336887788477e-04
196 466 1.415249841556376e-03
196 467 -1.223938262659032e-04
196 468 3.530550462495335e-05
197 460 8.516553732545052e-06
197 461 -2.633721863698519e-05
197 462 4.686643865140334e-05
197 463 -7.345332064645541e-05
197 464 1.141026929526953e-04
197 465 -1.968918809767614e-04
197 466 1.005737709500123e-03
197 467 1.075202573933790e-03
197 468 -6.185485103545952e-07
198 469 -6.185485103558420e-07
198 470 1.075202573933787e-03
198 471 1.005737709500128e-03
198 472 -1.968918809767624e-04
198 473 1.141026929526957e-04
198 474 -7.345332064645564e-05
198 475 4.686643865140348e-05
198 476 -2.633721863698527e-05
198 477 8.516553732545078e-06
199 469 3.530550462495331e-05
199 470 -1.223938262659034e-04
199 471 1.415249841556381e-03
199 472 7.699336887788421e-04
199 473 -2.209825146858676e-04
199 474 1.218408795620538e-04
199 475 -7.285188450618831e-05
199 476 3.969522212534216e-05
199 477 -1.267191118961275e-05
200 469 2.296494182996665e-06
200 470 -1.276051519574787e-05
200 471 9.600826254150085e-05
200 472 1.726941050430924e-03
200 473 1.705148057703420e-04
200 474 -4.265406969258829e-05
200 475 1.915063476218544e-05
200 476 -9.127439184194491e-06
200 477 2.755776384581750e-06
201 469 -2.723337602189864e-05
201 470 9.174209283204133e-05
201 471 -2.068795090582938e-04
201 472 7.580650247308231e-04
201 473 1.497298123280082e-03
201 474 -2.393548211133583e-04
201 475 1.226501418463608e-04
201 476 -6.267340864005475e-05
201 477 1.951073214429840e-05
202 469 1.951073214429859e-05
202 470 -6.267340864005536e-05
202 471 1.226501418463620e-04
202 472 -2.393548211133611e-04
202 473 1.497298123280079e-03
202 474 7.580650247308292e-04
202 475 -2.068795090582956e-04
202 476 9.174209283204213e-05
202 477 -2.723337602189887e-05
203 469 2.755776384581731e-06
203 470 -9.127439184194436e-06
203 471 1.915063476218533e-05
203 472 -4.265406969258802e-05
203 473 1.705148057703409e-04
203 474 1.726941050430925e-03
203 475 9.600826254150098e-05
203 476 -1.276051519574795e-05
203 477 2.296494182996685e-06
204 469 -1.267191118961277e-05
204 470 3.969522212534223e-05
204 471 -7.285188450618846e-05
204 472 1.218408795620540e-04
204 473 -2.209825146858680e-04
204 474 7.699336887788430e-04
204 475 1.415249841556380e-03
204 476 -1.223938262659035e-04
204 477 3.530550462495336e-05
205 469 8.516553732545020e-06
205 470 -2.633721863698509e-05
205 471 4.686643865140318e-05
205 472 -7.345332064645516e-05
205 473 1.141026929526949e-04
205 474 -1.968918809767610e-04
205 475 1.005737709500124e-03
205 476 1.075202573933790e-03
205 477 -6.185485103556049e-07
206 487 -6.185485103558352e-07
206 488 1.075202573933791e-03
206 489 1.005737709500123e-03
206 490 -1.968918809767615e-04
206 491 1.141026929526952e-04
206 492 -7.345332064645534e-05
206 493 4.686643865140330e-05
206 494 -2.633721863698517e-05
206 495 8.516553732545046e-06
207 487 3.530550462495329e-05
207 488 -1.223938262659030e-04
207 489 1.415249841556380e-03
207 490 7.699336887788432e-04
207 491 -2.209825146858679e-04
207 492 1.218408795620540e-04
207 493 -7.285188450618842e-05
207 494 3.969522212534221e-05
207 495 -1.267191118961277e-05
208 487 2.296494182996865e-06
208 488 -1.276051519574857e-05
208 489 9.600826254150247e-05
208 490 1.726941050430926e-03
208 491 1.705148057703386e-04
208 492 -4.265406969258694e-05
208 493 1.915063476218473e-05
208 494 -9.127439184194118e-06
208 495 2.755776384581631e-06
209 487 -2.723337602189863e-05
209 488 9.174209283204129e-05
209 489 -2.068795090582937e-04
209 490 7.580650247308235e-04
209 491 1.497298123280082e-03
209 492 -2.393548211133591e-04
209 493 1.226501418463610e-04
209 494 -6.267340864005483e-05
209 495 1.951073214429842e-05
210 487 1.951073214429844e-05
210 488 -6.267340864005486e-05
210 489 1.226501418463611e-04
210 490 -2.393548211133593e-04
210 491 1.497298123280081e-03
210 492 7.580650247308244e-04
210 493 -2.068795090582940e-04
210 494 9.174209283204141e-05
210 495 -2.723337602189866e-05
211 487 2.755776384581668e-06
211 488 -9.127439184194233e-06
211 489 1.915063476218494e-05
211 490 -4.265406969258732e-05
211 491 1.705148057703394e-04
211 492 1.726941050430925e-03
211 493 9.600826254150185e-05
211 494 -1.276051519574833e-05
211 495 2.296494182996797e-06
212 487 -1.267191118961285e-05
212 488 3.969522212534245e-05
212 489 -7.285188450618888e-05
212 490 1.218408795620547e-04
212 491 -2.209825146858692e-04
212 492 7.699336887788466e-04
212 493 1.415249841556378e-03
212 494 -1.223938262659039e-04
212 495 3.530550462495353e-05
213 487 8.516553732545029e-06
213 488 -2.633721863698512e-05
213 489 4.686643865140321e-05
213 490 -7.345332064645519e-05
213 491 1.141026929526950e-04
213 492 -1.968918809767608e-04
213 493 1.005737709500121e-03
213 494 1.075202573933793e-03
213 495 -6.185485103558759e-07
214 496 -6.185485103557946e-07
214 497 1.075202573933791e-03
214 498 1.005737709500123e-03
214 499 -1.968918809767611e-04
214 500 1.141026929526951e-04
214 501 -7.345332064645525e-05
214 502 4.686643865140324e-05
214 503 -2.633721863698514e-05
214 504 8.516553732545034e-06
215 496 3.530550462495347e-05
215 497 -1.223938262659037e-04
215 498 1.415249841556379e-03
215 499 7.699336887788455e-04
215 500 -2.209825146858688e-04
215 501 1.218408795620545e-04
215 502 -7.285188450618873e-05
215 503 3.969522212534238e-05
215 504 -1.267191118961282e-05
216 496 2.296494182996763e-06
216 497 -1.276051519574822e-05
216 498 9.600826254150166e-05
216 499 1.726941050430925e-03
216 500 1.705148057703403e-04
216 501 -4.265406969258761e-05
216 502 1.915063476218509e-05
216 503 -9.127439184194314e-06
216 504 2.755776384581694e-06
217 496 -2.723337602189875e-05
217 497 9.174209283204170e-05
217 498 -2.068795090582946e-04
217 499 7.580650247308259e-04
217 500 1.497298123280081e-03
217 501 -2.393548211133597e-04
217 502 1.226501418463614e-04
217 503 -6.267340864005506e-05
217 504 1.951073214429850e-05
218 496 1.951073214429851e-05
218 497 -6.267340864005510e-05
218 498 1.226501418463615e-04
218 499 -2.393548211133598e-04
218 500 1.497298123280078e-03
218 501 7.580650247308285e-04
218 502 -2.068795090582951e-04
218 503 9.174209283204188e-05
218 504 -2.723337602189880e-05
219 496 2.755776384581670e-06
219 497 -9.127439184194240e-06
219 498 1.915063476218495e-05
219 499 -4.265406969258732e-05
219 500 1.705148057703391e-04
219 501 1.726941050430926e-03
219 502 9.600826254150180e-05
219 503 -1.276051519574831e-05
219 504 2.296494182996790e-06
220 496 -1.267191118961277e-05
220 497 3.969522212534221e-05
220 498 -7.285188450618844e-05
220 499 1.218408795620540e-04
220 500 -2.209825146858679e-04
220 501 7.699336887788431e-04
220 502 1.415249841556380e-03
220 503 -1.223938262659030e-04
220 504 3.530550462495328e-05
221 496 8.516553732545108e-06
221 497 -2.633721863698537e-05
221 498 4.686643865140365e-05
221 499 -7.345332064645588e-05
221 500 1.141026929526961e-04
221 501 -1.968918809767629e-04
221 502 1.005737709500126e-03
221 503 1.075202573933788e-03
221 504 -6.185485103555439e-07
222 523 -6.185485103548527e-07
222 524 1.075202573933790e-03
222 525 1.005737709500124e-03
222 526 -1.968918809767619e-04
222 527 1.141026929526961e-04
222 528 -7.345332064645583e-05
222 529 4.686643865140359e-05
222 530 -2.633721863698535e-05
222 531 8.516553732545100e-06
223 523 3.530550462495412e-05
223 524 -1.223938262659051e-04
223 525 1.415249841556381e-03
223 526 7.699336887788451e-04
223 527 -2.209825146858708e-04
223 528 1.218408795620553e-04
223 529 -7.285188450618918e-05
223 530 3.969522212534263e-05
223 531 -1.267191118961290e-05
224 523 2.296494182997326e-06
224 524 -1.276051519575013e-05
224 525 9.600826254150662e-05
224 526 1.726941050430925e-03
224 527 1.705148057703342e-04
224 528 -4.265406969258483e-05
224 529 1.915063476218352e-05
224 530 -9.127439184193477e-06
224 531 2.755776384581429e-06
225 523 -2.723337602189890e-05
225 524 9.174209283204151e-05
225 525 -2.068795090582930e-04
225 526 7.580650247308256e-04
225 527 1.497298123280079e-03
225 528 -2.393548211133585e-04
225 529 1.226501418463607e-04
225 530 -6.267340864005468e-05
225 531 1.951073214429838e-05
226 523 1.951073214429867e-05
226 524 -6.267340864005516e-05
226 525 1.226501418463610e-04
226 526 -2.393548211133596e-04
226 527 1.497298123280081e-03
226 528 7.580650247308251e-04
226 529 -2.068795090582941e-04
226 530 9.174209283204148e-05
226 531 -2.723337602189869e-05
227 523 2.755776384581645e-06
227 524 -9.127439184194087e-06
227 525 1.915063476218456e-05
227 526 -4.265406969258683e-05
227 527 1.705148057703385e-04
227 528 1.726941050430926e-03
227 529 9.600826254150277e-05
227 530 -1.276051519574874e-05
227 531 2.296494182996905e-06
228 523 -1.267191118961298e-05
228 524 3.969522212534262e-05
228 525 -7.285188450618876e-05
228 526 1.218408795620549e-04
228 527 -2.209825146858698e-04
228 528 7.699336887788472e-04
228 529 1.415249841556377e-03
228 530 -1.223938262659038e-04
228 531 3.530550462495349e-05
229 523 8.516553732545159e-06
229 524 -2.633721863698535e-05
229 525 4.686643865140334e-05
229 526 -7.345332064645558e-05
229 527 1.141026929526957e-04
229 528 -1.968918809767618e-04
229 529 1.005737709500124e-03
229 530 1.075202573933790e-03
229 531 -6.185485103554083e-07
230 532 -6.185485103554422e-07
230 533 1.075202573933790e-03
230 534 1.005737709500123e-03
230 535 -1.968918809767617e-04
230 536 1.141026929526960e-04
230 537 -7.345332064645577e-05
230 538 4.686643865140357e-05
230 539 -2.633721863698539e-05
230 540 8.516553732545144e-06
231 532 3.530550462495414e-05
231 533 -1.223938262659051e-04
231 534 1.415249841556379e-03
231 535 7.699336887788468e-04
231 536 -2.209825146858712e-04
231 537 1.218408795620556e-04
231 538 -7.285188450618936e-05
231 539 3.969522212534282e-05
231 540 -1.267191118961300e-05
232 532 2.296494182997329e-06
232 533 -1.276051519575012e-05
232 534 9.600826254150643e-05
232 535 1.726941050430926e-03
232 536 1.705148057703342e-04
232 537 -4.265406969258481e-05
232 538 1.915063476218351e-05
232 539 -9.127439184193498e-06
232 540 2.755776384581446e-06
233 532 -2.723337602189889e-05
233 533 9.174209283204150e-05
233 534 -2.068795090582930e-04
233 535 7.580650247308257e-04
233 536 1.497298123280079e-03
233 537 -2.393548211133585e-04
233 538 1.226501418463608e-04
233 539 -6.267340864005487e-05
233 540 1.951073214429850e-05
234 532 1.951073214429867e-05
234 533 -6.267340864005516e-05
234 534 1.226501418463610e-04
234 535 -2.393548211133597e-04
234 536 1.497298123280082e-03
234 537 7.580650247308253e-04
234 538 -2.068795090582943e-04
234 539 9.174209283204177e-05
234 540 -2.723337602189886e-05
235 532 2.755776384581706e-06
235 533 -9.127439184194280e-06
235 534 1.915063476218494e-05
235 535 -4.265406969258749e-05
235 536 1.705148057703400e-04
235 537 1.726941050430925e-03
235 538 9.600826254150182e-05
235 539 -1.276051519574832e-05
235 540 2.296494182996804e-06
236 532 -1.267191118961295e-05
236 533 3.969522212534251e-05
236 534 -7.285188450618856e-05
236 535 1.218408795620545e-04
236 536 -2.209825146858692e-04
236 537 7.699336887788454e-04
236 538 1.415249841556378e-03
236 539 -1.223938262659040e-04
236 540 3.530550462495368e-05
237 532 8.516553732545184e-06
237 533 -2.633721863698542e-05
237 534 4.686643865140348e-05
237 535 -7.345332064645580e-05
237 536 1.141026929526961e-04
237 537 -1.968918809767624e-04
237 538 1.005737709500126e-03
237 539 1.075202573933788e-03
237 540 -6.185485103550899e-07
238 550 -6.185485103550289e-07
238 551 1.075202573933788e-03
238 552 1.005737709500126e-03
238 553 -1.968918809767621e-04
238 554 1.141026929526963e-04
238 555 -7.345332064645586e-05
238 556 4.686643865140355e-05
238 557 -2.633721863698539e-05
238 558 8.516553732545144e-06
239 550 3.530550462495412e-05
239 551 -1.223938262659052e-04
239 552 1.415249841556381e-03
239 553 7.699336887788453e-04
239 554 -2.209825146858709e-04
239 555 1.218408795620553e-04
239 556 -7.285188450618911e-05
239 557 3.969522212534269e-05
239 558 -1.267191118961296e-05
240 550 2.296494182997210e-06
240 551 -1.276051519574974e-05
240 552 9.600826254150556e-05
240 553 1.726941050430925e-03
240 554 1.705148057703357e-04
240 555 -4.265406969258547e-05
240 556 1.915063476218385e-05
240 557 -9.127439184193667e-06
240 558 2.755776384581501e-06
241 550 -2.723337602189893e-05
241 551 9.174209283204165e-05
241 552 -2.068795090582933e-04
241 553 7.580650247308266e-04
241 554 1.497298123280079e-03
241 555 -2.393548211133588e-04
241 556 1.226501418463607e-04
241 557 -6.267340864005487e-05
241 558 1.951073214429851e-05
242 550 1.951073214429865e-05
242 551 -6.267340864005508e-05
242 552 1.226501418463608e-04
242 553 -2.393548211133592e-04
242 554 1.497298123280080e-03
242 555 7.580650247308264e-04
242 556 -2.068795090582938e-04
242 557 9.174209283204160e-05
242 558 -2.723337602189881e-05
243 550 2.755776384581585e-06
243 551 -9.127439184193898e-06
243 552 1.915063476218422e-05
243 553 -4.265406969258618e-05
243 554 1.705148057703372e-04
243 555 1.726941050430925e-03
243 556 9.600826254150418e-05
243 557 -1.276051519574923e-05
243 558 2.296494182997058e-06
244 550 -1.267191118961299e-05
244 551 3.969522212534262e-05
244 552 -7.285188450618876e-05
244 553 1.218408795620549e-04
244 554 -2.209825146858700e-04
244 555 7.699336887788448e-04
244 556 1.415249841556380e-03
244 557 -1.223938262659042e-04
244 558 3.530550462495374e-05
245 550 8.516553732545186e-06
245 551 -2.633721863698543e-05
245 552 4.686643865140350e-05
245 553 -7.345332064645583e-05
245 554 1.141026929526962e-04
245 555 -1.968918809767623e-04
245 556 1.005737709500126e-03
245 557 1.075202573933788e-03
245 558 -6.185485103551237e-07
246 559 -6.185485103551712e-07
246 560 1.075202573933788e-03
246 561 1.005737709500126e-03
246 562 -1.968918809767623e-04
246 563 1.141026929526963e-04
246 564 -7.345332064645591e-05
246 565 4.686643865140358e-05
246 566 -2.633721863698540e-05
246 567 8.516553732545147e-06
247 559 3.530550462495395e-05
247 560 -1.223938262659048e-04
247 561 1.415249841556381e-03
247 562 7.699336887788453e-04
247 563 -2.209825146858707e-04
247 564 1.218408795620553e-04
247 565 -7.285188450618905e-05
247 566 3.969522212534266e-05
247 567 -1.267191118961295e-05
248 559 2.296494182997217e-06
248 560 -1.276051519574975e-05
248 561 9.600826254150556e-05
248 562 1.726941050430926e-03
248 563 1.705148057703353e-04
248 564 -4.265406969258538e-05
248 565 1.915063476218379e-05
248 566 -9.127439184193650e-06
248 567 2.755776384581495e-06
249 559 -2.723337602189883e-05
249 560 9.174209283204150e-05
249 561 -2.068795090582932e-04
249 562 7.580650247308270e-04
249 563 1.497298123280078e-03
249 564 -2.393548211133588e-04
249 565 1.226501418463607e-04
249 566 -6.267340864005486e-05
249 567 1.951073214429850e-05
250 559 1.951073214429858e-05
250 560 -6.267340864005501e-05
250 561 1.226501418463607e-04
250 562 -2.393548211133593e-04
250 563 1.497298123280079e-03
250 564 7.580650247308266e-04
250 565 -2.068795090582938e-04
250 566 9.174209283204160e-05
250 567 -2.723337602189881e-05
251 559 2.755776384581590e-06
251 560 -9.127439184193942e-06
251 561 1.915063476218429e-05
251 562 -4.265406969258635e-05
251 563 1.705148057703375e-04
251 564 1.726941050430925e-03
251 565 9.600826254150378e-05
251 566 -1.276051519574910e-05
251 567 2.296494182997024e-06
252 559 -1.267191118961295e-05
252 560 3.969522212534257e-05
252 561 -7.285188450618873e-05
252 562 1.218408795620549e-04
252 563 -2.209825146858700e-04
252 564 7.699336887788453e-04
252 565 1.415249841556379e-03
252 566 -1.223938262659042e-04
252 567 3.530550462495374e-05
253 559 8.516553732545156e-06
253 560 -2.633721863698539e-05
253 561 4.686643865140346e-05
253 562 -7.345332064645581e-05
253 563 1.141026929526962e-04
253 564 -1.968918809767623e-04
253 565 1.005737709500126e-03
253 566 1.075202573933788e-03
253 567 -6.185485103551170e-07
