%%MatrixMarket matrix array real general
%
1023 1
4.3276149810891288e-04
2.9635479476182985e-03
2.3367059990434848e-03
2.1675374297422745e-03
2.0923992811954922e-03
2.0517382457805730e-03
2.0270293553623789e-03
2.0108003531268907e-03
1.9995246303910587e-03
1.9913480381149014e-03
1.9852154952373453e-03
1.9804894680304505e-03
1.9767658543693150e-03
1.9737772427520011e-03
1.9713387833491412e-03
1.9693192859590748e-03
1.9676296681034279e-03
1.9661984271961671e-03
1.9649768756099259e-03
1.9639245010316907e-03
1.9630097811918108e-03
1.9622093762806728e-03
1.9615056348522330e-03
1.9608841720469474e-03
1.9603324430792516e-03
1.9598394824530459e-03
1.9593963750240756e-03
1.9589966510359328e-03
1.9586357813174277e-03
1.9583094849124801e-03
1.9580119634214823e-03
1.9577379578396628e-03
1.9574900990665528e-03
1.9572610313134189e-03
1.9570500640536774e-03
1.9568557582274465e-03
1.9566761375069738e-03
1.9565095250754574e-03
1.9563548194471052e-03
1.9562111303243592e-03
1.9560773361848314e-03
1.9559520564517551e-03
1.9558341220680458e-03
1.9557231541445542e-03
1.9556195722300190e-03
1.9555235399751850e-03
1.9554334063183387e-03
1.9553467189295046e-03
1.9552663502779653e-03
1.9551905244547408e-03
1.9551184529853468e-03
1.9550502273606224e-03
1.9549854831581656e-03
1.9549237922672717e-03
1.9548651395765570e-03
1.9548097210326755e-03
1.9547574644909731e-03
1.9547078425628797e-03
1.9546602050717595e-03
1.9546143529603072e-03
1.9545707116484200e-03
1.9545295691551327e-03
1.9544898605586038e-03
1.9544505630738479e-03
1.9544155284273012e-03
1.9543813006165003e-03
1.9543477132925851e-03
1.9543155064568017e-03
1.9542847880003739e-03
1.9542552534706006e-03
1.9542268614418431e-03
1.9541997971824383e-03
1.9541740449666011e-03
1.9541491903470650e-03
1.9541247493976201e-03
1.9541007723300734e-03
1.9540780347235068e-03
1.9540571765072796e-03
1.9540371470508806e-03
1.9540159757327584e-03
1.9539967423986906e-03
1.9539784929135540e-03
1.9539599873168549e-03
1.9539420756178091e-03
1.9539249208278455e-03
1.9539081630609891e-03
1.9538917620845545e-03
1.9538760410423798e-03
1.9538612058319776e-03
1.9538470247467028e-03
1.9538330512141548e-03
1.9538191962978364e-03
1.9538059818742255e-03
1.9537938197839583e-03
1.9537816711890400e-03
1.9537681914371541e-03
1.9537570878650247e-03
1.9537464866994977e-03
1.9537352831149948e-03
1.9537243791469053e-03
1.9537140725773318e-03
1.9537040061714736e-03
1.9536940619608867e-03
1.9536844704089087e-03
1.9536753566249190e-03
1.9536664350679345e-03
1.9536572666221594e-03
1.9536478833809112e-03
1.9536390641575509e-03
1.9536315247261314e-03
1.9536242983705186e-03
1.9536154154010874e-03
1.9536080245062277e-03
1.9536014186068949e-03
1.9535938980570454e-03
1.9535866159084807e-03
1.9535798964546418e-03
1.9535732684992091e-03
1.9535665405641060e-03
1.9535599884837607e-03
1.9535538627486262e-03
1.9535479850143166e-03
1.9535419182056396e-03
1.9535355643547671e-03
1.9535294924474412e-03
1.9535242592480309e-03
1.9535190144184325e-03
1.9535125947594788e-03
1.9535080271413097e-03
1.9535038907787083e-03
1.9534986884313880e-03
1.9534934976721055e-03
1.9534887730599110e-03
1.9534841274367800e-03
1.9534793875646810e-03
1.9534748030695295e-03
1.9534705710954840e-03
1.9534664579440204e-03
1.9534620142053639e-03
1.9534572238331504e-03
1.9534528400355373e-03
1.9534495985952631e-03
1.9534465344142864e-03
1.9534416141266161e-03
1.9534380479671563e-03
1.9534352643448671e-03
1.9534312157542064e-03
1.9534272777806533e-03
1.9534239033894979e-03
1.9534205650631065e-03
1.9534170004566129e-03
1.9534134977508555e-03
1.9534103830998930e-03
1.9534075459114245e-03
1.9534045614702112e-03
1.9534012961318729e-03
1.9533982699645284e-03
1.9533959746692083e-03
1.9533933968209245e-03
1.9533890522906022e-03
1.9533866184599877e-03
1.9533849268058966e-03
1.9533819689950219e-03
1.9533789480959823e-03
1.9533764170146638e-03
1.9533739405296850e-03
1.9533712798529956e-03
1.9533686788560482e-03
1.9533663719273620e-03
1.9533641511288134e-03
1.9533615529105687e-03
1.9533585293631597e-03
1.9533558297597283e-03
1.9533542238931393e-03
1.9533527583658391e-03
1.9533493571010502e-03
1.9533473131794037e-03
1.9533461636863439e-03
1.9533435927914407e-03
1.9533411462323933e-03
1.9533393612553747e-03
1.9533376391649548e-03
1.9533356268527820e-03
1.9533335801487257e-03
1.9533318386110547e-03
1.9533303021422553e-03
1.9533285289419933e-03
1.9533263635353754e-03
1.9533243461310034e-03
1.9533230486469041e-03
1.9533215580878095e-03
1.9533185061637245e-03
1.9533173010204859e-03
1.9533167884013391e-03
1.9533149265593686e-03
1.9533129805796041e-03
1.9533115639782453e-03
1.9533101998347492e-03
1.9533086035473674e-03
1.9533070250920461e-03
1.9533057381622507e-03
1.9533045605189658e-03
1.9533030172714100e-03
1.9533010306946267e-03
1.9532993386199883e-03
1.9532987239563523e-03
1.9532982199982063e-03
1.9532956900387248e-03
1.9532944827799700e-03
1.9532942040507723e-03
1.9532923100827916e-03
1.9532904851496044e-03
1.9532893449539668e-03
1.9532882541126173e-03
1.9532868183484795e-03
1.9532853085634152e-03
1.9532841201454852e-03
1.9532832029390233e-03
1.9532821301052623e-03
1.9532807327183634e-03
1.9532795304670232e-03
1.9532790596446248e-03
1.9532782956296589e-03
1.9532756494667746e-03
1.9532749601509844e-03
1.9532751054733028e-03
1.9532736645787047e-03
1.9532721744624486e-03
1.9532713475883690e-03
1.9532706391489994e-03
1.9532696686245139e-03
1.9532686411733394e-03
1.9532678361519271e-03
1.9532670916405127e-03
1.9532659439692526e-03
1.9532643247009377e-03
1.9532629998340045e-03
1.9532627949941841e-03
1.9532627511893823e-03
1.9532606851503913e-03
1.9532601480903525e-03
1.9532596603796023e-03
1.9532588619100445e-03
1.9532582683860766e-03
1.9532573521497554e-03
1.9532557806746387e-03
1.9532541907639669e-03
1.9532534657550997e-03
1.9532536356700100e-03
1.9532536521639915e-03
1.9532524028086744e-03
1.9532501528729297e-03
1.9532488065559656e-03
1.9532497117046611e-03
1.9532502386073770e-03
1.9532466744146913e-03
1.9532469505380238e-03
1.9532470062655263e-03
1.9532461039810396e-03
1.9532452764389405e-03
1.9532447897589039e-03
1.9532441963190737e-03
1.9532434074910083e-03
1.9532427178405934e-03
1.9532422373573395e-03
1.9532416576634459e-03
1.9532406987837567e-03
1.9532397133963063e-03
1.9532394296963643e-03
1.9532394663520705e-03
1.9532381047980794e-03
1.9532370601633084e-03
1.9532391054508692e-03
1.9532367011400806e-03
1.9532342963112462e-03
1.9532343228600424e-03
1.9532352532275841e-03
1.9532351574901487e-03
1.9532337847329630e-03
1.9532322174515594e-03
1.9532314541166156e-03
1.9532314828838784e-03
1.9532315483719205e-03
1.9532311532541608e-03
1.9532305515276762e-03
1.9532298669666676e-03
1.9532285683172071e-03
1.9532277274787648e-03
1.9532288037570969e-03
1.9532282574876714e-03
1.9532273354130412e-03
1.9532268514251168e-03
1.9532263737120099e-03
1.9532256282023437e-03
1.9532249266488513e-03
1.9532246188105062e-03
1.9532245348833580e-03
1.9532241250979736e-03
1.9532232098289914e-03
1.9532224869378920e-03
1.9532227750421079e-03
1.9532231060818018e-03
1.9532212602872013e-03
1.9532207739573135e-03
1.9532214484134919e-03
1.9532202957367097e-03
1.9532193050923515e-03
1.9532192373273669e-03
1.9532193244685640e-03
1.9532190012813665e-03
1.9532184693954804e-03
1.9532181407954773e-03
1.9532179899278915e-03
1.9532175837865279e-03
1.9532167526806806e-03
1.9532160846978137e-03
1.9532162474066566e-03
1.9532162784755818e-03
1.9532144872530539e-03
1.9532141640394712e-03
1.9532151200593283e-03
1.9532144996670213e-03
1.9532137490288863e-03
1.9532136429697387e-03
1.9532135907992017e-03
1.9532131793980612e-03
1.9532126652618033e-03
1.9532124183607117e-03
1.9532123233332206e-03
1.9532118832981359e-03
1.9532109581927963e-03
1.9532102780677393e-03
1.9532106868541850e-03
1.9532112127004231e-03
1.9532095904904422e-03
1.9532093387944274e-03
1.9532102638228424e-03
1.9532092294412030e-03
1.9532082780677647e-03
1.9532082109691238e-03
1.9532082581790195e-03
1.9532078623119998e-03
1.9532072671311091e-03
1.9532069440019988e-03
1.9532069092061972e-03
1.9532067288738110e-03
1.9532061879619055e-03
1.9532058016244608e-03
1.9532061563133502e-03
1.9532062149273145e-03
1.9532042686176143e-03
1.9532041017874743e-03
1.9532053327560861e-03
1.9532047295097270e-03
1.9532039104259418e-03
1.9532037634737605e-03
1.9532037234283005e-03
1.9532033698634755e-03
1.9532029552670940e-03
1.9532028509188712e-03
1.9532029347901804e-03
1.9532026886947083e-03
1.9532019458851791e-03
1.9532014215749433e-03
1.9532019626656173e-03
1.9532026000969767e-03
1.9532010580775895e-03
1.9532008810125116e-03
1.9532019217583917e-03
1.9532009540956432e-03
1.9532000849184824e-03
1.9532001489771245e-03
1.9532003515139052e-03
1.9532000992181844e-03
1.9531996179603193e-03
1.9531993772699003e-03
1.9531993923935856e-03
1.9531992217054154e-03
1.9531986455216220e-03
1.9531981985359357e-03
1.9531985262620458e-03
1.9531986875714231e-03
1.9531971087322596e-03
1.9531970367271667e-03
1.9531981841376320e-03
1.9531976702398778e-03
1.9531970226240539e-03
1.9531970821522349e-03
1.9531972301028155e-03
1.9531970115420766e-03
1.9531966779470552e-03
1.9531966224201978e-03
1.9531967462230702e-03
1.9531965418649426e-03
1.9531958422860062e-03
1.9531953630401670e-03
1.9531959582642852e-03
1.9531966616566504e-03
1.9531951839883988e-03
1.9531950715067255e-03
1.9531962057282026e-03
1.9531952721102922e-03
1.9531944240097198e-03
1.9531945244390270e-03
1.9531947657887069e-03
1.9531945400776320e-03
1.9531940807032879e-03
1.9531938830209070e-03
1.9531939880776533e-03
1.9531939643224472e-03
1.9531935819325167e-03
1.9531933480015657e-03
1.9531938594660736e-03
1.9531940838173820e-03
1.9531922843884532e-03
1.9531922222468037e-03
1.9531936767451553e-03
1.9531932029957996e-03
1.9531924832098188e-03
1.9531924621988845e-03
1.9531925542118390e-03
1.9531923062738338e-03
1.9531919697686178e-03
1.9531919405910390e-03
1.9531921176720243e-03
1.9531919801956399e-03
1.9531913413054630e-03
1.9531909026225033e-03
1.9531915190462192e-03
1.9531922337876276e-03
1.9531907618799416e-03
1.9531906564382827e-03
1.9531918416527960e-03
1.9531909417274847e-03
1.9531901554298882e-03
1.9531903696023232e-03
1.9531907567346060e-03
1.9531906768898901e-03
1.9531903417733722e-03
1.9531902367020317e-03
1.9531903949224980e-03
1.9531903732935060e-03
1.9531899324932971e-03
1.9531895889576302e-03
1.9531899859657441e-03
1.9531901826541735e-03
1.9531885786201117e-03
1.9531885584159678e-03
1.9531899525935641e-03
1.9531895841484841e-03
1.9531890346523584e-03
1.9531891979752206e-03
1.9531894444440884e-03
1.9531892961222475e-03
1.9531890068685970e-03
1.9531889949009670e-03
1.9531891848934314e-03
1.9531890716770663e-03
1.9531884710012690e-03
1.9531880813952705e-03
1.9531887585998130e-03
1.9531895512587064e-03
1.9531881716262911e-03
1.9531881515559672e-03
1.9531894377916720e-03
1.9531885897049947e-03
1.9531878332731747e-03
1.9531880743551243e-03
1.9531884779406972e-03
1.9531883953699796e-03
1.9531880466328380e-03
1.9531879419986929e-03
1.9531881435428441e-03
1.9531882263243931e-03
1.9531879501568181e-03
1.9531878102296649e-03
1.9531884075856681e-03
1.9531887267037092e-03
1.9531870272993593e-03
1.9531870111395740e-03
1.9531886056589204e-03
1.9531882141005895e-03
1.9531875592829050e-03
1.9531876281959903e-03
1.9531878238060012e-03
1.9531876689604794e-03
1.9531874109503695e-03
1.9531874627252230e-03
1.9531877419638674e-03
1.9531877293584333e-03
1.9531872194636993e-03
1.9531868908582925e-03
1.9531875930111804e-03
1.9531883878187301e-03
1.9531870045112407e-03
1.9531869612161960e-03
1.9531882458275231e-03
1.9531873818015473e-03
1.9531866263685950e-03
1.9531869044841967e-03
1.9531873696834994e-03
1.9531873497233773e-03
1.9531870459522996e-03
1.9531869598445190e-03
1.9531871502584293e-03
1.9531871894274706e-03
1.9531868366100755e-03
1.9531866016236389e-03
1.9531871366568476e-03
1.9531875324570180e-03
1.9531862047097205e-03
1.9531862094427747e-03
1.9531875264284029e-03
1.9531871236008330e-03
1.9531865843649548e-03
1.9531868169644379e-03
1.9531871687701770e-03
1.9531871298079911e-03
1.9531869405608610e-03
1.9531870283048536e-03
1.9531873336229490e-03
1.9531873547074911e-03
1.9531868902865311e-03
1.9531866129593282e-03
1.9531873693473430e-03
1.9531882339677425e-03
1.9531869488987122e-03
1.9531869918915021e-03
1.9531883740861351e-03
1.9531875782535270e-03
1.9531868747531701e-03
1.9531872013457442e-03
1.9531877087652274e-03
1.9531877188905325e-03
1.9531874374707561e-03
1.9531873837794408e-03
1.9531876398826090e-03
1.9531877926459943e-03
1.9531875948988996e-03
1.9531875241452935e-03
1.9531881775590593e-03
1.9531885676232416e-03
1.9531869710839346e-03
1.9531869866747202e-03
1.9531886847095198e-03
1.9531883646763844e-03
1.9531877667434590e-03
1.9531879060677177e-03
1.9531881815876076e-03
1.9531880983226953e-03
1.9531878965702090e-03
1.9531880011034591e-03
1.9531883495038059e-03
1.9531884312916862e-03
1.9531880266653433e-03
1.9531877847996787e-03
1.9531885410014847e-03
1.9531893888116748e-03
1.9531881013297170e-03
1.9531881207269265e-03
1.9531894992397617e-03
1.9531887055344067e-03
1.9531880270985697e-03
1.9531884149617401e-03
1.9531890134343068e-03
1.9531891243149205e-03
1.9531889321142155e-03
1.9531889419543320e-03
1.9531892288564105e-03
1.9531893743381015e-03
1.9531891246258194e-03
1.9531889580802209e-03
1.9531895046330620e-03
1.9531898698908999e-03
1.9531884718458799e-03
1.9531884898865981e-03
1.9531900907380842e-03
1.9531898907967256e-03
1.9531894907140659e-03
1.9531898312243542e-03
1.9531902690768967e-03
1.9531902880781313e-03
1.9531901277406137e-03
1.9531902311111272e-03
1.9531905646089451e-03
1.9531906426683183e-03
1.9531902537664216e-03
1.9531900384403347e-03
1.9531908245895152e-03
1.9531917246662749e-03
1.9531905387348350e-03
1.9531906445102998e-03
1.9531921167481696e-03
1.9531914025270984e-03
1.9531907867570090e-03
1.9531912259683655e-03
1.9531918652201524e-03
1.9531920031484098e-03
1.9531918268771292e-03
1.9531918571948376e-03
1.9531921948246246e-03
1.9531924435069424e-03
1.9531923518528293e-03
1.9531923732262167e-03
1.9531930935745984e-03
1.9531935672752396e-03
1.9531921112669638e-03
1.9531921732048214e-03
1.9531939713245752e-03
1.9531937451682871e-03
1.9531932316236462e-03
1.9531934630259186e-03
1.9531938423359950e-03
1.9531938626393963e-03
1.9531937539913908e-03
1.9531939479285141e-03
1.9531944031211858e-03
1.9531946240001711e-03
1.9531943774509716e-03
1.9531942722707252e-03
1.9531951166911789e-03
1.9531960470215923e-03
1.9531949086208159e-03
1.9531950185001506e-03
1.9531964941709688e-03
1.9531957893759652e-03
1.9531951935781583e-03
1.9531956729402881e-03
1.9531963732022841e-03
1.9531965789554694e-03
1.9531964574238756e-03
1.9531965158940488e-03
1.9531968524221736e-03
1.9531970730394341e-03
1.9531969256606947e-03
1.9531968649417180e-03
1.9531975089651273e-03
1.9531980148403648e-03
1.9531968526392274e-03
1.9531969090935200e-03
1.9531984634641175e-03
1.9531983034216209e-03
1.9531979890243783e-03
1.9531984520758557e-03
1.9531990413609417e-03
1.9531992195293522e-03
1.9531992056758176e-03
1.9531994418867400e-03
1.9531999138249750e-03
1.9532001532770044e-03
1.9531999363109082e-03
1.9531998586691801e-03
1.9532007170621028e-03
1.9532016767825570e-03
1.9532006298145499e-03
1.9532008053515307e-03
1.9532023492009488e-03
1.9532017160540146e-03
1.9532011813561470e-03
1.9532017131948277e-03
1.9532024635387484e-03
1.9532027164171940e-03
1.9532026380754946e-03
1.9532027460645897e-03
1.9532031615271429e-03
1.9532035124073550e-03
1.9532035461152907e-03
1.9532036837978106e-03
1.9532044914412749e-03
1.9532050806292806e-03
1.9532038325431947e-03
1.9532039843315786e-03
1.9532059148206597e-03
1.9532058411542274e-03
1.9532054741512907e-03
1.9532058517029004e-03
1.9532063875461764e-03
1.9532065667767114e-03
1.9532066046426422e-03
1.9532069347353194e-03
1.9532075398523766e-03
1.9532079474449335e-03
1.9532079129277215e-03
1.9532079933985459e-03
1.9532089581783905e-03
1.9532100034828897e-03
1.9532090835005494e-03
1.9532093364923904e-03
1.9532109542020545e-03
1.9532104170680940e-03
1.9532099912122104e-03
1.9532106496671087e-03
1.9532115502857578e-03
1.9532119659973514e-03
1.9532120407011362e-03
1.9532122750862413e-03
1.9532127874858779e-03
1.9532132095882396e-03
1.9532132847482932e-03
1.9532134228224911e-03
1.9532142053101022e-03
1.9532148383779833e-03
1.9532138454821293e-03
1.9532140006562962e-03
1.9532158508694750e-03
1.9532159537594424e-03
1.9532158463519446e-03
1.9532164740100142e-03
1.9532172117435135e-03
1.9532175260743318e-03
1.9532176271988121e-03
1.9532179640438397e-03
1.9532185540981992e-03
1.9532189608421832e-03
1.9532189520992671e-03
1.9532190663041175e-03
1.9532200547169847e-03
1.9532211521410374e-03
1.9532203790570621e-03
1.9532207521880188e-03
1.9532224955951978e-03
1.9532221080786078e-03
1.9532218253877926e-03
1.9532226151978051e-03
1.9532236436339938e-03
1.9532241823327235e-03
1.9532243685133135e-03
1.9532247082005363e-03
1.9532253438074229e-03
1.9532259348933392e-03
1.9532262296022944e-03
1.9532266062345528e-03
1.9532276012975275e-03
1.9532284044698495e-03
1.9532274916126170e-03
1.9532278159979325e-03
1.9532299462260063e-03
1.9532301133111923e-03
1.9532299804995833e-03
1.9532305833258046e-03
1.9532313561916592e-03
1.9532317813764476e-03
1.9532320553691824e-03
1.9532326108250425e-03
1.9532334605528133e-03
1.9532341650235503e-03
1.9532344683723269e-03
1.9532348593031962e-03
1.9532360516811079e-03
1.9532373213930320e-03
1.9532367738755649e-03
1.9532372980548881e-03
1.9532391727912039e-03
1.9532389436610880e-03
1.9532388250401520e-03
1.9532397879880158e-03
1.9532410125893979e-03
1.9532417642423826e-03
1.9532421574256897e-03
1.9532426815856135e-03
1.9532434817951770e-03
1.9532442293035898e-03
1.9532446706551961e-03
1.9532451652329082e-03
1.9532462550911171e-03
1.9532472283752666e-03
1.9532467056251803e-03
1.9532472742119673e-03
1.9532491573617250e-03
1.9532494912112217e-03
1.9532497129332322e-03
1.9532507293284432e-03
1.9532519152451553e-03
1.9532527158748359e-03
1.9532533042250846e-03
1.9532541153979271e-03
1.9532551929913565e-03
1.9532561344356610e-03
1.9532566929880944e-03
1.9532573270479286e-03
1.9532587231843850e-03
1.9532602108368463e-03
1.9532599911216073e-03
1.9532607907869204e-03
1.9532629352070532e-03
1.9532630107285502e-03
1.9532631895659153e-03
1.9532644358697601e-03
1.9532659444374562e-03
1.9532669803999179e-03
1.9532676461391715e-03
1.9532684319978205e-03
1.9532695090113145e-03
1.9532705817550382e-03
1.9532714025713455e-03
1.9532722927592047e-03
1.9532737472925596e-03
1.9532750620703549e-03
1.9532748453276894e-03
1.9532756614402819e-03
1.9532783212573516e-03
1.9532790965569955e-03
1.9532795756020804e-03
1.9532807825142790e-03
1.9532821807250154e-03
1.9532832505167377e-03
1.9532841610429268e-03
1.9532853396214411e-03
1.9532868371171918e-03
1.9532882590450520e-03
1.9532893355465059e-03
1.9532904620162723e-03
1.9532922749526966e-03
1.9532941596797880e-03
1.9532944327734659e-03
1.9532956385885075e-03
1.9532981715391015e-03
1.9532986827600057e-03
1.9532993083477904e-03
1.9533010139414463e-03
1.9533030151431697e-03
1.9533045722949175e-03
1.9533057611075232e-03
1.9533070544972362e-03
1.9533086330834597e-03
1.9533102223308653e-03
1.9533115727386960e-03
1.9533129713804435e-03
1.9533149004726854e-03
1.9533167556234354e-03
1.9533172858898062e-03
1.9533185094065958e-03
1.9533215633357297e-03
1.9533230557697828e-03
1.9533243549700163e-03
1.9533263739055992e-03
1.9533285406353063e-03
1.9533303149305587e-03
1.9533318522499867e-03
1.9533335943804457e-03
1.9533356414111434e-03
1.9533376537791136e-03
1.9533393756543740e-03
1.9533411601493807e-03
1.9533436059681799e-03
1.9533461758776249e-03
1.9533473241576810e-03
1.9533493666597616e-03
1.9533527663240739e-03
1.9533542300988246e-03
1.9533558340925281e-03
1.9533585317373058e-03
1.9533615532769909e-03
1.9533641494767825e-03
1.9533663682850047e-03
1.9533686732910935e-03
1.9533712724715980e-03
1.9533739314758596e-03
1.9533764064675833e-03
1.9533789362675240e-03
1.9533819561260279e-03
1.9533849131618420e-03
1.9533866043260732e-03
1.9533890379651031e-03
1.9533933826096483e-03
1.9533959608786840e-03
1.9533982568937184e-03
1.9534012840648190e-03
1.9534045506679441e-03
1.9534075366041456e-03
1.9534103754792215e-03
1.9534134919614674e-03
1.9534169965898171e-03
1.9534205631506294e-03
1.9534239033982843e-03
1.9534272796087934e-03
1.9534312192292565e-03
1.9534352692235375e-03
1.9534380539379531e-03
1.9534416208152744e-03
1.9534465413923851e-03
1.9534496053926348e-03
1.9534528461575239e-03
1.9534572287816070e-03
1.9534620175070145e-03
1.9534664591827951e-03
1.9534705699534374e-03
1.9534747993741938e-03
1.9534793813452151e-03
1.9534841189889317e-03
1.9534887630207678e-03
1.9534934871060852e-03
1.9534986789269577e-03
1.9535038845588572e-03
1.9535080271870335e-03
1.9535125943268734e-03
1.9535190142768201e-03
1.9535242593922454e-03
1.9535294928709149e-03
1.9535355650500789e-03
1.9535419191642027e-03
1.9535479862264407e-03
1.9535538642037713e-03
1.9535599901703664e-03
1.9535665424696095e-03
1.9535732706105549e-03
1.9535798987574821e-03
1.9535866183881812e-03
1.9535939006983163e-03
1.9536014213934697e-03
1.9536080274218381e-03
1.9536154184285927e-03
1.9536243014926062e-03
1.9536315279253397e-03
1.9536390674155732e-03
1.9536478866799458e-03
1.9536572699440785e-03
1.9536664383947543e-03
1.9536753599382721e-03
1.9536844736913316e-03
1.9536940651946038e-03
1.9537040093393927e-03
1.9537140756622270e-03
1.9537243821326003e-03
1.9537352859854799e-03
1.9537464894395801e-03
1.9537570904604382e-03
1.9537681938739809e-03
1.9537816734544328e-03
1.9537938218658797e-03
1.9538059837616306e-03
1.9538191979805962e-03
1.9538330526836321e-03
1.9538470259949578e-03
1.9538612068523732e-03
1.9538760418294342e-03
1.9538917626341825e-03
1.9539081633702902e-03
1.9539249208953037e-03
1.9539420754430860e-03
1.9539599869009897e-03
1.9539784922589908e-03
1.9539967415093291e-03
1.9540159746136033e-03
1.9540371457083625e-03
1.9540571749490903e-03
1.9540780329588541e-03
1.9541007703691056e-03
1.9541247472517863e-03
1.9541491880290199e-03
1.9541740424902226e-03
1.9541997945623744e-03
1.9542268586939457e-03
1.9542552506115786e-03
1.9542847850476455e-03
1.9543155034287395e-03
1.9543477102080403e-03
1.9543812974949053e-03
1.9544155252885064e-03
1.9544505599379466e-03
1.9544898574461386e-03
1.9545295660864381e-03
1.9545707086440992e-03
1.9546143500403564e-03
1.9546602022562781e-03
1.9547078398714770e-03
1.9547574619425559e-03
1.9548097186453967e-03
1.9548651373678238e-03
1.9549237902534086e-03
1.9549854813543030e-03
1.9550502257808036e-03
1.9551184516419587e-03
1.9551905233587789e-03
1.9552663494386106e-03
1.9553467183542235e-03
1.9554334060125625e-03
1.9555235399423207e-03
1.9556195724714431e-03
1.9557231546592259e-03
1.9558341228527090e-03
1.9559520575007320e-03
1.9560773374899237e-03
1.9562111318751360e-03
1.9563548212302457e-03
1.9565095270753447e-03
1.9566761397054834e-03
1.9568557606039752e-03
1.9570500665852652e-03
1.9572610339746851e-03
1.9574901018300384e-03
1.9577379606759721e-03
1.9580119662991153e-03
1.9583094877985065e-03
1.9586357841774801e-03
1.9589966538346151e-03
1.9593963777250756e-03
1.9598394850200169e-03
1.9603324454756767e-03
1.9608841742368823e-03
1.9615056368008513e-03
1.9622093779547919e-03
1.9630097825607193e-03
1.9639245020674949e-03
1.9649768762885853e-03
1.9661984274984678e-03
1.9676296680155260e-03
1.9693192854737850e-03
1.9713387824668678e-03
1.9737772414819416e-03
1.9767658527306492e-03
1.9804894660538008e-03
1.9852154929660085e-03
1.9913480356064384e-03
1.9995246277190277e-03
2.0108003503825217e-03
2.0270293526562788e-03
2.0517382432448253e-03
2.0923992789857477e-03
2.1675374280398637e-03
2.3367059980577047e-03
2.9635479475890267e-03
4.3276149930917326e-04
