%%MatrixMarket matrix coordinate real general
%
567 567 324
10 19 1.128349720394482e+00
10 20 3.624992241237411e-01
10 21 -8.168225410924333e-02
10 22 -1.834484174344215e-02
10 23 3.944418144518026e-02
10 24 -5.075455641201593e-03
10 25 -2.373955556067553e-02
10 26 -1.067006146286153e-02
10 27 3.844489567183912e-05
10 154 -3.846192626438654e-05
10 155 9.451484616166170e-03
10 156 1.667528264744952e-02
10 157 2.564275443643220e-03
10 158 -1.301810917128925e-02
10 159 3.510763713537274e-03
10 160 7.459512990683381e-03
10 161 -9.892525231248070e-03
10 162 4.300931722125495e-03
11 19 -1.938361736928699e-01
11 20 8.217432424576285e-01
11 21 8.420196576282171e-01
11 22 8.457349165601789e-02
11 23 -1.500400621696309e-01
11 24 1.781509043916911e-02
11 25 8.005666582670311e-02
11 26 3.524881939117522e-02
11 27 -1.258769178925749e-04
11 154 1.259403298550278e-04
11 155 -3.070665106645087e-02
11 156 -5.350818701685359e-02
11 157 -8.120706256199133e-03
11 158 4.075299621692952e-02
11 159 -1.089137295682825e-02
11 160 -2.299202883964538e-02
11 161 3.036563823001397e-02
11 162 -1.317559628416545e-02
12 19 1.073171119921556e-01
12 20 -2.888247737915705e-01
12 21 3.351651058884191e-01
12 22 9.989312347480864e-01
12 23 5.796232707829310e-01
12 24 -4.639012878586539e-02
12 25 -1.808310143740275e-01
12 26 -7.467802932836351e-02
12 27 2.598096199834579e-04
12 154 -2.599859724134855e-04
12 155 6.199672730362938e-02
12 156 1.044363986995976e-01
12 157 1.531537621620031e-02
12 158 -7.467617139550285e-02
12 159 1.952749751091263e-02
12 160 4.060173494654169e-02
12 161 -5.311578450179680e-02
12 162 2.294212129938148e-02
13 19 -7.076009767180300e-02
13 20 1.738269082907454e-01
13 21 -1.524248558216888e-01
13 22 -9.622775252231977e-02
13 23 6.772345524382916e-01
13 24 9.914736750918944e-01
13 25 6.145477050587758e-01
13 26 1.891775655223539e-01
13 27 -5.987884030016744e-04
13 154 5.995524939396537e-04
13 155 -1.329973862066564e-01
13 156 -2.030508540287092e-01
13 157 -2.727487796193639e-02
13 158 1.244782711292478e-01
13 159 -3.108417531457339e-02
13 160 -6.269674900612024e-02
13 161 8.053220003414059e-02
13 162 -3.448607502441608e-02
14 19 4.934805726510996e-02
14 20 -1.171341296116542e-01
14 21 9.454987632283610e-02
14 22 5.000515490860912e-02
14 23 -2.237989292761573e-01
14 24 5.969275145429567e-02
14 25 6.454135587477400e-01
14 26 9.531775312310072e-01
14 27 9.999993658801224e-01
14 154 9.999993658801224e-01
14 155 9.531775312310068e-01
14 156 6.454135587477399e-01
14 157 5.969275145429415e-02
14 158 -2.237989292761573e-01
14 159 5.000515490860994e-02
14 160 9.454987632283615e-02
14 161 -1.171341296116543e-01
14 162 4.934805726510994e-02
15 19 -3.448607502441609e-02
15 20 8.053220003414047e-02
15 21 -6.269674900612023e-02
15 22 -3.108417531457287e-02
15 23 1.244782711292478e-01
15 24 -2.727487796193707e-02
15 25 -2.030508540287093e-01
15 26 -1.329973862066556e-01
15 27 5.995524939396538e-04
15 154 -5.987884030016745e-04
15 155 1.891775655223555e-01
15 156 6.145477050587759e-01
15 157 9.914736750918950e-01
15 158 6.772345524382917e-01
15 159 -9.622775252232130e-02
15 160 -1.524248558216889e-01
15 161 1.738269082907457e-01
15 162 -7.076009767180298e-02
16 19 2.294212129938148e-02
16 20 -5.311578450179671e-02
16 21 4.060173494654167e-02
16 22 1.952749751091230e-02
16 23 -7.467617139550285e-02
16 24 1.531537621620068e-02
16 25 1.044363986995976e-01
16 26 6.199672730362899e-02
16 27 -2.599859724134855e-04
16 154 2.598096199834579e-04
16 155 -7.467802932836409e-02
16 156 -1.808310143740274e-01
16 157 -4.639012878586433e-02
16 158 5.796232707829310e-01
16 159 9.989312347480860e-01
16 160 3.351651058884193e-01
16 161 -2.888247737915706e-01
16 162 1.073171119921555e-01
17 19 -1.317559628416546e-02
17 20 3.036563823001392e-02
17 21 -2.299202883964537e-02
17 22 -1.089137295682807e-02
17 23 4.075299621692952e-02
17 24 -8.120706256199333e-03
17 25 -5.350818701685359e-02
17 26 -3.070665106645067e-02
17 27 1.259403298550278e-04
17 154 -1.258769178925749e-04
17 155 3.524881939117549e-02
17 156 8.005666582670309e-02
17 157 1.781509043916870e-02
17 158 -1.500400621696309e-01
17 159 8.457349165601952e-02
17 160 8.420196576282175e-01
17 161 8.217432424576245e-01
17 162 -1.938361736928698e-01
18 19 4.300931722125497e-03
18 20 -9.892525231248055e-03
18 21 7.459512990683379e-03
18 22 3.510763713537216e-03
18 23 -1.301810917128925e-02
18 24 2.564275443643283e-03
18 25 1.667528264744953e-02
18 26 9.451484616166111e-03
18 27 -3.846192626438654e-05
18 154 3.844489567183913e-05
18 155 -1.067006146286161e-02
18 156 -2.373955556067553e-02
18 157 -5.075455641201474e-03
18 158 3.944418144518026e-02
18 159 -1.834484174344249e-02
18 160 -8.168225410924339e-02
18 161 3.624992241237449e-01
18 162 1.128349720394482e+00
289 298 1.129411500546783e+00
289 299 3.670587123461221e-01
289 300 -8.049160724422084e-02
289 301 -2.032779703371169e-02
289 302 3.979771743152468e-02
289 303 -3.653023273099715e-03
289 304 -2.390769583422669e-02
289 305 -1.192764283693716e-02
289 306 -1.348774781601022e-03
289 433 -1.404900490503609e-03
289 434 8.456008732827789e-03
289 435 1.672578661970230e-02
289 436 3.291630094558687e-03
289 437 -1.302036143571054e-02
289 438 3.171144008953383e-03
289 439 7.629997726553132e-03
289 440 -9.870537642513773e-03
289 441 4.263507388379956e-03
290 298 -1.954658507609630e-01
290 299 8.172051897065901e-01
290 300 8.485883218629841e-01
290 301 9.418268414471936e-02
290 302 -1.517806004204929e-01
290 303 1.284495107653857e-02
290 304 8.073455683811769e-02
290 305 3.944978508915496e-02
290 306 4.421028511261779e-03
290 433 4.605202828173337e-03
290 434 -2.749708002972571e-02
290 435 -5.370424636744742e-02
290 436 -1.042829283213490e-02
290 437 4.076937575409439e-02
290 438 -9.838954046684494e-03
290 439 -2.351877609164777e-02
290 440 3.029868819615777e-02
290 441 -1.306097437910804e-02
291 298 1.082520994427534e-01
291 299 -2.889831904537399e-01
291 300 3.248829650141359e-01
291 301 9.970774308689473e-01
291 302 5.961024869195350e-01
291 303 -3.367981223730954e-02
291 304 -1.831797001588229e-01
291 305 -8.387339051456283e-02
291 306 -9.153920411521615e-03
291 433 -9.536487527815709e-03
291 434 5.565587845590141e-02
291 435 1.049965395863453e-01
291 436 1.968737235177269e-02
291 437 -7.474799342411900e-02
291 438 1.764558218850803e-02
291 439 4.153712972513362e-02
291 440 -5.300084402367367e-02
291 441 2.274263328845922e-02
292 298 -7.138223443736651e-02
292 299 1.740834065912314e-01
292 300 -1.484845065565627e-01
292 301 -1.049235629513362e-01
292 302 6.609088867175743e-01
292 303 9.949463440350268e-01
292 304 6.382749766949400e-01
292 305 2.153988514319247e-01
292 306 2.132780628751802e-02
292 433 2.222904272397271e-02
292 434 -1.203321158231245e-01
292 435 -2.050845425549297e-01
292 436 -3.514679863874021e-02
292 437 1.247508637700272e-01
292 438 -2.810481414958162e-02
292 439 -6.415690610906792e-02
292 440 8.036418450606786e-02
292 441 -3.418648665710605e-02
293 298 4.978351309021623e-02
293 299 -1.173453856460458e-01
293 300 9.221850329094038e-02
293 301 5.474453575062177e-02
293 302 -2.222222222222222e-01
293 303 4.193559628619540e-02
293 304 6.214620396774779e-01
293 305 9.411301078682682e-01
293 306 9.992308119045481e-01
293 433 9.991659071164497e-01
293 434 9.637381299190199e-01
293 435 6.685317818820814e-01
293 436 7.756624663124081e-02
293 437 -2.250097461981359e-01
293 438 4.527085932434232e-02
293 439 9.680002677732708e-02
293 440 -1.169072266770419e-01
293 441 4.892010347784934e-02
294 298 -3.479092359412734e-02
294 299 8.068968438828859e-02
294 300 -6.118162989078909e-02
294 301 -3.407479357032992e-02
294 302 1.239997546686380e-01
294 303 -1.932067089943150e-02
294 304 -2.003414469256311e-01
294 305 -1.448427411451554e-01
294 306 -2.040102646753047e-02
294 433 -2.122406618320637e-02
294 434 1.638834942818607e-01
294 435 5.908729099917702e-01
294 436 9.872680225564835e-01
294 437 6.930142900106389e-01
294 438 -8.746827606549312e-02
294 439 -1.562414202367707e-01
294 440 1.735461889579596e-01
294 441 -7.014864448376784e-02
295 298 2.314511493126564e-02
295 299 -5.322385868251336e-02
295 300 3.963041032797558e-02
295 301 2.141880768979498e-02
295 302 -7.448107462312172e-02
295 303 1.087558270779069e-02
295 304 1.035174746041493e-01
295 305 6.804174656093516e-02
295 306 8.940094922500908e-03
295 433 9.304627513003606e-03
295 434 -6.553722357732727e-02
295 435 -1.779730806361799e-01
295 436 -5.836068874828184e-02
295 437 5.633270268658448e-01
295 438 1.000434281158169e+00
295 439 3.452595702976103e-01
295 440 -2.886220660439252e-01
295 441 1.063980508661014e-01
296 298 -1.329223336631325e-02
296 299 3.042868713306712e-02
296 300 -2.244483970189565e-02
296 301 -1.194967046758753e-02
296 302 4.066948930938204e-02
296 303 -5.772473560016135e-03
296 304 -5.312732759263696e-02
296 305 -3.378505081770156e-02
296 306 -4.344146984209209e-03
296 433 -4.521837380474280e-03
296 434 3.103952022230702e-02
296 435 7.913119828262957e-02
296 436 2.256106420246847e-02
296 437 -1.481216636084519e-01
296 438 7.530256232865365e-02
296 439 8.354799925575341e-01
296 440 8.261490472781712e-01
296 441 -1.922333967540069e-01
297 298 4.339014147751970e-03
297 299 -9.913245383000186e-03
297 300 7.282382897431945e-03
297 301 3.852365568882114e-03
297 302 -1.299443778081730e-02
297 303 1.823505864305507e-03
297 304 1.656712269663253e-02
297 305 1.040833436407406e-02
297 306 1.328127019033700e-03
297 433 1.382511400400587e-03
297 434 -9.406612181739353e-03
297 435 -2.349634680397213e-02
297 436 -6.438555617366906e-03
297 437 3.903820826581222e-02
297 438 -1.641238474686723e-02
297 439 -8.278961464667198e-02
297 440 3.580425654487981e-01
297 441 1.127305207253199e+00
