%%MatrixMarket matrix coordinate real general
%
567 567 2592
37 46 1.129411500546742e+00
37 47 3.670587123461294e-01
37 48 -8.049160724421765e-02
37 49 -2.032779703371105e-02
37 50 3.979771743152358e-02
37 51 -3.653023273099875e-03
37 52 -2.390769583422625e-02
37 53 -1.192764283693672e-02
37 54 -1.348774781601231e-03
37 55 -1.927879913695810e-02
37 56 -8.917196571637699e-03
37 57 1.149451447894673e-02
37 58 1.241273109869995e-02
37 59 -1.090472327570867e-02
37 60 -1.791847139963825e-03
37 61 9.605069530915007e-03
37 62 -9.403212964596647e-03
37 63 3.742046373505992e-03
38 46 -1.954658507609030e-01
38 47 8.172051897065907e-01
38 48 8.485883218629771e-01
38 49 9.418268414471942e-02
38 50 -1.517806004204928e-01
38 51 1.284495107653946e-02
38 52 8.073455683811821e-02
38 53 3.944978508915444e-02
38 54 4.421028511262572e-03
38 55 6.430777110290045e-02
38 56 2.941185106925202e-02
38 57 -3.727073768123548e-02
38 58 -3.956180224284132e-02
38 59 3.426009015924924e-02
38 60 5.569100012395184e-03
38 61 -2.962963414083957e-02
38 62 2.887150304495151e-02
38 63 -1.146382092326462e-02
39 46 1.082520994427215e-01
39 47 -2.889831904537520e-01
39 48 3.248829650141407e-01
39 49 9.970774308689457e-01
39 50 5.961024869195347e-01
39 51 -3.367981223731197e-02
39 52 -1.831797001588250e-01
39 53 -8.387339051456208e-02
39 54 -9.153920411523306e-03
39 55 -1.403134860597820e-01
39 56 -6.202098009210752e-02
39 57 7.483826745891327e-02
39 58 7.585142918501599e-02
39 59 -6.333628236330376e-02
39 60 -1.002900382440945e-02
39 61 5.242362868626331e-02
39 62 -5.053361078568697e-02
39 63 1.996278304731805e-02
40 46 -7.138223443734490e-02
40 47 1.740834065912379e-01
40 48 -1.484845065565630e-01
40 49 -1.049235629513355e-01
40 50 6.609088867175749e-01
40 51 9.949463440350267e-01
40 52 6.382749766949457e-01
40 53 2.153988514319207e-01
40 54 2.132780628752184e-02
40 55 4.016232544653888e-01
40 56 1.543422580342274e-01
40 57 -1.578659711615819e-01
40 58 -1.407094312971157e-01
40 59 1.076704357915654e-01
40 60 1.610950972130854e-02
40 61 -8.125713486768317e-02
40 62 7.670781547409332e-02
40 63 -3.001128424594339e-02
41 46 4.978351309020097e-02
41 47 -1.173453856460498e-01
41 48 9.221850329094014e-02
41 49 5.474453575062120e-02
41 50 -2.222222222222210e-01
41 51 4.193559628619818e-02
41 52 6.214620396774733e-01
41 53 9.411301078682701e-01
41 54 9.992308119045477e-01
41 55 8.278477954392999e-01
41 56 9.674363587446356e-01
41 57 9.247079030335084e-01
41 58 3.586798271031765e-01
41 59 -2.041549616389787e-01
41 60 -2.645201730416487e-02
41 61 1.234841274752012e-01
41 62 -1.118256204949364e-01
41 63 4.295470619525950e-02
42 46 -3.479092359411671e-02
42 47 8.068968438829155e-02
42 48 -6.118162989078900e-02
42 49 -3.407479357032962e-02
42 50 1.239997546686374e-01
42 51 -1.932067089943280e-02
42 52 -2.003414469256310e-01
42 53 -1.448427411451538e-01
42 54 -2.040102646753397e-02
42 55 -1.975954228585650e-01
42 56 -1.152192884137946e-01
42 57 2.479644820829741e-01
42 58 8.525257551601341e-01
42 59 8.790469159003549e-01
42 60 5.438963477219902e-02
42 61 -2.028705486769821e-01
42 62 1.667687693892627e-01
42 63 -6.162176444160163e-02
43 46 2.314511493125868e-02
43 47 -5.322385868251562e-02
43 48 3.963041032797571e-02
43 49 2.141880768979491e-02
43 50 -7.448107462312180e-02
43 51 1.087558270779147e-02
43 52 1.035174746041500e-01
43 53 6.804174656093472e-02
43 54 8.940094922502513e-03
43 55 9.727024557022122e-02
43 56 5.312855434465246e-02
43 57 -9.488787671959975e-02
43 58 -1.693562845488879e-01
43 59 3.332953273953553e-01
43 60 9.893322785608480e-01
43 61 4.836645840152140e-01
43 62 -2.810263216499408e-01
43 63 9.356790625900951e-02
44 46 -1.329223336630918e-02
44 47 3.042868713306824e-02
44 48 -2.244483970189560e-02
44 49 -1.194967046758743e-02
44 50 4.066948930938188e-02
44 51 -5.772473560016526e-03
44 52 -5.312732759263703e-02
44 53 -3.378505081770118e-02
44 54 -4.344146984209972e-03
44 55 -4.906283545438322e-02
44 56 -2.622294708672102e-02
44 57 4.443454994987862e-02
44 58 7.079696169522944e-02
44 59 -1.042152868047737e-01
44 60 -3.527955770725295e-02
44 61 7.368286240746894e-01
44 62 8.820295805961363e-01
44 63 -1.697679375943468e-01
45 46 4.339014147750544e-03
45 47 -9.913245383000329e-03
45 48 7.282382897431764e-03
45 49 3.852365568881994e-03
45 50 -1.299443778081695e-02
45 51 1.823505864305588e-03
45 52 1.656712269663217e-02
45 53 1.040833436407369e-02
45 54 1.328127019033902e-03
45 55 1.520147693187807e-02
45 56 8.061389971493301e-03
45 57 -1.341513144180401e-02
45 58 -2.063918615341147e-02
45 59 2.833848483624011e-02
45 60 8.151902909040198e-03
45 61 -9.224871609677820e-02
45 62 2.984110973907172e-01
45 63 1.112637365330063e+00
64 73 1.121496109519592e+00
64 74 3.337714682645254e-01
64 75 -8.784171983803062e-02
64 76 -6.054059071081856e-03
64 77 3.581468700213172e-02
64 78 -1.325717275337852e-02
64 79 -2.084168245043984e-02
64 80 -2.156636620475042e-03
64 81 8.224868937522447e-03
64 82 -9.119197464262268e-03
64 83 2.104266184682266e-03
64 84 1.597136003720132e-02
64 85 7.233284760851093e-03
64 86 -1.265402077883446e-02
64 87 1.232479383921780e-03
64 88 8.507818082537037e-03
64 89 -9.719999626669784e-03
64 90 4.056073820310753e-03
65 73 -1.833267155554221e-01
65 74 8.496052943251265e-01
65 75 7.978124774258017e-01
65 76 2.709112098463870e-02
65 77 -1.341009959651922e-01
65 78 4.603749937463587e-02
65 79 6.969985820549034e-02
65 80 7.073583005504234e-03
65 81 -2.675090448249081e-02
65 82 3.008346487896275e-02
65 83 -6.878577509574089e-03
65 84 -5.147043285304089e-02
65 85 -2.296833469170258e-02
65 86 3.967378200088160e-02
65 87 -3.826530502171582e-03
65 88 -2.623252505678715e-02
65 89 2.983957599313199e-02
65 90 -1.242564713428643e-02
66 73 1.012997478615076e-01
66 74 -2.866596804778757e-01
66 75 4.009285655348331e-01
66 76 1.003092729754151e+00
66 77 4.718042883536003e-01
66 78 -1.151051233747784e-01
66 79 -1.533011412395470e-01
66 80 -1.467336790749114e-02
66 81 5.417647031984189e-02
66 82 -6.347065826160919e-02
66 83 1.413095968572470e-02
66 84 1.016285359894869e-01
66 85 4.361555150731201e-02
66 86 -7.297122858953638e-02
66 87 6.873636058247627e-03
66 88 4.636253866511385e-02
66 89 -5.220965998265570e-02
66 90 2.163688115666493e-02
67 73 -6.675829548998832e-02
67 74 1.714825278878403e-01
67 75 -1.763260094650451e-01
67 76 -3.524913251503798e-02
67 77 7.751613393474797e-01
67 78 9.500818362211337e-01
67 79 4.551820017945857e-01
67 80 3.440881837089139e-02
67 81 -1.173436103509141e-01
67 82 1.582637096187088e-01
67 83 -3.205658723743710e-02
67 84 -2.040533508482630e-01
67 85 -7.898266143119480e-02
67 86 1.226433507083526e-01
67 87 -1.098389774586483e-02
67 88 -7.170870669864551e-02
67 89 7.919894876866927e-02
67 90 -3.252580339148582e-02
68 73 4.654764921310722e-02
68 74 -1.153084751520918e-01
68 75 1.084975613502227e-01
68 76 1.782365365319722e-02
68 77 -2.253712020788828e-01
68 78 1.833451203871216e-01
68 79 7.871848513645266e-01
68 80 9.980475420281749e-01
68 81 9.659358568042407e-01
68 82 9.659358568042410e-01
68 83 9.980475420281750e-01
68 84 7.871848513645266e-01
68 85 1.833451203871216e-01
68 86 -2.253712020788828e-01
68 87 1.782365365319722e-02
68 88 1.084975613502227e-01
68 89 -1.153084751520918e-01
68 90 4.654764921310723e-02
69 73 -3.252580339148581e-02
69 74 7.919894876866930e-02
69 75 -7.170870669864551e-02
69 76 -1.098389774586483e-02
69 77 1.226433507083526e-01
69 78 -7.898266143119477e-02
69 79 -2.040533508482630e-01
69 80 -3.205658723743710e-02
69 81 1.582637096187088e-01
69 82 -1.173436103509142e-01
69 83 3.440881837089139e-02
69 84 4.551820017945857e-01
69 85 9.500818362211341e-01
69 86 7.751613393474795e-01
69 87 -3.524913251503798e-02
69 88 -1.763260094650451e-01
69 89 1.714825278878403e-01
69 90 -6.675829548998834e-02
70 73 2.163688115666493e-02
70 74 -5.220965998265572e-02
70 75 4.636253866511385e-02
70 76 6.873636058247627e-03
70 77 -7.297122858953639e-02
70 78 4.361555150731200e-02
70 79 1.016285359894869e-01
70 80 1.413095968572470e-02
70 81 -6.347065826160918e-02
70 82 5.417647031984189e-02
70 83 -1.467336790749114e-02
70 84 -1.533011412395470e-01
70 85 -1.151051233747784e-01
70 86 4.718042883536002e-01
70 87 1.003092729754151e+00
70 88 4.009285655348331e-01
70 89 -2.866596804778757e-01
70 90 1.012997478615076e-01
71 73 -1.242564713428642e-02
71 74 2.983957599313199e-02
71 75 -2.623252505678715e-02
71 76 -3.826530502171581e-03
71 77 3.967378200088158e-02
71 78 -2.296833469170257e-02
71 79 -5.147043285304088e-02
71 80 -6.878577509574086e-03
71 81 3.008346487896273e-02
71 82 -2.675090448249081e-02
71 83 7.073583005504234e-03
71 84 6.969985820549032e-02
71 85 4.603749937463587e-02
71 86 -1.341009959651922e-01
71 87 2.709112098463870e-02
71 88 7.978124774258015e-01
71 89 8.496052943251261e-01
71 90 -1.833267155554221e-01
72 73 4.056073820310752e-03
72 74 -9.719999626669786e-03
72 75 8.507818082537037e-03
72 76 1.232479383921780e-03
72 77 -1.265402077883446e-02
72 78 7.233284760851091e-03
72 79 1.597136003720132e-02
72 80 2.104266184682266e-03
72 81 -9.119197464262265e-03
72 82 8.224868937522448e-03
72 83 -2.156636620475042e-03
72 84 -2.084168245043984e-02
72 85 -1.325717275337852e-02
72 86 3.581468700213172e-02
72 87 -6.054059071081856e-03
72 88 -8.784171983803062e-02
72 89 3.337714682645253e-01
72 90 1.121496109519592e+00
100 109 1.121496109519592e+00
100 110 3.337714682645254e-01
100 111 -8.784171983803062e-02
100 112 -6.054059071081856e-03
100 113 3.581468700213172e-02
100 114 -1.325717275337852e-02
100 115 -2.084168245043984e-02
100 116 -2.156636620475042e-03
100 117 8.224868937522447e-03
100 118 -9.119197464262268e-03
100 119 2.104266184682266e-03
100 120 1.597136003720132e-02
100 121 7.233284760851093e-03
100 122 -1.265402077883446e-02
100 123 1.232479383921780e-03
100 124 8.507818082537037e-03
100 125 -9.719999626669784e-03
100 126 4.056073820310753e-03
101 109 -1.833267155554221e-01
101 110 8.496052943251265e-01
101 111 7.978124774258017e-01
101 112 2.709112098463870e-02
101 113 -1.341009959651922e-01
101 114 4.603749937463587e-02
101 115 6.969985820549034e-02
101 116 7.073583005504234e-03
101 117 -2.675090448249081e-02
101 118 3.008346487896275e-02
101 119 -6.878577509574089e-03
101 120 -5.147043285304089e-02
101 121 -2.296833469170258e-02
101 122 3.967378200088160e-02
101 123 -3.826530502171582e-03
101 124 -2.623252505678715e-02
101 125 2.983957599313199e-02
101 126 -1.242564713428643e-02
102 109 1.012997478615076e-01
102 110 -2.866596804778757e-01
102 111 4.009285655348331e-01
102 112 1.003092729754151e+00
102 113 4.718042883536003e-01
102 114 -1.151051233747784e-01
102 115 -1.533011412395470e-01
102 116 -1.467336790749114e-02
102 117 5.417647031984189e-02
102 118 -6.347065826160919e-02
102 119 1.413095968572470e-02
102 120 1.016285359894869e-01
102 121 4.361555150731201e-02
102 122 -7.297122858953638e-02
102 123 6.873636058247627e-03
102 124 4.636253866511385e-02
102 125 -5.220965998265570e-02
102 126 2.163688115666493e-02
103 109 -6.675829548998832e-02
103 110 1.714825278878403e-01
103 111 -1.763260094650451e-01
103 112 -3.524913251503798e-02
103 113 7.751613393474797e-01
103 114 9.500818362211337e-01
103 115 4.551820017945857e-01
103 116 3.440881837089139e-02
103 117 -1.173436103509141e-01
103 118 1.582637096187088e-01
103 119 -3.205658723743710e-02
103 120 -2.040533508482630e-01
103 121 -7.898266143119480e-02
103 122 1.226433507083526e-01
103 123 -1.098389774586483e-02
103 124 -7.170870669864551e-02
103 125 7.919894876866927e-02
103 126 -3.252580339148582e-02
104 109 4.654764921310722e-02
104 110 -1.153084751520918e-01
104 111 1.084975613502227e-01
104 112 1.782365365319722e-02
104 113 -2.253712020788828e-01
104 114 1.833451203871216e-01
104 115 7.871848513645266e-01
104 116 9.980475420281749e-01
104 117 9.659358568042407e-01
104 118 9.659358568042410e-01
104 119 9.980475420281750e-01
104 120 7.871848513645266e-01
104 121 1.833451203871216e-01
104 122 -2.253712020788828e-01
104 123 1.782365365319722e-02
104 124 1.084975613502227e-01
104 125 -1.153084751520918e-01
104 126 4.654764921310723e-02
105 109 -3.252580339148581e-02
105 110 7.919894876866930e-02
105 111 -7.170870669864551e-02
105 112 -1.098389774586483e-02
105 113 1.226433507083526e-01
105 114 -7.898266143119477e-02
105 115 -2.040533508482630e-01
105 116 -3.205658723743710e-02
105 117 1.582637096187088e-01
105 118 -1.173436103509142e-01
105 119 3.440881837089139e-02
105 120 4.551820017945857e-01
105 121 9.500818362211341e-01
105 122 7.751613393474795e-01
105 123 -3.524913251503798e-02
105 124 -1.763260094650451e-01
105 125 1.714825278878403e-01
105 126 -6.675829548998834e-02
106 109 2.163688115666493e-02
106 110 -5.220965998265572e-02
106 111 4.636253866511385e-02
106 112 6.873636058247627e-03
106 113 -7.297122858953639e-02
106 114 4.361555150731200e-02
106 115 1.016285359894869e-01
106 116 1.413095968572470e-02
106 117 -6.347065826160918e-02
106 118 5.417647031984189e-02
106 119 -1.467336790749114e-02
106 120 -1.533011412395470e-01
106 121 -1.151051233747784e-01
106 122 4.718042883536002e-01
106 123 1.003092729754151e+00
106 124 4.009285655348331e-01
106 125 -2.866596804778757e-01
106 126 1.012997478615076e-01
107 109 -1.242564713428642e-02
107 110 2.983957599313199e-02
107 111 -2.623252505678715e-02
107 112 -3.826530502171581e-03
107 113 3.967378200088158e-02
107 114 -2.296833469170257e-02
107 115 -5.147043285304088e-02
107 116 -6.878577509574086e-03
107 117 3.008346487896273e-02
107 118 -2.675090448249081e-02
107 119 7.073583005504234e-03
107 120 6.969985820549032e-02
107 121 4.603749937463587e-02
107 122 -1.341009959651922e-01
107 123 2.709112098463870e-02
107 124 7.978124774258015e-01
107 125 8.496052943251261e-01
107 126 -1.833267155554221e-01
108 109 4.056073820310752e-03
108 110 -9.719999626669786e-03
108 111 8.507818082537037e-03
108 112 1.232479383921780e-03
108 113 -1.265402077883446e-02
108 114 7.233284760851091e-03
108 115 1.597136003720132e-02
108 116 2.104266184682266e-03
108 117 -9.119197464262265e-03
108 118 8.224868937522448e-03
108 119 -2.156636620475042e-03
108 120 -2.084168245043984e-02
108 121 -1.325717275337852e-02
108 122 3.581468700213172e-02
108 123 -6.054059071081856e-03
108 124 -8.784171983803062e-02
108 125 3.337714682645253e-01
108 126 1.121496109519592e+00
127 136 1.121496109519592e+00
127 137 3.337714682645254e-01
127 138 -8.784171983803062e-02
127 139 -6.054059071081856e-03
127 140 3.581468700213172e-02
127 141 -1.325717275337852e-02
127 142 -2.084168245043984e-02
127 143 -2.156636620475042e-03
127 144 8.224868937522447e-03
127 145 -9.119197464262268e-03
127 146 2.104266184682266e-03
127 147 1.597136003720132e-02
127 148 7.233284760851093e-03
127 149 -1.265402077883446e-02
127 150 1.232479383921780e-03
127 151 8.507818082537037e-03
127 152 -9.719999626669784e-03
127 153 4.056073820310753e-03
128 136 -1.833267155554221e-01
128 137 8.496052943251265e-01
128 138 7.978124774258017e-01
128 139 2.709112098463870e-02
128 140 -1.341009959651922e-01
128 141 4.603749937463587e-02
128 142 6.969985820549034e-02
128 143 7.073583005504234e-03
128 144 -2.675090448249081e-02
128 145 3.008346487896275e-02
128 146 -6.878577509574089e-03
128 147 -5.147043285304089e-02
128 148 -2.296833469170258e-02
128 149 3.967378200088160e-02
128 150 -3.826530502171582e-03
128 151 -2.623252505678715e-02
128 152 2.983957599313199e-02
128 153 -1.242564713428643e-02
129 136 1.012997478615076e-01
129 137 -2.866596804778757e-01
129 138 4.009285655348331e-01
129 139 1.003092729754151e+00
129 140 4.718042883536003e-01
129 141 -1.151051233747784e-01
129 142 -1.533011412395470e-01
129 143 -1.467336790749114e-02
129 144 5.417647031984189e-02
129 145 -6.347065826160919e-02
129 146 1.413095968572470e-02
129 147 1.016285359894869e-01
129 148 4.361555150731201e-02
129 149 -7.297122858953638e-02
129 150 6.873636058247627e-03
129 151 4.636253866511385e-02
129 152 -5.220965998265570e-02
129 153 2.163688115666493e-02
130 136 -6.675829548998832e-02
130 137 1.714825278878403e-01
130 138 -1.763260094650451e-01
130 139 -3.524913251503798e-02
130 140 7.751613393474797e-01
130 141 9.500818362211337e-01
130 142 4.551820017945857e-01
130 143 3.440881837089139e-02
130 144 -1.173436103509141e-01
130 145 1.582637096187088e-01
130 146 -3.205658723743710e-02
130 147 -2.040533508482630e-01
130 148 -7.898266143119480e-02
130 149 1.226433507083526e-01
130 150 -1.098389774586483e-02
130 151 -7.170870669864551e-02
130 152 7.919894876866927e-02
130 153 -3.252580339148582e-02
131 136 4.654764921310722e-02
131 137 -1.153084751520918e-01
131 138 1.084975613502227e-01
131 139 1.782365365319722e-02
131 140 -2.253712020788828e-01
131 141 1.833451203871216e-01
131 142 7.871848513645266e-01
131 143 9.980475420281749e-01
131 144 9.659358568042407e-01
131 145 9.659358568042410e-01
131 146 9.980475420281750e-01
131 147 7.871848513645266e-01
131 148 1.833451203871216e-01
131 149 -2.253712020788828e-01
131 150 1.782365365319722e-02
131 151 1.084975613502227e-01
131 152 -1.153084751520918e-01
131 153 4.654764921310723e-02
132 136 -3.252580339148581e-02
132 137 7.919894876866930e-02
132 138 -7.170870669864551e-02
132 139 -1.098389774586483e-02
132 140 1.226433507083526e-01
132 141 -7.898266143119477e-02
132 142 -2.040533508482630e-01
132 143 -3.205658723743710e-02
132 144 1.582637096187088e-01
132 145 -1.173436103509142e-01
132 146 3.440881837089139e-02
132 147 4.551820017945857e-01
132 148 9.500818362211341e-01
132 149 7.751613393474795e-01
132 150 -3.524913251503798e-02
132 151 -1.763260094650451e-01
132 152 1.714825278878403e-01
132 153 -6.675829548998834e-02
133 136 2.163688115666493e-02
133 137 -5.220965998265572e-02
133 138 4.636253866511385e-02
133 139 6.873636058247627e-03
133 140 -7.297122858953639e-02
133 141 4.361555150731200e-02
133 142 1.016285359894869e-01
133 143 1.413095968572470e-02
133 144 -6.347065826160918e-02
133 145 5.417647031984189e-02
133 146 -1.467336790749114e-02
133 147 -1.533011412395470e-01
133 148 -1.151051233747784e-01
133 149 4.718042883536002e-01
133 150 1.003092729754151e+00
133 151 4.009285655348331e-01
133 152 -2.866596804778757e-01
133 153 1.012997478615076e-01
134 136 -1.242564713428642e-02
134 137 2.983957599313199e-02
134 138 -2.623252505678715e-02
134 139 -3.826530502171581e-03
134 140 3.967378200088158e-02
134 141 -2.296833469170257e-02
134 142 -5.147043285304088e-02
134 143 -6.878577509574086e-03
134 144 3.008346487896273e-02
134 145 -2.675090448249081e-02
134 146 7.073583005504234e-03
134 147 6.969985820549032e-02
134 148 4.603749937463587e-02
134 149 -1.341009959651922e-01
134 150 2.709112098463870e-02
134 151 7.978124774258015e-01
134 152 8.496052943251261e-01
134 153 -1.833267155554221e-01
135 136 4.056073820310752e-03
135 137 -9.719999626669786e-03
135 138 8.507818082537037e-03
135 139 1.232479383921780e-03
135 140 -1.265402077883446e-02
135 141 7.233284760851091e-03
135 142 1.597136003720132e-02
135 143 2.104266184682266e-03
135 144 -9.119197464262265e-03
135 145 8.224868937522448e-03
135 146 -2.156636620475042e-03
135 147 -2.084168245043984e-02
135 148 -1.325717275337852e-02
135 149 3.581468700213172e-02
135 150 -6.054059071081856e-03
135 151 -8.784171983803062e-02
135 152 3.337714682645253e-01
135 153 1.121496109519592e+00
172 181 1.129411500546742e+00
172 182 3.670587123461294e-01
172 183 -8.049160724421765e-02
172 184 -2.032779703371105e-02
172 185 3.979771743152358e-02
172 186 -3.653023273099875e-03
172 187 -2.390769583422625e-02
172 188 -1.192764283693672e-02
172 189 -1.348774781601231e-03
172 190 -1.927879913695810e-02
172 191 -8.917196571637699e-03
172 192 1.149451447894673e-02
172 193 1.241273109869995e-02
172 194 -1.090472327570867e-02
172 195 -1.791847139963825e-03
172 196 9.605069530915007e-03
172 197 -9.403212964596647e-03
172 198 3.742046373505992e-03
173 181 -1.954658507609030e-01
173 182 8.172051897065907e-01
173 183 8.485883218629771e-01
173 184 9.418268414471942e-02
173 185 -1.517806004204928e-01
173 186 1.284495107653946e-02
173 187 8.073455683811821e-02
173 188 3.944978508915444e-02
173 189 4.421028511262572e-03
173 190 6.430777110290045e-02
173 191 2.941185106925202e-02
173 192 -3.727073768123548e-02
173 193 -3.956180224284132e-02
173 194 3.426009015924924e-02
173 195 5.569100012395184e-03
173 196 -2.962963414083957e-02
173 197 2.887150304495151e-02
173 198 -1.146382092326462e-02
174 181 1.082520994427215e-01
174 182 -2.889831904537520e-01
174 183 3.248829650141407e-01
174 184 9.970774308689457e-01
174 185 5.961024869195347e-01
174 186 -3.367981223731197e-02
174 187 -1.831797001588250e-01
174 188 -8.387339051456208e-02
174 189 -9.153920411523306e-03
174 190 -1.403134860597820e-01
174 191 -6.202098009210752e-02
174 192 7.483826745891327e-02
174 193 7.585142918501599e-02
174 194 -6.333628236330376e-02
174 195 -1.002900382440945e-02
174 196 5.242362868626331e-02
174 197 -5.053361078568697e-02
174 198 1.996278304731805e-02
175 181 -7.138223443734490e-02
175 182 1.740834065912379e-01
175 183 -1.484845065565630e-01
175 184 -1.049235629513355e-01
175 185 6.609088867175749e-01
175 186 9.949463440350267e-01
175 187 6.382749766949457e-01
175 188 2.153988514319207e-01
175 189 2.132780628752184e-02
175 190 4.016232544653888e-01
175 191 1.543422580342274e-01
175 192 -1.578659711615819e-01
175 193 -1.407094312971157e-01
175 194 1.076704357915654e-01
175 195 1.610950972130854e-02
175 196 -8.125713486768317e-02
175 197 7.670781547409332e-02
175 198 -3.001128424594339e-02
176 181 4.978351309020097e-02
176 182 -1.173453856460498e-01
176 183 9.221850329094014e-02
176 184 5.474453575062120e-02
176 185 -2.222222222222210e-01
176 186 4.193559628619818e-02
176 187 6.214620396774733e-01
176 188 9.411301078682701e-01
176 189 9.992308119045477e-01
176 190 8.278477954392999e-01
176 191 9.674363587446356e-01
176 192 9.247079030335084e-01
176 193 3.586798271031765e-01
176 194 -2.041549616389787e-01
176 195 -2.645201730416487e-02
176 196 1.234841274752012e-01
176 197 -1.118256204949364e-01
176 198 4.295470619525950e-02
177 181 -3.479092359411671e-02
177 182 8.068968438829155e-02
177 183 -6.118162989078900e-02
177 184 -3.407479357032962e-02
177 185 1.239997546686374e-01
177 186 -1.932067089943280e-02
177 187 -2.003414469256310e-01
177 188 -1.448427411451538e-01
177 189 -2.040102646753397e-02
177 190 -1.975954228585650e-01
177 191 -1.152192884137946e-01
177 192 2.479644820829741e-01
177 193 8.525257551601341e-01
177 194 8.790469159003549e-01
177 195 5.438963477219902e-02
177 196 -2.028705486769821e-01
177 197 1.667687693892627e-01
177 198 -6.162176444160163e-02
178 181 2.314511493125868e-02
178 182 -5.322385868251562e-02
178 183 3.963041032797571e-02
178 184 2.141880768979491e-02
178 185 -7.448107462312180e-02
178 186 1.087558270779147e-02
178 187 1.035174746041500e-01
178 188 6.804174656093472e-02
178 189 8.940094922502513e-03
178 190 9.727024557022122e-02
178 191 5.312855434465246e-02
178 192 -9.488787671959975e-02
178 193 -1.693562845488879e-01
178 194 3.332953273953553e-01
178 195 9.893322785608480e-01
178 196 4.836645840152140e-01
178 197 -2.810263216499408e-01
178 198 9.356790625900951e-02
179 181 -1.329223336630918e-02
179 182 3.042868713306824e-02
179 183 -2.244483970189560e-02
179 184 -1.194967046758743e-02
179 185 4.066948930938188e-02
179 186 -5.772473560016526e-03
179 187 -5.312732759263703e-02
179 188 -3.378505081770118e-02
179 189 -4.344146984209972e-03
179 190 -4.906283545438322e-02
179 191 -2.622294708672102e-02
179 192 4.443454994987862e-02
179 193 7.079696169522944e-02
179 194 -1.042152868047737e-01
179 195 -3.527955770725295e-02
179 196 7.368286240746894e-01
179 197 8.820295805961363e-01
179 198 -1.697679375943468e-01
180 181 4.339014147750544e-03
180 182 -9.913245383000329e-03
180 183 7.282382897431764e-03
180 184 3.852365568881994e-03
180 185 -1.299443778081695e-02
180 186 1.823505864305588e-03
180 187 1.656712269663217e-02
180 188 1.040833436407369e-02
180 189 1.328127019033902e-03
180 190 1.520147693187807e-02
180 191 8.061389971493301e-03
180 192 -1.341513144180401e-02
180 193 -2.063918615341147e-02
180 194 2.833848483624011e-02
180 195 8.151902909040198e-03
180 196 -9.224871609677820e-02
180 197 2.984110973907172e-01
180 198 1.112637365330063e+00
199 208 1.121496109519592e+00
199 209 3.337714682645254e-01
199 210 -8.784171983803062e-02
199 211 -6.054059071081856e-03
199 212 3.581468700213172e-02
199 213 -1.325717275337852e-02
199 214 -2.084168245043984e-02
199 215 -2.156636620475042e-03
199 216 8.224868937522447e-03
199 217 -9.119197464262268e-03
199 218 2.104266184682266e-03
199 219 1.597136003720132e-02
199 220 7.233284760851093e-03
199 221 -1.265402077883446e-02
199 222 1.232479383921780e-03
199 223 8.507818082537037e-03
199 224 -9.719999626669784e-03
199 225 4.056073820310753e-03
200 208 -1.833267155554221e-01
200 209 8.496052943251265e-01
200 210 7.978124774258017e-01
200 211 2.709112098463870e-02
200 212 -1.341009959651922e-01
200 213 4.603749937463587e-02
200 214 6.969985820549034e-02
200 215 7.073583005504234e-03
200 216 -2.675090448249081e-02
200 217 3.008346487896275e-02
200 218 -6.878577509574089e-03
200 219 -5.147043285304089e-02
200 220 -2.296833469170258e-02
200 221 3.967378200088160e-02
200 222 -3.826530502171582e-03
200 223 -2.623252505678715e-02
200 224 2.983957599313199e-02
200 225 -1.242564713428643e-02
201 208 1.012997478615076e-01
201 209 -2.866596804778757e-01
201 210 4.009285655348331e-01
201 211 1.003092729754151e+00
201 212 4.718042883536003e-01
201 213 -1.151051233747784e-01
201 214 -1.533011412395470e-01
201 215 -1.467336790749114e-02
201 216 5.417647031984189e-02
201 217 -6.347065826160919e-02
201 218 1.413095968572470e-02
201 219 1.016285359894869e-01
201 220 4.361555150731201e-02
201 221 -7.297122858953638e-02
201 222 6.873636058247627e-03
201 223 4.636253866511385e-02
201 224 -5.220965998265570e-02
201 225 2.163688115666493e-02
202 208 -6.675829548998832e-02
202 209 1.714825278878403e-01
202 210 -1.763260094650451e-01
202 211 -3.524913251503798e-02
202 212 7.751613393474797e-01
202 213 9.500818362211337e-01
202 214 4.551820017945857e-01
202 215 3.440881837089139e-02
202 216 -1.173436103509141e-01
202 217 1.582637096187088e-01
202 218 -3.205658723743710e-02
202 219 -2.040533508482630e-01
202 220 -7.898266143119480e-02
202 221 1.226433507083526e-01
202 222 -1.098389774586483e-02
202 223 -7.170870669864551e-02
202 224 7.919894876866927e-02
202 225 -3.252580339148582e-02
203 208 4.654764921310722e-02
203 209 -1.153084751520918e-01
203 210 1.084975613502227e-01
203 211 1.782365365319722e-02
203 212 -2.253712020788828e-01
203 213 1.833451203871216e-01
203 214 7.871848513645266e-01
203 215 9.980475420281749e-01
203 216 9.659358568042407e-01
203 217 9.659358568042410e-01
203 218 9.980475420281750e-01
203 219 7.871848513645266e-01
203 220 1.833451203871216e-01
203 221 -2.253712020788828e-01
203 222 1.782365365319722e-02
203 223 1.084975613502227e-01
203 224 -1.153084751520918e-01
203 225 4.654764921310723e-02
204 208 -3.252580339148581e-02
204 209 7.919894876866930e-02
204 210 -7.170870669864551e-02
204 211 -1.098389774586483e-02
204 212 1.226433507083526e-01
204 213 -7.898266143119477e-02
204 214 -2.040533508482630e-01
204 215 -3.205658723743710e-02
204 216 1.582637096187088e-01
204 217 -1.173436103509142e-01
204 218 3.440881837089139e-02
204 219 4.551820017945857e-01
204 220 9.500818362211341e-01
204 221 7.751613393474795e-01
204 222 -3.524913251503798e-02
204 223 -1.763260094650451e-01
204 224 1.714825278878403e-01
204 225 -6.675829548998834e-02
205 208 2.163688115666493e-02
205 209 -5.220965998265572e-02
205 210 4.636253866511385e-02
205 211 6.873636058247627e-03
205 212 -7.297122858953639e-02
205 213 4.361555150731200e-02
205 214 1.016285359894869e-01
205 215 1.413095968572470e-02
205 216 -6.347065826160918e-02
205 217 5.417647031984189e-02
205 218 -1.467336790749114e-02
205 219 -1.533011412395470e-01
205 220 -1.151051233747784e-01
205 221 4.718042883536002e-01
205 222 1.003092729754151e+00
205 223 4.009285655348331e-01
205 224 -2.866596804778757e-01
205 225 1.012997478615076e-01
206 208 -1.242564713428642e-02
206 209 2.983957599313199e-02
206 210 -2.623252505678715e-02
206 211 -3.826530502171581e-03
206 212 3.967378200088158e-02
206 213 -2.296833469170257e-02
206 214 -5.147043285304088e-02
206 215 -6.878577509574086e-03
206 216 3.008346487896273e-02
206 217 -2.675090448249081e-02
206 218 7.073583005504234e-03
206 219 6.969985820549032e-02
206 220 4.603749937463587e-02
206 221 -1.341009959651922e-01
206 222 2.709112098463870e-02
206 223 7.978124774258015e-01
206 224 8.496052943251261e-01
206 225 -1.833267155554221e-01
207 208 4.056073820310752e-03
207 209 -9.719999626669786e-03
207 210 8.507818082537037e-03
207 211 1.232479383921780e-03
207 212 -1.265402077883446e-02
207 213 7.233284760851091e-03
207 214 1.597136003720132e-02
207 215 2.104266184682266e-03
207 216 -9.119197464262265e-03
207 217 8.224868937522448e-03
207 218 -2.156636620475042e-03
207 219 -2.084168245043984e-02
207 220 -1.325717275337852e-02
207 221 3.581468700213172e-02
207 222 -6.054059071081856e-03
207 223 -8.784171983803062e-02
207 224 3.337714682645253e-01
207 225 1.121496109519592e+00
235 244 1.121496109519592e+00
235 245 3.337714682645254e-01
235 246 -8.784171983803062e-02
235 247 -6.054059071081856e-03
235 248 3.581468700213172e-02
235 249 -1.325717275337852e-02
235 250 -2.084168245043984e-02
235 251 -2.156636620475042e-03
235 252 8.224868937522447e-03
235 253 -9.119197464262268e-03
235 254 2.104266184682266e-03
235 255 1.597136003720132e-02
235 256 7.233284760851093e-03
235 257 -1.265402077883446e-02
235 258 1.232479383921780e-03
235 259 8.507818082537037e-03
235 260 -9.719999626669784e-03
235 261 4.056073820310753e-03
236 244 -1.833267155554221e-01
236 245 8.496052943251265e-01
236 246 7.978124774258017e-01
236 247 2.709112098463870e-02
236 248 -1.341009959651922e-01
236 249 4.603749937463587e-02
236 250 6.969985820549034e-02
236 251 7.073583005504234e-03
236 252 -2.675090448249081e-02
236 253 3.008346487896275e-02
236 254 -6.878577509574089e-03
236 255 -5.147043285304089e-02
236 256 -2.296833469170258e-02
236 257 3.967378200088160e-02
236 258 -3.826530502171582e-03
236 259 -2.623252505678715e-02
236 260 2.983957599313199e-02
236 261 -1.242564713428643e-02
237 244 1.012997478615076e-01
237 245 -2.866596804778757e-01
237 246 4.009285655348331e-01
237 247 1.003092729754151e+00
237 248 4.718042883536003e-01
237 249 -1.151051233747784e-01
237 250 -1.533011412395470e-01
237 251 -1.467336790749114e-02
237 252 5.417647031984189e-02
237 253 -6.347065826160919e-02
237 254 1.413095968572470e-02
237 255 1.016285359894869e-01
237 256 4.361555150731201e-02
237 257 -7.297122858953638e-02
237 258 6.873636058247627e-03
237 259 4.636253866511385e-02
237 260 -5.220965998265570e-02
237 261 2.163688115666493e-02
238 244 -6.675829548998832e-02
238 245 1.714825278878403e-01
238 246 -1.763260094650451e-01
238 247 -3.524913251503798e-02
238 248 7.751613393474797e-01
238 249 9.500818362211337e-01
238 250 4.551820017945857e-01
238 251 3.440881837089139e-02
238 252 -1.173436103509141e-01
238 253 1.582637096187088e-01
238 254 -3.205658723743710e-02
238 255 -2.040533508482630e-01
238 256 -7.898266143119480e-02
238 257 1.226433507083526e-01
238 258 -1.098389774586483e-02
238 259 -7.170870669864551e-02
238 260 7.919894876866927e-02
238 261 -3.252580339148582e-02
239 244 4.654764921310722e-02
239 245 -1.153084751520918e-01
239 246 1.084975613502227e-01
239 247 1.782365365319722e-02
239 248 -2.253712020788828e-01
239 249 1.833451203871216e-01
239 250 7.871848513645266e-01
239 251 9.980475420281749e-01
239 252 9.659358568042407e-01
239 253 9.659358568042410e-01
239 254 9.980475420281750e-01
239 255 7.871848513645266e-01
239 256 1.833451203871216e-01
239 257 -2.253712020788828e-01
239 258 1.782365365319722e-02
239 259 1.084975613502227e-01
239 260 -1.153084751520918e-01
239 261 4.654764921310723e-02
240 244 -3.252580339148581e-02
240 245 7.919894876866930e-02
240 246 -7.170870669864551e-02
240 247 -1.098389774586483e-02
240 248 1.226433507083526e-01
240 249 -7.898266143119477e-02
240 250 -2.040533508482630e-01
240 251 -3.205658723743710e-02
240 252 1.582637096187088e-01
240 253 -1.173436103509142e-01
240 254 3.440881837089139e-02
240 255 4.551820017945857e-01
240 256 9.500818362211341e-01
240 257 7.751613393474795e-01
240 258 -3.524913251503798e-02
240 259 -1.763260094650451e-01
240 260 1.714825278878403e-01
240 261 -6.675829548998834e-02
241 244 2.163688115666493e-02
241 245 -5.220965998265572e-02
241 246 4.636253866511385e-02
241 247 6.873636058247627e-03
241 248 -7.297122858953639e-02
241 249 4.361555150731200e-02
241 250 1.016285359894869e-01
241 251 1.413095968572470e-02
241 252 -6.347065826160918e-02
241 253 5.417647031984189e-02
241 254 -1.467336790749114e-02
241 255 -1.533011412395470e-01
241 256 -1.151051233747784e-01
241 257 4.718042883536002e-01
241 258 1.003092729754151e+00
241 259 4.009285655348331e-01
241 260 -2.866596804778757e-01
241 261 1.012997478615076e-01
242 244 -1.242564713428642e-02
242 245 2.983957599313199e-02
242 246 -2.623252505678715e-02
242 247 -3.826530502171581e-03
242 248 3.967378200088158e-02
242 249 -2.296833469170257e-02
242 250 -5.147043285304088e-02
242 251 -6.878577509574086e-03
242 252 3.008346487896273e-02
242 253 -2.675090448249081e-02
242 254 7.073583005504234e-03
242 255 6.969985820549032e-02
242 256 4.603749937463587e-02
242 257 -1.341009959651922e-01
242 258 2.709112098463870e-02
242 259 7.978124774258015e-01
242 260 8.496052943251261e-01
242 261 -1.833267155554221e-01
243 244 4.056073820310752e-03
243 245 -9.719999626669786e-03
243 246 8.507818082537037e-03
243 247 1.232479383921780e-03
243 248 -1.265402077883446e-02
243 249 7.233284760851091e-03
243 250 1.597136003720132e-02
243 251 2.104266184682266e-03
243 252 -9.119197464262265e-03
243 253 8.224868937522448e-03
243 254 -2.156636620475042e-03
243 255 -2.084168245043984e-02
243 256 -1.325717275337852e-02
243 257 3.581468700213172e-02
243 258 -6.054059071081856e-03
243 259 -8.784171983803062e-02
243 260 3.337714682645253e-01
243 261 1.121496109519592e+00
262 271 1.121496109519592e+00
262 272 3.337714682645254e-01
262 273 -8.784171983803060e-02
262 274 -6.054059071081855e-03
262 275 3.581468700213172e-02
262 276 -1.325717275337851e-02
262 277 -2.084168245043983e-02
262 278 -2.156636620475041e-03
262 279 8.224868937522438e-03
262 280 -9.119197464262261e-03
262 281 2.104266184682265e-03
262 282 1.597136003720129e-02
262 283 7.233284760851078e-03
262 284 -1.265402077883441e-02
262 285 1.232479383921772e-03
262 286 8.507818082536967e-03
262 287 -9.719999626670051e-03
262 288 4.056073820311863e-03
263 271 -1.833267155554222e-01
263 272 8.496052943251265e-01
263 273 7.978124774258016e-01
263 274 2.709112098463870e-02
263 275 -1.341009959651922e-01
263 276 4.603749937463585e-02
263 277 6.969985820549028e-02
263 278 7.073583005504228e-03
263 279 -2.675090448249078e-02
263 280 3.008346487896273e-02
263 281 -6.878577509574084e-03
263 282 -5.147043285304083e-02
263 283 -2.296833469170253e-02
263 284 3.967378200088147e-02
263 285 -3.826530502171556e-03
263 286 -2.623252505678694e-02
263 287 2.983957599313281e-02
263 288 -1.242564713428982e-02
264 271 1.012997478615076e-01
264 272 -2.866596804778758e-01
264 273 4.009285655348331e-01
264 274 1.003092729754151e+00
264 275 4.718042883536002e-01
264 276 -1.151051233747783e-01
264 277 -1.533011412395469e-01
264 278 -1.467336790749113e-02
264 279 5.417647031984183e-02
264 280 -6.347065826160916e-02
264 281 1.413095968572469e-02
264 282 1.016285359894867e-01
264 283 4.361555150731192e-02
264 284 -7.297122858953616e-02
264 285 6.873636058247581e-03
264 286 4.636253866511349e-02
264 287 -5.220965998265714e-02
264 288 2.163688115667086e-02
265 271 -6.675829548998836e-02
265 272 1.714825278878404e-01
265 273 -1.763260094650451e-01
265 274 -3.524913251503799e-02
265 275 7.751613393474798e-01
265 276 9.500818362211337e-01
265 277 4.551820017945856e-01
265 278 3.440881837089137e-02
265 279 -1.173436103509141e-01
265 280 1.582637096187088e-01
265 281 -3.205658723743710e-02
265 282 -2.040533508482629e-01
265 283 -7.898266143119467e-02
265 284 1.226433507083523e-01
265 285 -1.098389774586476e-02
265 286 -7.170870669864500e-02
265 287 7.919894876867151e-02
265 288 -3.252580339149472e-02
266 271 4.654764921310728e-02
266 272 -1.153084751520920e-01
266 273 1.084975613502228e-01
266 274 1.782365365319723e-02
266 275 -2.253712020788829e-01
266 276 1.833451203871217e-01
266 277 7.871848513645269e-01
266 278 9.980475420281749e-01
266 279 9.659358568042407e-01
266 280 9.659358568042411e-01
266 281 9.980475420281752e-01
266 282 7.871848513645263e-01
266 283 1.833451203871214e-01
266 284 -2.253712020788823e-01
266 285 1.782365365319711e-02
266 286 1.084975613502221e-01
266 287 -1.153084751520951e-01
266 288 4.654764921311998e-02
267 271 -3.252580339148590e-02
267 272 7.919894876866949e-02
267 273 -7.170870669864567e-02
267 274 -1.098389774586485e-02
267 275 1.226433507083529e-01
267 276 -7.898266143119492e-02
267 277 -2.040533508482634e-01
267 278 -3.205658723743714e-02
267 279 1.582637096187089e-01
267 280 -1.173436103509144e-01
267 281 3.440881837089145e-02
267 282 4.551820017945862e-01
267 283 9.500818362211342e-01
267 284 7.751613393474789e-01
267 285 -3.524913251503782e-02
267 286 -1.763260094650445e-01
267 287 1.714825278878454e-01
267 288 -6.675829549000664e-02
268 271 2.163688115666508e-02
268 272 -5.220965998265607e-02
268 273 4.636253866511416e-02
268 274 6.873636058247670e-03
268 275 -7.297122858953686e-02
268 276 4.361555150731227e-02
268 277 1.016285359894875e-01
268 278 1.413095968572478e-02
268 279 -6.347065826160954e-02
268 280 5.417647031984222e-02
268 281 -1.467336790749122e-02
268 282 -1.533011412395478e-01
268 283 -1.151051233747789e-01
268 284 4.718042883536019e-01
268 285 1.003092729754151e+00
268 286 4.009285655348361e-01
268 287 -2.866596804778854e-01
268 288 1.012997478615356e-01
269 271 -1.242564713428646e-02
269 272 2.983957599313207e-02
269 273 -2.623252505678722e-02
269 274 -3.826530502171591e-03
269 275 3.967378200088170e-02
269 276 -2.296833469170263e-02
269 277 -5.147043285304102e-02
269 278 -6.878577509574105e-03
269 279 3.008346487896282e-02
269 280 -2.675090448249089e-02
269 281 7.073583005504255e-03
269 282 6.969985820549052e-02
269 283 4.603749937463598e-02
269 284 -1.341009959651925e-01
269 285 2.709112098463877e-02
269 286 7.978124774257956e-01
269 287 8.496052943251284e-01
269 288 -1.833267155554679e-01
270 271 4.056073820310691e-03
270 272 -9.719999626669638e-03
270 273 8.507818082536906e-03
270 274 1.232479383921761e-03
270 275 -1.265402077883426e-02
270 276 7.233284760850977e-03
270 277 1.597136003720106e-02
270 278 2.104266184682232e-03
270 279 -9.119197464262117e-03
270 280 8.224868937522318e-03
270 281 -2.156636620475008e-03
270 282 -2.084168245043950e-02
270 283 -1.325717275337829e-02
270 284 3.581468700213106e-02
270 285 -6.054059071081723e-03
270 286 -8.784171983802762e-02
270 287 3.337714682645294e-01
270 288 1.121496109519621e+00
316 325 1.129411500546808e+00
316 326 3.670587123461204e-01
316 327 -8.049160724422283e-02
316 328 -2.032779703371214e-02
316 329 3.979771743152553e-02
316 330 -3.653023273100048e-03
316 331 -2.390769583422735e-02
316 332 -1.192764283693758e-02
316 333 -1.348774781600977e-03
316 334 -1.927879913695922e-02
316 335 -8.917196571638118e-03
316 336 1.149451447894748e-02
316 337 1.241273109870054e-02
316 338 -1.090472327570920e-02
316 339 -1.791847139963917e-03
316 340 9.605069530915824e-03
316 341 -9.403212964596773e-03
316 342 3.742046373507205e-03
317 325 -1.954658507609995e-01
317 326 8.172051897065877e-01
317 327 8.485883218629861e-01
317 328 9.418268414472000e-02
317 329 -1.517806004204941e-01
317 330 1.284495107653958e-02
317 331 8.073455683811891e-02
317 332 3.944978508915589e-02
317 333 4.421028511261579e-03
317 334 6.430777110290187e-02
317 335 2.941185106925234e-02
317 336 -3.727073768123657e-02
317 337 -3.956180224284181e-02
317 338 3.426009015924972e-02
317 339 5.569100012395281e-03
317 340 -2.962963414084108e-02
317 341 2.887150304495092e-02
317 342 -1.146382092326794e-02
318 325 1.082520994427728e-01
318 326 -2.889831904537332e-01
318 327 3.248829650141361e-01
318 328 9.970774308689464e-01
318 329 5.961024869195338e-01
318 330 -3.367981223731190e-02
318 331 -1.831797001588242e-01
318 332 -8.387339051456416e-02
318 333 -9.153920411521127e-03
318 334 -1.403134860597835e-01
318 335 -6.202098009210742e-02
318 336 7.483826745891445e-02
318 337 7.585142918501593e-02
318 338 -6.333628236330378e-02
318 339 -1.002900382440949e-02
318 340 5.242362868626528e-02
318 341 -5.053361078568525e-02
318 342 1.996278304732356e-02
319 325 -7.138223443737901e-02
319 326 1.740834065912264e-01
319 327 -1.484845065565621e-01
319 328 -1.049235629513358e-01
319 329 6.609088867175752e-01
319 330 9.949463440350265e-01
319 331 6.382749766949394e-01
319 332 2.153988514319272e-01
319 333 2.132780628751676e-02
319 334 4.016232544653957e-01
319 335 1.543422580342274e-01
319 336 -1.578659711615844e-01
319 337 -1.407094312971158e-01
319 338 1.076704357915656e-01
319 339 1.610950972130862e-02
319 340 -8.125713486768640e-02
319 341 7.670781547409083e-02
319 342 -3.001128424595173e-02
320 325 4.978351309022479e-02
320 326 -1.173453856460419e-01
320 327 9.221850329093970e-02
320 328 5.474453575062133e-02
320 329 -2.222222222222211e-01
320 330 4.193559628619817e-02
320 331 6.214620396774800e-01
320 332 9.411301078682673e-01
320 333 9.992308119045481e-01
320 334 8.278477954392948e-01
320 335 9.674363587446355e-01
320 336 9.247079030335054e-01
320 337 3.586798271031768e-01
320 338 -2.041549616389792e-01
320 339 -2.645201730416502e-02
320 340 1.234841274752062e-01
320 341 -1.118256204949328e-01
320 342 4.295470619527141e-02
321 325 -3.479092359413333e-02
321 326 8.068968438828594e-02
321 327 -6.118162989078867e-02
321 328 -3.407479357032966e-02
321 329 1.239997546686373e-01
321 330 -1.932067089943276e-02
321 331 -2.003414469256315e-01
321 332 -1.448427411451564e-01
321 333 -2.040102646752929e-02
321 334 -1.975954228585658e-01
321 335 -1.152192884137944e-01
321 336 2.479644820829803e-01
321 337 8.525257551601337e-01
321 338 8.790469159003557e-01
321 339 5.438963477219924e-02
321 340 -2.028705486769903e-01
321 341 1.667687693892570e-01
321 342 -6.162176444161856e-02
322 325 2.314511493126964e-02
322 326 -5.322385868251166e-02
322 327 3.963041032797533e-02
322 328 2.141880768979483e-02
322 329 -7.448107462312140e-02
322 330 1.087558270779141e-02
322 331 1.035174746041496e-01
322 332 6.804174656093576e-02
322 333 8.940094922500400e-03
322 334 9.727024557022132e-02
322 335 5.312855434465216e-02
322 336 -9.488787671960139e-02
322 337 -1.693562845488871e-01
322 338 3.332953273953541e-01
322 339 9.893322785608476e-01
322 340 4.836645840152351e-01
322 341 -2.810263216499300e-01
322 342 9.356790625903461e-02
323 325 -1.329223336631553e-02
323 326 3.042868713306609e-02
323 327 -2.244483970189547e-02
323 328 -1.194967046758743e-02
323 329 4.066948930938180e-02
323 330 -5.772473560016509e-03
323 331 -5.312732759263702e-02
323 332 -3.378505081770181e-02
323 333 -4.344146984208954e-03
323 334 -4.906283545438345e-02
323 335 -2.622294708672094e-02
323 336 4.443454994987946e-02
323 337 7.079696169522923e-02
323 338 -1.042152868047734e-01
323 339 -3.527955770725284e-02
323 340 7.368286240746778e-01
323 341 8.820295805961336e-01
323 342 -1.697679375943940e-01
324 325 4.339014147752699e-03
324 326 -9.913245382999815e-03
324 327 7.282382897431863e-03
324 328 3.852365568882068e-03
324 329 -1.299443778081717e-02
324 330 1.823505864305618e-03
324 331 1.656712269663249e-02
324 332 1.040833436407409e-02
324 333 1.328127019033617e-03
324 334 1.520147693187844e-02
324 335 8.061389971493438e-03
324 336 -1.341513144180453e-02
324 337 -2.063918615341184e-02
324 338 2.833848483624066e-02
324 339 8.151902909040380e-03
324 340 -9.224871609678240e-02
324 341 2.984110973907126e-01
324 342 1.112637365330095e+00
343 352 1.121496109519621e+00
343 353 3.337714682645296e-01
343 354 -8.784171983802763e-02
343 355 -6.054059071081724e-03
343 356 3.581468700213108e-02
343 357 -1.325717275337829e-02
343 358 -2.084168245043966e-02
343 359 -2.156636620475006e-03
343 360 8.224868937522551e-03
343 361 -9.119197464262409e-03
343 362 2.104266184682231e-03
343 363 1.597136003720112e-02
343 364 7.233284760850968e-03
343 365 -1.265402077883422e-02
343 366 1.232479383921753e-03
343 367 8.507818082536839e-03
343 368 -9.719999626669907e-03
343 369 4.056073820311803e-03
344 352 -1.833267155554679e-01
344 353 8.496052943251285e-01
344 354 7.978124774257953e-01
344 355 2.709112098463876e-02
344 356 -1.341009959651925e-01
344 357 4.603749937463596e-02
344 358 6.969985820549106e-02
344 359 7.073583005504246e-03
344 360 -2.675090448249163e-02
344 361 3.008346487896378e-02
344 362 -6.878577509574100e-03
344 363 -5.147043285304120e-02
344 364 -2.296833469170259e-02
344 365 3.967378200088156e-02
344 366 -3.826530502171565e-03
344 367 -2.623252505678700e-02
344 368 2.983957599313289e-02
344 369 -1.242564713428985e-02
345 352 1.012997478615356e-01
345 353 -2.866596804778855e-01
345 354 4.009285655348359e-01
345 355 1.003092729754151e+00
345 356 4.718042883536018e-01
345 357 -1.151051233747789e-01
345 358 -1.533011412395492e-01
345 359 -1.467336790749121e-02
345 360 5.417647031984368e-02
345 361 -6.347065826161161e-02
345 362 1.413095968572477e-02
345 363 1.016285359894878e-01
345 364 4.361555150731219e-02
345 365 -7.297122858953661e-02
345 366 6.873636058247624e-03
345 367 4.636253866511378e-02
345 368 -5.220965998265749e-02
345 369 2.163688115667100e-02
346 352 -6.675829549000668e-02
346 353 1.714825278878455e-01
346 354 -1.763260094650445e-01
346 355 -3.524913251503782e-02
346 356 7.751613393474790e-01
346 357 9.500818362211340e-01
346 358 4.551820017945925e-01
346 359 3.440881837089142e-02
346 360 -1.173436103509174e-01
346 361 1.582637096187147e-01
346 362 -3.205658723743713e-02
346 363 -2.040533508482638e-01
346 364 -7.898266143119481e-02
346 365 1.226433507083525e-01
346 366 -1.098389774586478e-02
346 367 -7.170870669864514e-02
346 368 7.919894876867167e-02
346 369 -3.252580339149479e-02
347 352 4.654764921312001e-02
347 353 -1.153084751520952e-01
347 354 1.084975613502221e-01
347 355 1.782365365319713e-02
347 356 -2.253712020788824e-01
347 357 1.833451203871215e-01
347 358 7.871848513645213e-01
347 359 9.980475420281749e-01
347 360 9.659358568042388e-01
347 361 9.659358568042387e-01
347 362 9.980475420281750e-01
347 363 7.871848513645214e-01
347 364 1.833451203871215e-01
347 365 -2.253712020788824e-01
347 366 1.782365365319713e-02
347 367 1.084975613502221e-01
347 368 -1.153084751520952e-01
347 369 4.654764921312000e-02
348 352 -3.252580339149479e-02
348 353 7.919894876867167e-02
348 354 -7.170870669864511e-02
348 355 -1.098389774586478e-02
348 356 1.226433507083525e-01
348 357 -7.898266143119478e-02
348 358 -2.040533508482637e-01
348 359 -3.205658723743712e-02
348 360 1.582637096187146e-01
348 361 -1.173436103509173e-01
348 362 3.440881837089142e-02
348 363 4.551820017945925e-01
348 364 9.500818362211341e-01
348 365 7.751613393474787e-01
348 366 -3.524913251503782e-02
348 367 -1.763260094650445e-01
348 368 1.714825278878454e-01
348 369 -6.675829549000664e-02
349 352 2.163688115667100e-02
349 353 -5.220965998265750e-02
349 354 4.636253866511377e-02
349 355 6.873636058247624e-03
349 356 -7.297122858953663e-02
349 357 4.361555150731218e-02
349 358 1.016285359894878e-01
349 359 1.413095968572477e-02
349 360 -6.347065826161162e-02
349 361 5.417647031984368e-02
349 362 -1.467336790749121e-02
349 363 -1.533011412395492e-01
349 364 -1.151051233747789e-01
349 365 4.718042883536017e-01
349 366 1.003092729754151e+00
349 367 4.009285655348360e-01
349 368 -2.866596804778854e-01
349 369 1.012997478615356e-01
350 352 -1.242564713428986e-02
350 353 2.983957599313289e-02
350 354 -2.623252505678699e-02
350 355 -3.826530502171565e-03
350 356 3.967378200088157e-02
350 357 -2.296833469170258e-02
350 358 -5.147043285304119e-02
350 359 -6.878577509574098e-03
350 360 3.008346487896378e-02
350 361 -2.675090448249162e-02
350 362 7.073583005504246e-03
350 363 6.969985820549106e-02
350 364 4.603749937463596e-02
350 365 -1.341009959651925e-01
350 366 2.709112098463877e-02
350 367 7.978124774257953e-01
350 368 8.496052943251283e-01
350 369 -1.833267155554679e-01
351 352 4.056073820311802e-03
351 353 -9.719999626669905e-03
351 354 8.507818082536835e-03
351 355 1.232479383921753e-03
351 356 -1.265402077883422e-02
351 357 7.233284760850963e-03
351 358 1.597136003720112e-02
351 359 2.104266184682230e-03
351 360 -9.119197464262409e-03
351 361 8.224868937522545e-03
351 362 -2.156636620475006e-03
351 363 -2.084168245043966e-02
351 364 -1.325717275337829e-02
351 365 3.581468700213105e-02
351 366 -6.054059071081722e-03
351 367 -8.784171983802760e-02
351 368 3.337714682645294e-01
351 369 1.121496109519621e+00
379 388 1.121496109519621e+00
379 389 3.337714682645296e-01
379 390 -8.784171983802763e-02
379 391 -6.054059071081724e-03
379 392 3.581468700213108e-02
379 393 -1.325717275337829e-02
379 394 -2.084168245043966e-02
379 395 -2.156636620475006e-03
379 396 8.224868937522551e-03
379 397 -9.119197464262409e-03
379 398 2.104266184682231e-03
379 399 1.597136003720112e-02
379 400 7.233284760850968e-03
379 401 -1.265402077883422e-02
379 402 1.232479383921753e-03
379 403 8.507818082536839e-03
379 404 -9.719999626669907e-03
379 405 4.056073820311803e-03
380 388 -1.833267155554679e-01
380 389 8.496052943251285e-01
380 390 7.978124774257953e-01
380 391 2.709112098463876e-02
380 392 -1.341009959651925e-01
380 393 4.603749937463596e-02
380 394 6.969985820549106e-02
380 395 7.073583005504246e-03
380 396 -2.675090448249163e-02
380 397 3.008346487896378e-02
380 398 -6.878577509574100e-03
380 399 -5.147043285304120e-02
380 400 -2.296833469170259e-02
380 401 3.967378200088156e-02
380 402 -3.826530502171565e-03
380 403 -2.623252505678700e-02
380 404 2.983957599313289e-02
380 405 -1.242564713428985e-02
381 388 1.012997478615356e-01
381 389 -2.866596804778855e-01
381 390 4.009285655348359e-01
381 391 1.003092729754151e+00
381 392 4.718042883536018e-01
381 393 -1.151051233747789e-01
381 394 -1.533011412395492e-01
381 395 -1.467336790749121e-02
381 396 5.417647031984368e-02
381 397 -6.347065826161161e-02
381 398 1.413095968572477e-02
381 399 1.016285359894878e-01
381 400 4.361555150731219e-02
381 401 -7.297122858953661e-02
381 402 6.873636058247624e-03
381 403 4.636253866511378e-02
381 404 -5.220965998265749e-02
381 405 2.163688115667100e-02
382 388 -6.675829549000668e-02
382 389 1.714825278878455e-01
382 390 -1.763260094650445e-01
382 391 -3.524913251503782e-02
382 392 7.751613393474790e-01
382 393 9.500818362211340e-01
382 394 4.551820017945925e-01
382 395 3.440881837089142e-02
382 396 -1.173436103509174e-01
382 397 1.582637096187147e-01
382 398 -3.205658723743713e-02
382 399 -2.040533508482638e-01
382 400 -7.898266143119481e-02
382 401 1.226433507083525e-01
382 402 -1.098389774586478e-02
382 403 -7.170870669864514e-02
382 404 7.919894876867167e-02
382 405 -3.252580339149479e-02
383 388 4.654764921312001e-02
383 389 -1.153084751520952e-01
383 390 1.084975613502221e-01
383 391 1.782365365319713e-02
383 392 -2.253712020788824e-01
383 393 1.833451203871215e-01
383 394 7.871848513645213e-01
383 395 9.980475420281749e-01
383 396 9.659358568042388e-01
383 397 9.659358568042387e-01
383 398 9.980475420281750e-01
383 399 7.871848513645214e-01
383 400 1.833451203871215e-01
383 401 -2.253712020788824e-01
383 402 1.782365365319713e-02
383 403 1.084975613502221e-01
383 404 -1.153084751520952e-01
383 405 4.654764921312000e-02
384 388 -3.252580339149479e-02
384 389 7.919894876867167e-02
384 390 -7.170870669864511e-02
384 391 -1.098389774586478e-02
384 392 1.226433507083525e-01
384 393 -7.898266143119478e-02
384 394 -2.040533508482637e-01
384 395 -3.205658723743712e-02
384 396 1.582637096187146e-01
384 397 -1.173436103509173e-01
384 398 3.440881837089142e-02
384 399 4.551820017945925e-01
384 400 9.500818362211341e-01
384 401 7.751613393474787e-01
384 402 -3.524913251503782e-02
384 403 -1.763260094650445e-01
384 404 1.714825278878454e-01
384 405 -6.675829549000664e-02
385 388 2.163688115667100e-02
385 389 -5.220965998265750e-02
385 390 4.636253866511377e-02
385 391 6.873636058247624e-03
385 392 -7.297122858953663e-02
385 393 4.361555150731218e-02
385 394 1.016285359894878e-01
385 395 1.413095968572477e-02
385 396 -6.347065826161162e-02
385 397 5.417647031984368e-02
385 398 -1.467336790749121e-02
385 399 -1.533011412395492e-01
385 400 -1.151051233747789e-01
385 401 4.718042883536017e-01
385 402 1.003092729754151e+00
385 403 4.009285655348360e-01
385 404 -2.866596804778854e-01
385 405 1.012997478615356e-01
386 388 -1.242564713428986e-02
386 389 2.983957599313289e-02
386 390 -2.623252505678699e-02
386 391 -3.826530502171565e-03
386 392 3.967378200088157e-02
386 393 -2.296833469170258e-02
386 394 -5.147043285304119e-02
386 395 -6.878577509574098e-03
386 396 3.008346487896378e-02
386 397 -2.675090448249162e-02
386 398 7.073583005504246e-03
386 399 6.969985820549106e-02
386 400 4.603749937463596e-02
386 401 -1.341009959651925e-01
386 402 2.709112098463877e-02
386 403 7.978124774257953e-01
386 404 8.496052943251283e-01
386 405 -1.833267155554679e-01
387 388 4.056073820311802e-03
387 389 -9.719999626669905e-03
387 390 8.507818082536835e-03
387 391 1.232479383921753e-03
387 392 -1.265402077883422e-02
387 393 7.233284760850963e-03
387 394 1.597136003720112e-02
387 395 2.104266184682230e-03
387 396 -9.119197464262409e-03
387 397 8.224868937522545e-03
387 398 -2.156636620475006e-03
387 399 -2.084168245043966e-02
387 400 -1.325717275337829e-02
387 401 3.581468700213105e-02
387 402 -6.054059071081722e-03
387 403 -8.784171983802760e-02
387 404 3.337714682645294e-01
387 405 1.121496109519621e+00
406 415 1.121496109519621e+00
406 416 3.337714682645296e-01
406 417 -8.784171983802763e-02
406 418 -6.054059071081723e-03
406 419 3.581468700213106e-02
406 420 -1.325717275337829e-02
406 421 -2.084168245043966e-02
406 422 -2.156636620475006e-03
406 423 8.224868937522547e-03
406 424 -9.119197464262405e-03
406 425 2.104266184682230e-03
406 426 1.597136003720112e-02
406 427 7.233284760850963e-03
406 428 -1.265402077883421e-02
406 429 1.232479383921751e-03
406 430 8.507818082536802e-03
406 431 -9.719999626669766e-03
406 432 4.056073820312279e-03
407 415 -1.833267155554680e-01
407 416 8.496052943251287e-01
407 417 7.978124774257953e-01
407 418 2.709112098463877e-02
407 419 -1.341009959651925e-01
407 420 4.603749937463594e-02
407 421 6.969985820549103e-02
407 422 7.073583005504243e-03
407 423 -2.675090448249161e-02
407 424 3.008346487896377e-02
407 425 -6.878577509574098e-03
407 426 -5.147043285304118e-02
407 427 -2.296833469170258e-02
407 428 3.967378200088152e-02
407 429 -3.826530502171557e-03
407 430 -2.623252505678688e-02
407 431 2.983957599313245e-02
407 432 -1.242564713429131e-02
408 415 1.012997478615356e-01
408 416 -2.866596804778855e-01
408 417 4.009285655348360e-01
408 418 1.003092729754151e+00
408 419 4.718042883536017e-01
408 420 -1.151051233747788e-01
408 421 -1.533011412395491e-01
408 422 -1.467336790749120e-02
408 423 5.417647031984366e-02
408 424 -6.347065826161161e-02
408 425 1.413095968572477e-02
408 426 1.016285359894877e-01
408 427 4.361555150731217e-02
408 428 -7.297122858953653e-02
408 429 6.873636058247610e-03
408 430 4.636253866511358e-02
408 431 -5.220965998265673e-02
408 432 2.163688115667354e-02
409 415 -6.675829549000668e-02
409 416 1.714825278878455e-01
409 417 -1.763260094650445e-01
409 418 -3.524913251503783e-02
409 419 7.751613393474790e-01
409 420 9.500818362211338e-01
409 421 4.551820017945924e-01
409 422 3.440881837089141e-02
409 423 -1.173436103509173e-01
409 424 1.582637096187146e-01
409 425 -3.205658723743712e-02
409 426 -2.040533508482637e-01
409 427 -7.898266143119477e-02
409 428 1.226433507083524e-01
409 429 -1.098389774586476e-02
409 430 -7.170870669864483e-02
409 431 7.919894876867054e-02
409 432 -3.252580339149862e-02
410 415 4.654764921312004e-02
410 416 -1.153084751520953e-01
410 417 1.084975613502222e-01
410 418 1.782365365319714e-02
410 419 -2.253712020788825e-01
410 420 1.833451203871215e-01
410 421 7.871848513645214e-01
410 422 9.980475420281748e-01
410 423 9.659358568042387e-01
410 424 9.659358568042387e-01
410 425 9.980475420281749e-01
410 426 7.871848513645214e-01
410 427 1.833451203871215e-01
410 428 -2.253712020788822e-01
410 429 1.782365365319710e-02
410 430 1.084975613502217e-01
410 431 -1.153084751520936e-01
410 432 4.654764921312550e-02
411 415 -3.252580339149482e-02
411 416 7.919894876867174e-02
411 417 -7.170870669864517e-02
411 418 -1.098389774586479e-02
411 419 1.226433507083526e-01
411 420 -7.898266143119483e-02
411 421 -2.040533508482638e-01
411 422 -3.205658723743713e-02
411 423 1.582637096187147e-01
411 424 -1.173436103509174e-01
411 425 3.440881837089142e-02
411 426 4.551820017945926e-01
411 427 9.500818362211341e-01
411 428 7.751613393474783e-01
411 429 -3.524913251503777e-02
411 430 -1.763260094650438e-01
411 431 1.714825278878430e-01
411 432 -6.675829549001455e-02
412 415 2.163688115667104e-02
412 416 -5.220965998265760e-02
412 417 4.636253866511386e-02
412 418 6.873636058247637e-03
412 419 -7.297122858953675e-02
412 420 4.361555150731226e-02
412 421 1.016285359894879e-01
412 422 1.413095968572479e-02
412 423 -6.347065826161172e-02
412 424 5.417647031984376e-02
412 425 -1.467336790749123e-02
412 426 -1.533011412395494e-01
412 427 -1.151051233747790e-01
412 428 4.718042883536021e-01
412 429 1.003092729754151e+00
412 430 4.009285655348350e-01
412 431 -2.866596804778818e-01
412 432 1.012997478615477e-01
413 415 -1.242564713428994e-02
413 416 2.983957599313308e-02
413 417 -2.623252505678716e-02
413 418 -3.826530502171590e-03
413 419 3.967378200088182e-02
413 420 -2.296833469170273e-02
413 421 -5.147043285304151e-02
413 422 -6.878577509574140e-03
413 423 3.008346487896396e-02
413 424 -2.675090448249179e-02
413 425 7.073583005504290e-03
413 426 6.969985820549147e-02
413 427 4.603749937463623e-02
413 428 -1.341009959651932e-01
413 429 2.709112098463889e-02
413 430 7.978124774257971e-01
413 431 8.496052943251216e-01
413 432 -1.833267155554906e-01
414 415 4.056073820311858e-03
414 416 -9.719999626670039e-03
414 417 8.507818082536952e-03
414 418 1.232479383921770e-03
414 419 -1.265402077883439e-02
414 420 7.233284760851062e-03
414 421 1.597136003720134e-02
414 422 2.104266184682259e-03
414 423 -9.119197464262532e-03
414 424 8.224868937522658e-03
414 425 -2.156636620475035e-03
414 426 -2.084168245043995e-02
414 427 -1.325717275337847e-02
414 428 3.581468700213154e-02
414 429 -6.054059071081805e-03
414 430 -8.784171983802881e-02
414 431 3.337714682645340e-01
414 432 1.121496109519636e+00
451 460 1.121496109519637e+00
451 461 3.337714682645320e-01
451 462 -8.784171983803080e-02
451 463 -6.054059071081879e-03
451 464 3.581468700213206e-02
451 465 -1.325717275337835e-02
451 466 -2.084168245044001e-02
451 467 -2.156636620475045e-03
451 468 8.224868937522696e-03
451 469 -9.119197464262567e-03
451 470 2.104266184682268e-03
451 471 1.597136003720142e-02
451 472 7.233284760851101e-03
451 473 -1.265402077883447e-02
451 474 1.232479383921778e-03
451 475 8.507818082537089e-03
451 476 -9.719999626669817e-03
451 477 4.056073820312327e-03
452 460 -1.833267155554903e-01
452 461 8.496052943251203e-01
452 462 7.978124774257961e-01
452 463 2.709112098463887e-02
452 464 -1.341009959651937e-01
452 465 4.603749937463534e-02
452 466 6.969985820549099e-02
452 467 7.073583005504250e-03
452 468 -2.675090448249165e-02
452 469 3.008346487896378e-02
452 470 -6.878577509574104e-03
452 471 -5.147043285304127e-02
452 472 -2.296833469170264e-02
452 473 3.967378200088167e-02
452 474 -3.826530502171579e-03
452 475 -2.623252505678734e-02
452 476 2.983957599313212e-02
452 477 -1.242564713429126e-02
453 460 1.012997478615465e-01
453 461 -2.866596804778766e-01
453 462 4.009285655348391e-01
453 463 1.003092729754151e+00
453 464 4.718042883536031e-01
453 465 -1.151051233747766e-01
453 466 -1.533011412395480e-01
453 467 -1.467336790749111e-02
453 468 5.417647031984335e-02
453 469 -6.347065826161118e-02
453 470 1.413095968572468e-02
453 471 1.016285359894872e-01
453 472 4.361555150731197e-02
453 473 -7.297122858953628e-02
453 474 6.873636058247599e-03
453 475 4.636253866511404e-02
453 476 -5.220965998265576e-02
453 477 2.163688115667329e-02
454 460 -6.675829549001402e-02
454 461 1.714825278878406e-01
454 462 -1.763260094650463e-01
454 463 -3.524913251503787e-02
454 464 7.751613393474791e-01
454 465 9.500818362211338e-01
454 466 4.551820017945925e-01
454 467 3.440881837089142e-02
454 468 -1.173436103509174e-01
454 469 1.582637096187146e-01
454 470 -3.205658723743712e-02
454 471 -2.040533508482638e-01
454 472 -7.898266143119480e-02
454 473 1.226433507083526e-01
454 474 -1.098389774586479e-02
454 475 -7.170870669864587e-02
454 476 7.919894876866941e-02
454 477 -3.252580339149837e-02
455 460 4.654764921312531e-02
455 461 -1.153084751520924e-01
455 462 1.084975613502237e-01
455 463 1.782365365319724e-02
455 464 -2.253712020788844e-01
455 465 1.833451203871190e-01
455 466 7.871848513645202e-01
455 467 9.980475420281747e-01
455 468 9.659358568042387e-01
455 469 9.659358568042380e-01
455 470 9.980475420281747e-01
455 471 7.871848513645219e-01
455 472 1.833451203871217e-01
455 473 -2.253712020788828e-01
455 474 1.782365365319718e-02
455 475 1.084975613502234e-01
455 476 -1.153084751520921e-01
455 477 4.654764921312522e-02
456 460 -3.252580339149845e-02
456 461 7.919894876866962e-02
456 462 -7.170870669864604e-02
456 463 -1.098389774586483e-02
456 464 1.226433507083535e-01
456 465 -7.898266143119360e-02
456 466 -2.040533508482632e-01
456 467 -3.205658723743707e-02
456 468 1.582637096187145e-01
456 469 -1.173436103509171e-01
456 470 3.440881837089137e-02
456 471 4.551820017945922e-01
456 472 9.500818362211337e-01
456 473 7.751613393474791e-01
456 474 -3.524913251503787e-02
456 475 -1.763260094650463e-01
456 476 1.714825278878406e-01
456 477 -6.675829549001404e-02
457 460 2.163688115667341e-02
457 461 -5.220965998265609e-02
457 462 4.636253866511433e-02
457 463 6.873636058247651e-03
457 464 -7.297122858953713e-02
457 465 4.361555150731149e-02
457 466 1.016285359894874e-01
457 467 1.413095968572473e-02
457 468 -6.347065826161148e-02
457 469 5.417647031984351e-02
457 470 -1.467336790749117e-02
457 471 -1.533011412395489e-01
457 472 -1.151051233747787e-01
457 473 4.718042883536014e-01
457 474 1.003092729754151e+00
457 475 4.009285655348399e-01
457 476 -2.866596804778771e-01
457 477 1.012997478615467e-01
458 460 -1.242564713429132e-02
458 461 2.983957599313226e-02
458 462 -2.623252505678746e-02
458 463 -3.826530502171602e-03
458 464 3.967378200088206e-02
458 465 -2.296833469170236e-02
458 466 -5.147043285304129e-02
458 467 -6.878577509574120e-03
458 468 3.008346487896388e-02
458 469 -2.675090448249169e-02
458 470 7.073583005504268e-03
458 471 6.969985820549132e-02
458 472 4.603749937463613e-02
458 473 -1.341009959651930e-01
458 474 2.709112098463885e-02
458 475 7.978124774257962e-01
458 476 8.496052943251204e-01
458 477 -1.833267155554904e-01
459 460 4.056073820312343e-03
459 461 -9.719999626669857e-03
459 462 8.507818082537125e-03
459 463 1.232479383921785e-03
459 464 -1.265402077883458e-02
459 465 7.233284760851008e-03
459 466 1.597136003720141e-02
459 467 2.104266184682273e-03
459 468 -9.119197464262593e-03
459 469 8.224868937522705e-03
459 470 -2.156636620475048e-03
459 471 -2.084168245044009e-02
459 472 -1.325717275337857e-02
459 473 3.581468700213186e-02
459 474 -6.054059071081869e-03
459 475 -8.784171983803077e-02
459 476 3.337714682645319e-01
459 477 1.121496109519637e+00
478 487 1.121496109519637e+00
478 488 3.337714682645320e-01
478 489 -8.784171983803080e-02
478 490 -6.054059071081879e-03
478 491 3.581468700213206e-02
478 492 -1.325717275337835e-02
478 493 -2.084168245044001e-02
478 494 -2.156636620475045e-03
478 495 8.224868937522696e-03
478 496 -9.119197464262567e-03
478 497 2.104266184682268e-03
478 498 1.597136003720142e-02
478 499 7.233284760851101e-03
478 500 -1.265402077883447e-02
478 501 1.232479383921778e-03
478 502 8.507818082537089e-03
478 503 -9.719999626669817e-03
478 504 4.056073820312327e-03
479 487 -1.833267155554903e-01
479 488 8.496052943251203e-01
479 489 7.978124774257961e-01
479 490 2.709112098463887e-02
479 491 -1.341009959651937e-01
479 492 4.603749937463534e-02
479 493 6.969985820549099e-02
479 494 7.073583005504250e-03
479 495 -2.675090448249165e-02
479 496 3.008346487896378e-02
479 497 -6.878577509574104e-03
479 498 -5.147043285304127e-02
479 499 -2.296833469170264e-02
479 500 3.967378200088167e-02
479 501 -3.826530502171579e-03
479 502 -2.623252505678734e-02
479 503 2.983957599313212e-02
479 504 -1.242564713429126e-02
480 487 1.012997478615465e-01
480 488 -2.866596804778766e-01
480 489 4.009285655348391e-01
480 490 1.003092729754151e+00
480 491 4.718042883536031e-01
480 492 -1.151051233747766e-01
480 493 -1.533011412395480e-01
480 494 -1.467336790749111e-02
480 495 5.417647031984335e-02
480 496 -6.347065826161118e-02
480 497 1.413095968572468e-02
480 498 1.016285359894872e-01
480 499 4.361555150731197e-02
480 500 -7.297122858953628e-02
480 501 6.873636058247599e-03
480 502 4.636253866511404e-02
480 503 -5.220965998265576e-02
480 504 2.163688115667329e-02
481 487 -6.675829549001402e-02
481 488 1.714825278878406e-01
481 489 -1.763260094650463e-01
481 490 -3.524913251503787e-02
481 491 7.751613393474791e-01
481 492 9.500818362211338e-01
481 493 4.551820017945925e-01
481 494 3.440881837089142e-02
481 495 -1.173436103509174e-01
481 496 1.582637096187146e-01
481 497 -3.205658723743712e-02
481 498 -2.040533508482638e-01
481 499 -7.898266143119480e-02
481 500 1.226433507083526e-01
481 501 -1.098389774586479e-02
481 502 -7.170870669864587e-02
481 503 7.919894876866941e-02
481 504 -3.252580339149837e-02
482 487 4.654764921312531e-02
482 488 -1.153084751520924e-01
482 489 1.084975613502237e-01
482 490 1.782365365319724e-02
482 491 -2.253712020788844e-01
482 492 1.833451203871190e-01
482 493 7.871848513645202e-01
482 494 9.980475420281747e-01
482 495 9.659358568042387e-01
482 496 9.659358568042380e-01
482 497 9.980475420281747e-01
482 498 7.871848513645219e-01
482 499 1.833451203871217e-01
482 500 -2.253712020788828e-01
482 501 1.782365365319718e-02
482 502 1.084975613502234e-01
482 503 -1.153084751520921e-01
482 504 4.654764921312522e-02
483 487 -3.252580339149845e-02
483 488 7.919894876866962e-02
483 489 -7.170870669864604e-02
483 490 -1.098389774586483e-02
483 491 1.226433507083535e-01
483 492 -7.898266143119360e-02
483 493 -2.040533508482632e-01
483 494 -3.205658723743707e-02
483 495 1.582637096187145e-01
483 496 -1.173436103509171e-01
483 497 3.440881837089137e-02
483 498 4.551820017945922e-01
483 499 9.500818362211337e-01
483 500 7.751613393474791e-01
483 501 -3.524913251503787e-02
483 502 -1.763260094650463e-01
483 503 1.714825278878406e-01
483 504 -6.675829549001404e-02
484 487 2.163688115667341e-02
484 488 -5.220965998265609e-02
484 489 4.636253866511433e-02
484 490 6.873636058247651e-03
484 491 -7.297122858953713e-02
484 492 4.361555150731149e-02
484 493 1.016285359894874e-01
484 494 1.413095968572473e-02
484 495 -6.347065826161148e-02
484 496 5.417647031984351e-02
484 497 -1.467336790749117e-02
484 498 -1.533011412395489e-01
484 499 -1.151051233747787e-01
484 500 4.718042883536014e-01
484 501 1.003092729754151e+00
484 502 4.009285655348399e-01
484 503 -2.866596804778771e-01
484 504 1.012997478615467e-01
485 487 -1.242564713429132e-02
485 488 2.983957599313226e-02
485 489 -2.623252505678746e-02
485 490 -3.826530502171602e-03
485 491 3.967378200088206e-02
485 492 -2.296833469170236e-02
485 493 -5.147043285304129e-02
485 494 -6.878577509574120e-03
485 495 3.008346487896388e-02
485 496 -2.675090448249169e-02
485 497 7.073583005504268e-03
485 498 6.969985820549132e-02
485 499 4.603749937463613e-02
485 500 -1.341009959651930e-01
485 501 2.709112098463885e-02
485 502 7.978124774257962e-01
485 503 8.496052943251204e-01
485 504 -1.833267155554904e-01
486 487 4.056073820312343e-03
486 488 -9.719999626669857e-03
486 489 8.507818082537125e-03
486 490 1.232479383921785e-03
486 491 -1.265402077883458e-02
486 492 7.233284760851008e-03
486 493 1.597136003720141e-02
486 494 2.104266184682273e-03
486 495 -9.119197464262593e-03
486 496 8.224868937522705e-03
486 497 -2.156636620475048e-03
486 498 -2.084168245044009e-02
486 499 -1.325717275337857e-02
486 500 3.581468700213186e-02
486 501 -6.054059071081869e-03
486 502 -8.784171983803077e-02
486 503 3.337714682645319e-01
486 504 1.121496109519637e+00
514 523 1.121496109519629e+00
514 524 3.337714682645330e-01
514 525 -8.784171983802982e-02
514 526 -6.054059071081550e-03
514 527 3.581468700213188e-02
514 528 -1.325717275337829e-02
514 529 -2.084168245043991e-02
514 530 -2.156636620475033e-03
514 531 8.224868937522655e-03
514 532 -9.119197464262449e-03
514 533 2.104266184682257e-03
514 534 1.597136003720133e-02
514 535 7.233284760850963e-03
514 536 -1.265402077883446e-02
514 537 1.232479383921775e-03
514 538 8.507818082537064e-03
514 539 -9.719999626669789e-03
514 540 4.056073820312184e-03
515 523 -1.833267155554792e-01
515 524 8.496052943251210e-01
515 525 7.978124774257968e-01
515 526 2.709112098463756e-02
515 527 -1.341009959651938e-01
515 528 4.603749937463538e-02
515 529 6.969985820549102e-02
515 530 7.073583005504249e-03
515 531 -2.675090448249165e-02
515 532 3.008346487896355e-02
515 533 -6.878577509574103e-03
515 534 -5.147043285304124e-02
515 535 -2.296833469170231e-02
515 536 3.967378200088185e-02
515 537 -3.826530502171589e-03
515 538 -2.623252505678739e-02
515 539 2.983957599313218e-02
515 540 -1.242564713429088e-02
516 523 1.012997478615406e-01
516 524 -2.866596804778791e-01
516 525 4.009285655348370e-01
516 526 1.003092729754150e+00
516 527 4.718042883536035e-01
516 528 -1.151051233747767e-01
516 529 -1.533011412395481e-01
516 530 -1.467336790749112e-02
516 531 5.417647031984339e-02
516 532 -6.347065826161072e-02
516 533 1.413095968572469e-02
516 534 1.016285359894872e-01
516 535 4.361555150731137e-02
516 536 -7.297122858953668e-02
516 537 6.873636058247622e-03
516 538 4.636253866511417e-02
516 539 -5.220965998265591e-02
516 540 2.163688115667265e-02
517 523 -6.675829549001004e-02
517 524 1.714825278878419e-01
517 525 -1.763260094650452e-01
517 526 -3.524913251503622e-02
517 527 7.751613393474791e-01
517 528 9.500818362211343e-01
517 529 4.551820017945926e-01
517 530 3.440881837089142e-02
517 531 -1.173436103509174e-01
517 532 1.582637096187132e-01
517 533 -3.205658723743712e-02
517 534 -2.040533508482636e-01
517 535 -7.898266143119366e-02
517 536 1.226433507083531e-01
517 537 -1.098389774586482e-02
517 538 -7.170870669864601e-02
517 539 7.919894876866958e-02
517 540 -3.252580339149740e-02
518 523 4.654764921312253e-02
518 524 -1.153084751520933e-01
518 525 1.084975613502230e-01
518 526 1.782365365319639e-02
518 527 -2.253712020788845e-01
518 528 1.833451203871191e-01
518 529 7.871848513645204e-01
518 530 9.980475420281747e-01
518 531 9.659358568042388e-01
518 532 9.659358568042388e-01
518 533 9.980475420281747e-01
518 534 7.871848513645214e-01
518 535 1.833451203871189e-01
518 536 -2.253712020788838e-01
518 537 1.782365365319722e-02
518 538 1.084975613502237e-01
518 539 -1.153084751520924e-01
518 540 4.654764921312382e-02
519 523 -3.252580339149647e-02
519 524 7.919894876867017e-02
519 525 -7.170870669864554e-02
519 526 -1.098389774586430e-02
519 527 1.226433507083534e-01
519 528 -7.898266143119359e-02
519 529 -2.040533508482631e-01
519 530 -3.205658723743707e-02
519 531 1.582637096187145e-01
519 532 -1.173436103509164e-01
519 533 3.440881837089136e-02
519 534 4.551820017945921e-01
519 535 9.500818362211344e-01
519 536 7.751613393474793e-01
519 537 -3.524913251503787e-02
519 538 -1.763260094650463e-01
519 539 1.714825278878406e-01
519 540 -6.675829549001192e-02
520 523 2.163688115667205e-02
520 524 -5.220965998265634e-02
520 525 4.636253866511390e-02
520 526 6.873636058247302e-03
520 527 -7.297122858953690e-02
520 528 4.361555150731138e-02
520 529 1.016285359894871e-01
520 530 1.413095968572469e-02
520 531 -6.347065826161129e-02
520 532 5.417647031984299e-02
520 533 -1.467336790749113e-02
520 534 -1.533011412395484e-01
520 535 -1.151051233747769e-01
520 536 4.718042883536023e-01
520 537 1.003092729754151e+00
520 538 4.009285655348395e-01
520 539 -2.866596804778768e-01
520 540 1.012997478615434e-01
521 523 -1.242564713429054e-02
521 524 2.983957599313243e-02
521 525 -2.623252505678725e-02
521 526 -3.826530502171411e-03
521 527 3.967378200088199e-02
521 528 -2.296833469170232e-02
521 529 -5.147043285304119e-02
521 530 -6.878577509574105e-03
521 531 3.008346487896381e-02
521 532 -2.675090448249145e-02
521 533 7.073583005504251e-03
521 534 6.969985820549111e-02
521 535 4.603749937463543e-02
521 536 -1.341009959651933e-01
521 537 2.709112098463885e-02
521 538 7.978124774257961e-01
521 539 8.496052943251204e-01
521 540 -1.833267155554847e-01
522 523 4.056073820312092e-03
522 524 -9.719999626669916e-03
522 525 8.507818082537056e-03
522 526 1.232479383921723e-03
522 527 -1.265402077883456e-02
522 528 7.233284760850999e-03
522 529 1.597136003720138e-02
522 530 2.104266184682268e-03
522 531 -9.119197464262574e-03
522 532 8.224868937522632e-03
522 533 -2.156636620475044e-03
522 534 -2.084168245044004e-02
522 535 -1.325717275337837e-02
522 536 3.581468700213196e-02
522 537 -6.054059071081874e-03
522 538 -8.784171983803080e-02
522 539 3.337714682645320e-01
522 540 1.121496109519633e+00
541 550 1.121496109519629e+00
541 551 3.337714682645326e-01
541 552 -8.784171983803031e-02
541 553 -6.054059071081567e-03
541 554 3.581468700213192e-02
541 555 -1.325717275337833e-02
541 556 -2.084168245043998e-02
541 557 -2.156636620475040e-03
541 558 8.224868937522646e-03
541 559 -9.119197464262496e-03
541 560 2.104266184682264e-03
541 561 1.597136003720137e-02
541 562 7.233284760850978e-03
541 563 -1.265402077883448e-02
541 564 1.232479383921778e-03
541 565 8.507818082537068e-03
541 566 -9.719999626669855e-03
541 567 4.056073820312204e-03
542 550 -1.833267155554791e-01
542 551 8.496052943251210e-01
542 552 7.978124774257965e-01
542 553 2.709112098463754e-02
542 554 -1.341009959651936e-01
542 555 4.603749937463542e-02
542 556 6.969985820549110e-02
542 557 7.073583005504254e-03
542 558 -2.675090448249156e-02
542 559 3.008346487896362e-02
542 560 -6.878577509574107e-03
542 561 -5.147043285304125e-02
542 562 -2.296833469170230e-02
542 563 3.967378200088181e-02
542 564 -3.826530502171589e-03
542 565 -2.623252505678734e-02
542 566 2.983957599313232e-02
542 567 -1.242564713429091e-02
543 550 1.012997478615404e-01
543 551 -2.866596804778781e-01
543 552 4.009285655348382e-01
543 553 1.003092729754151e+00
543 554 4.718042883536029e-01
543 555 -1.151051233747768e-01
543 556 -1.533011412395483e-01
543 557 -1.467336790749113e-02
543 558 5.417647031984320e-02
543 559 -6.347065826161088e-02
543 560 1.413095968572470e-02
543 561 1.016285359894872e-01
543 562 4.361555150731135e-02
543 563 -7.297122858953659e-02
543 564 6.873636058247622e-03
543 565 4.636253866511408e-02
543 566 -5.220965998265615e-02
543 567 2.163688115667270e-02
544 550 -6.675829549000988e-02
544 551 1.714825278878413e-01
544 552 -1.763260094650457e-01
544 553 -3.524913251503622e-02
544 554 7.751613393474790e-01
544 555 9.500818362211343e-01
544 556 4.551820017945925e-01
544 557 3.440881837089139e-02
544 558 -1.173436103509169e-01
544 559 1.582637096187135e-01
544 560 -3.205658723743710e-02
544 561 -2.040533508482635e-01
544 562 -7.898266143119355e-02
544 563 1.226433507083529e-01
544 564 -1.098389774586481e-02
544 565 -7.170870669864583e-02
544 566 7.919894876866988e-02
544 567 -3.252580339149745e-02
545 550 4.654764921312240e-02
545 551 -1.153084751520928e-01
545 552 1.084975613502233e-01
545 553 1.782365365319638e-02
545 554 -2.253712020788841e-01
545 555 1.833451203871189e-01
545 556 7.871848513645210e-01
545 557 9.980475420281748e-01
545 558 9.659358568042387e-01
545 559 9.659358568042388e-01
545 560 9.980475420281748e-01
545 561 7.871848513645212e-01
545 562 1.833451203871187e-01
545 563 -2.253712020788834e-01
545 564 1.782365365319721e-02
545 565 1.084975613502234e-01
545 566 -1.153084751520928e-01
545 567 4.654764921312390e-02
546 550 -3.252580339149641e-02
546 551 7.919894876866994e-02
546 552 -7.170870669864582e-02
546 553 -1.098389774586431e-02
546 554 1.226433507083533e-01
546 555 -7.898266143119366e-02
546 556 -2.040533508482635e-01
546 557 -3.205658723743711e-02
546 558 1.582637096187139e-01
546 559 -1.173436103509167e-01
546 560 3.440881837089140e-02
546 561 4.551820017945925e-01
546 562 9.500818362211346e-01
546 563 7.751613393474788e-01
546 564 -3.524913251503790e-02
546 565 -1.763260094650461e-01
546 566 1.714825278878415e-01
546 567 -6.675829549001211e-02
547 550 2.163688115667201e-02
547 551 -5.220965998265620e-02
547 552 4.636253866511408e-02
547 553 6.873636058247307e-03
547 554 -7.297122858953686e-02
547 555 4.361555150731143e-02
547 556 1.016285359894873e-01
547 557 1.413095968572471e-02
547 558 -6.347065826161109e-02
547 559 5.417647031984317e-02
547 560 -1.467336790749115e-02
547 561 -1.533011412395485e-01
547 562 -1.151051233747770e-01
547 563 4.718042883536024e-01
547 564 1.003092729754151e+00
547 565 4.009285655348384e-01
547 566 -2.866596804778781e-01
547 567 1.012997478615436e-01
548 550 -1.242564713429050e-02
548 551 2.983957599313230e-02
548 552 -2.623252505678730e-02
548 553 -3.826530502171408e-03
548 554 3.967378200088189e-02
548 555 -2.296833469170230e-02
548 556 -5.147043285304120e-02
548 557 -6.878577509574102e-03
548 558 3.008346487896366e-02
548 559 -2.675090448249149e-02
548 560 7.073583005504249e-03
548 561 6.969985820549107e-02
548 562 4.603749937463537e-02
548 563 -1.341009959651931e-01
548 564 2.709112098463882e-02
548 565 7.978124774257965e-01
548 566 8.496052943251204e-01
548 567 -1.833267155554846e-01
549 550 4.056073820312069e-03
549 551 -9.719999626669850e-03
549 552 8.507818082537056e-03
549 553 1.232479383921720e-03
549 554 -1.265402077883450e-02
549 555 7.233284760850978e-03
549 556 1.597136003720135e-02
549 557 2.104266184682263e-03
549 558 -9.119197464262509e-03
549 559 8.224868937522627e-03
549 560 -2.156636620475039e-03
549 561 -2.084168245043998e-02
549 562 -1.325717275337832e-02
549 563 3.581468700213180e-02
549 564 -6.054059071081848e-03
549 565 -8.784171983803032e-02
549 566 3.337714682645324e-01
549 567 1.121496109519632e+00
