%%MatrixMarket matrix coordinate real general
%
279 279 648
19 28 1.127337591104767e+00
19 29 3.581803123145827e-01
19 30 -8.275622364938288e-02
19 31 -1.647201287983658e-02
19 32 3.905164342835259e-02
19 33 -6.396858715894082e-03
19 34 -2.350502600205559e-02
19 35 -9.446121266013484e-03
19 36 1.341205845607540e-03
19 55 -1.362265824185773e-03
19 56 8.487647252886718e-03
19 57 1.672506100817144e-02
19 58 3.269116801862750e-03
19 59 -1.302060500417382e-02
19 60 3.181723537341464e-03
19 61 7.624768649835909e-03
19 62 -9.871243074084103e-03
19 63 4.264667105949906e-03
20 28 -1.922830829601800e-01
20 29 8.260133191084557e-01
20 30 8.356838818943058e-01
20 31 7.558727102103155e-02
20 32 -1.481841308439271e-01
20 33 2.241613345136356e-02
20 34 7.916366620200271e-02
20 35 3.117098545351212e-02
20 36 -4.386880907561372e-03
20 55 4.465297339933927e-03
20 56 -2.759918986753031e-02
20 57 -5.370085579481166e-02
20 58 -1.035683940699942e-02
20 59 4.076984829088422e-02
20 60 -9.871741963054886e-03
20 61 -2.350261848546818e-02
20 62 3.030083677823432e-02
20 63 -1.306452632632732e-02
21 28 1.064265344782319e-01
21 29 -2.886290461498082e-01
21 30 3.449469309961213e-01
21 31 1.000392437420346e+00
21 32 5.638333964581613e-01
21 33 -5.799754933334017e-02
21 34 -1.780696083183281e-01
21 35 -6.582166366027509e-02
21 36 9.027771977723777e-03
21 55 -9.245866670384694e-03
21 56 5.585817628857204e-02
21 57 1.049843649593245e-01
21 58 1.955185861067560e-02
21 59 -7.474755887491967e-02
21 60 1.770422947357950e-02
21 61 4.150843175724517e-02
21 62 -5.300453519820944e-02
21 63 2.274881512221995e-02
22 28 -7.016759340117676e-02
22 29 1.735553128493496e-01
22 30 -1.561239953893063e-01
22 31 -8.774286432824714e-02
22 32 6.925293570792230e-01
22 33 9.874100819505106e-01
22 34 5.916114520752486e-01
22 35 1.646597577537455e-01
22 36 -2.059904582301588e-02
22 55 2.154433625498943e-02
22 56 -1.207398053365276e-01
22 57 -2.050311138188882e-01
22 58 -3.490220705075005e-02
22 59 1.247453761320625e-01
22 60 -2.819771551760648e-02
22 61 -6.411209206256374e-02
22 62 8.036958734762605e-02
22 63 -3.419577051632377e-02
23 28 4.893336539283901e-02
23 29 -1.169145439761470e-01
23 30 9.673091628921318e-02
23 31 4.541867323644696e-02
23 32 -2.249773266656631e-01
23 33 7.700626369257126e-02
23 34 6.678220596893359e-01
23 35 9.634302133816298e-01
23 36 9.992154478068930e-01
23 55 9.992154478068929e-01
23 56 9.634302133816302e-01
23 57 6.678220596893362e-01
23 58 7.700626369257128e-02
23 59 -2.249773266656631e-01
23 60 4.541867323644697e-02
23 61 9.673091628921317e-02
23 62 -1.169145439761470e-01
23 63 4.893336539283900e-02
24 28 -3.419577051632377e-02
24 29 8.036958734762603e-02
24 30 -6.411209206256374e-02
24 31 -2.819771551760647e-02
24 32 1.247453761320625e-01
24 33 -3.490220705075004e-02
24 34 -2.050311138188881e-01
24 35 -1.207398053365276e-01
24 36 2.154433625498943e-02
24 55 -2.059904582301587e-02
24 56 1.646597577537455e-01
24 57 5.916114520752487e-01
24 58 9.874100819505106e-01
24 59 6.925293570792229e-01
24 60 -8.774286432824713e-02
24 61 -1.561239953893062e-01
24 62 1.735553128493496e-01
24 63 -7.016759340117673e-02
25 28 2.274881512221996e-02
25 29 -5.300453519820943e-02
25 30 4.150843175724517e-02
25 31 1.770422947357950e-02
25 32 -7.474755887491966e-02
25 33 1.955185861067559e-02
25 34 1.049843649593245e-01
25 35 5.585817628857203e-02
25 36 -9.245866670384694e-03
25 55 9.027771977723774e-03
25 56 -6.582166366027510e-02
25 57 -1.780696083183282e-01
25 58 -5.799754933334018e-02
25 59 5.638333964581613e-01
25 60 1.000392437420346e+00
25 61 3.449469309961212e-01
25 62 -2.886290461498081e-01
25 63 1.064265344782319e-01
26 28 -1.306452632632732e-02
26 29 3.030083677823433e-02
26 30 -2.350261848546819e-02
26 31 -9.871741963054886e-03
26 32 4.076984829088422e-02
26 33 -1.035683940699942e-02
26 34 -5.370085579481165e-02
26 35 -2.759918986753031e-02
26 36 4.465297339933929e-03
26 55 -4.386880907561372e-03
26 56 3.117098545351214e-02
26 57 7.916366620200274e-02
26 58 2.241613345136357e-02
26 59 -1.481841308439272e-01
26 60 7.558727102103158e-02
26 61 8.356838818943058e-01
26 62 8.260133191084559e-01
26 63 -1.922830829601800e-01
27 28 4.264667105949907e-03
27 29 -9.871243074084105e-03
27 30 7.624768649835910e-03
27 31 3.181723537341464e-03
27 32 -1.302060500417382e-02
27 33 3.269116801862750e-03
27 34 1.672506100817144e-02
27 35 8.487647252886716e-03
27 36 -1.362265824185773e-03
27 55 1.341205845607540e-03
27 56 -9.446121266013487e-03
27 57 -2.350502600205560e-02
27 58 -6.396858715894085e-03
27 59 3.905164342835259e-02
27 60 -1.647201287983659e-02
27 61 -8.275622364938288e-02
27 62 3.581803123145828e-01
27 63 1.127337591104767e+00
82 91 1.127337591104767e+00
82 92 3.581803123145827e-01
82 93 -8.275622364938288e-02
82 94 -1.647201287983658e-02
82 95 3.905164342835259e-02
82 96 -6.396858715894082e-03
82 97 -2.350502600205559e-02
82 98 -9.446121266013484e-03
82 99 1.341205845607540e-03
82 118 -1.362265824185773e-03
82 119 8.487647252886718e-03
82 120 1.672506100817144e-02
82 121 3.269116801862750e-03
82 122 -1.302060500417382e-02
82 123 3.181723537341464e-03
82 124 7.624768649835909e-03
82 125 -9.871243074084103e-03
82 126 4.264667105949906e-03
83 91 -1.922830829601800e-01
83 92 8.260133191084557e-01
83 93 8.356838818943058e-01
83 94 7.558727102103155e-02
83 95 -1.481841308439271e-01
83 96 2.241613345136356e-02
83 97 7.916366620200271e-02
83 98 3.117098545351212e-02
83 99 -4.386880907561372e-03
83 118 4.465297339933927e-03
83 119 -2.759918986753031e-02
83 120 -5.370085579481166e-02
83 121 -1.035683940699942e-02
83 122 4.076984829088422e-02
83 123 -9.871741963054886e-03
83 124 -2.350261848546818e-02
83 125 3.030083677823432e-02
83 126 -1.306452632632732e-02
84 91 1.064265344782319e-01
84 92 -2.886290461498082e-01
84 93 3.449469309961213e-01
84 94 1.000392437420346e+00
84 95 5.638333964581613e-01
84 96 -5.799754933334017e-02
84 97 -1.780696083183281e-01
84 98 -6.582166366027509e-02
84 99 9.027771977723777e-03
84 118 -9.245866670384694e-03
84 119 5.585817628857204e-02
84 120 1.049843649593245e-01
84 121 1.955185861067560e-02
84 122 -7.474755887491967e-02
84 123 1.770422947357950e-02
84 124 4.150843175724517e-02
84 125 -5.300453519820944e-02
84 126 2.274881512221995e-02
85 91 -7.016759340117676e-02
85 92 1.735553128493496e-01
85 93 -1.561239953893063e-01
85 94 -8.774286432824714e-02
85 95 6.925293570792230e-01
85 96 9.874100819505106e-01
85 97 5.916114520752486e-01
85 98 1.646597577537455e-01
85 99 -2.059904582301588e-02
85 118 2.154433625498943e-02
85 119 -1.207398053365276e-01
85 120 -2.050311138188882e-01
85 121 -3.490220705075005e-02
85 122 1.247453761320625e-01
85 123 -2.819771551760648e-02
85 124 -6.411209206256374e-02
85 125 8.036958734762605e-02
85 126 -3.419577051632377e-02
86 91 4.893336539283901e-02
86 92 -1.169145439761470e-01
86 93 9.673091628921318e-02
86 94 4.541867323644696e-02
86 95 -2.249773266656631e-01
86 96 7.700626369257126e-02
86 97 6.678220596893359e-01
86 98 9.634302133816298e-01
86 99 9.992154478068930e-01
86 118 9.992154478068929e-01
86 119 9.634302133816302e-01
86 120 6.678220596893362e-01
86 121 7.700626369257128e-02
86 122 -2.249773266656631e-01
86 123 4.541867323644697e-02
86 124 9.673091628921317e-02
86 125 -1.169145439761470e-01
86 126 4.893336539283900e-02
87 91 -3.419577051632377e-02
87 92 8.036958734762603e-02
87 93 -6.411209206256374e-02
87 94 -2.819771551760647e-02
87 95 1.247453761320625e-01
87 96 -3.490220705075004e-02
87 97 -2.050311138188881e-01
87 98 -1.207398053365276e-01
87 99 2.154433625498943e-02
87 118 -2.059904582301587e-02
87 119 1.646597577537455e-01
87 120 5.916114520752487e-01
87 121 9.874100819505106e-01
87 122 6.925293570792229e-01
87 123 -8.774286432824713e-02
87 124 -1.561239953893062e-01
87 125 1.735553128493496e-01
87 126 -7.016759340117673e-02
88 91 2.274881512221996e-02
88 92 -5.300453519820943e-02
88 93 4.150843175724517e-02
88 94 1.770422947357950e-02
88 95 -7.474755887491966e-02
88 96 1.955185861067559e-02
88 97 1.049843649593245e-01
88 98 5.585817628857203e-02
88 99 -9.245866670384694e-03
88 118 9.027771977723774e-03
88 119 -6.582166366027510e-02
88 120 -1.780696083183282e-01
88 121 -5.799754933334018e-02
88 122 5.638333964581613e-01
88 123 1.000392437420346e+00
88 124 3.449469309961212e-01
88 125 -2.886290461498081e-01
88 126 1.064265344782319e-01
89 91 -1.306452632632732e-02
89 92 3.030083677823433e-02
89 93 -2.350261848546819e-02
89 94 -9.871741963054886e-03
89 95 4.076984829088422e-02
89 96 -1.035683940699942e-02
89 97 -5.370085579481165e-02
89 98 -2.759918986753031e-02
89 99 4.465297339933929e-03
89 118 -4.386880907561372e-03
89 119 3.117098545351214e-02
89 120 7.916366620200274e-02
89 121 2.241613345136357e-02
89 122 -1.481841308439272e-01
89 123 7.558727102103158e-02
89 124 8.356838818943058e-01
89 125 8.260133191084559e-01
89 126 -1.922830829601800e-01
90 91 4.264667105949907e-03
90 92 -9.871243074084105e-03
90 93 7.624768649835910e-03
90 94 3.181723537341464e-03
90 95 -1.302060500417382e-02
90 96 3.269116801862750e-03
90 97 1.672506100817144e-02
90 98 8.487647252886716e-03
90 99 -1.362265824185773e-03
90 118 1.341205845607540e-03
90 119 -9.446121266013487e-03
90 120 -2.350502600205560e-02
90 121 -6.396858715894085e-03
90 122 3.905164342835259e-02
90 123 -1.647201287983659e-02
90 124 -8.275622364938288e-02
90 125 3.581803123145828e-01
90 126 1.127337591104767e+00
154 163 1.127337591104767e+00
154 164 3.581803123145827e-01
154 165 -8.275622364938288e-02
154 166 -1.647201287983658e-02
154 167 3.905164342835259e-02
154 168 -6.396858715894082e-03
154 169 -2.350502600205559e-02
154 170 -9.446121266013484e-03
154 171 1.341205845607540e-03
154 190 -1.362265824185773e-03
154 191 8.487647252886718e-03
154 192 1.672506100817144e-02
154 193 3.269116801862750e-03
154 194 -1.302060500417382e-02
154 195 3.181723537341464e-03
154 196 7.624768649835909e-03
154 197 -9.871243074084103e-03
154 198 4.264667105949906e-03
155 163 -1.922830829601800e-01
155 164 8.260133191084557e-01
155 165 8.356838818943058e-01
155 166 7.558727102103155e-02
155 167 -1.481841308439271e-01
155 168 2.241613345136356e-02
155 169 7.916366620200271e-02
155 170 3.117098545351212e-02
155 171 -4.386880907561372e-03
155 190 4.465297339933927e-03
155 191 -2.759918986753031e-02
155 192 -5.370085579481166e-02
155 193 -1.035683940699942e-02
155 194 4.076984829088422e-02
155 195 -9.871741963054886e-03
155 196 -2.350261848546818e-02
155 197 3.030083677823432e-02
155 198 -1.306452632632732e-02
156 163 1.064265344782319e-01
156 164 -2.886290461498082e-01
156 165 3.449469309961213e-01
156 166 1.000392437420346e+00
156 167 5.638333964581613e-01
156 168 -5.799754933334017e-02
156 169 -1.780696083183281e-01
156 170 -6.582166366027509e-02
156 171 9.027771977723777e-03
156 190 -9.245866670384694e-03
156 191 5.585817628857204e-02
156 192 1.049843649593245e-01
156 193 1.955185861067560e-02
156 194 -7.474755887491967e-02
156 195 1.770422947357950e-02
156 196 4.150843175724517e-02
156 197 -5.300453519820944e-02
156 198 2.274881512221995e-02
157 163 -7.016759340117676e-02
157 164 1.735553128493496e-01
157 165 -1.561239953893063e-01
157 166 -8.774286432824714e-02
157 167 6.925293570792230e-01
157 168 9.874100819505106e-01
157 169 5.916114520752486e-01
157 170 1.646597577537455e-01
157 171 -2.059904582301588e-02
157 190 2.154433625498943e-02
157 191 -1.207398053365276e-01
157 192 -2.050311138188882e-01
157 193 -3.490220705075005e-02
157 194 1.247453761320625e-01
157 195 -2.819771551760648e-02
157 196 -6.411209206256374e-02
157 197 8.036958734762605e-02
157 198 -3.419577051632377e-02
158 163 4.893336539283901e-02
158 164 -1.169145439761470e-01
158 165 9.673091628921318e-02
158 166 4.541867323644696e-02
158 167 -2.249773266656631e-01
158 168 7.700626369257126e-02
158 169 6.678220596893359e-01
158 170 9.634302133816298e-01
158 171 9.992154478068930e-01
158 190 9.992154478068929e-01
158 191 9.634302133816302e-01
158 192 6.678220596893362e-01
158 193 7.700626369257128e-02
158 194 -2.249773266656631e-01
158 195 4.541867323644697e-02
158 196 9.673091628921317e-02
158 197 -1.169145439761470e-01
158 198 4.893336539283900e-02
159 163 -3.419577051632377e-02
159 164 8.036958734762603e-02
159 165 -6.411209206256374e-02
159 166 -2.819771551760647e-02
159 167 1.247453761320625e-01
159 168 -3.490220705075004e-02
159 169 -2.050311138188881e-01
159 170 -1.207398053365276e-01
159 171 2.154433625498943e-02
159 190 -2.059904582301587e-02
159 191 1.646597577537455e-01
159 192 5.916114520752487e-01
159 193 9.874100819505106e-01
159 194 6.925293570792229e-01
159 195 -8.774286432824713e-02
159 196 -1.561239953893062e-01
159 197 1.735553128493496e-01
159 198 -7.016759340117673e-02
160 163 2.274881512221996e-02
160 164 -5.300453519820943e-02
160 165 4.150843175724517e-02
160 166 1.770422947357950e-02
160 167 -7.474755887491966e-02
160 168 1.955185861067559e-02
160 169 1.049843649593245e-01
160 170 5.585817628857203e-02
160 171 -9.245866670384694e-03
160 190 9.027771977723774e-03
160 191 -6.582166366027510e-02
160 192 -1.780696083183282e-01
160 193 -5.799754933334018e-02
160 194 5.638333964581613e-01
160 195 1.000392437420346e+00
160 196 3.449469309961212e-01
160 197 -2.886290461498081e-01
160 198 1.064265344782319e-01
161 163 -1.306452632632732e-02
161 164 3.030083677823433e-02
161 165 -2.350261848546819e-02
161 166 -9.871741963054886e-03
161 167 4.076984829088422e-02
161 168 -1.035683940699942e-02
161 169 -5.370085579481165e-02
161 170 -2.759918986753031e-02
161 171 4.465297339933929e-03
161 190 -4.386880907561372e-03
161 191 3.117098545351214e-02
161 192 7.916366620200274e-02
161 193 2.241613345136357e-02
161 194 -1.481841308439272e-01
161 195 7.558727102103158e-02
161 196 8.356838818943058e-01
161 197 8.260133191084559e-01
161 198 -1.922830829601800e-01
162 163 4.264667105949907e-03
162 164 -9.871243074084105e-03
162 165 7.624768649835910e-03
162 166 3.181723537341464e-03
162 167 -1.302060500417382e-02
162 168 3.269116801862750e-03
162 169 1.672506100817144e-02
162 170 8.487647252886716e-03
162 171 -1.362265824185773e-03
162 190 1.341205845607540e-03
162 191 -9.446121266013487e-03
162 192 -2.350502600205560e-02
162 193 -6.396858715894085e-03
162 194 3.905164342835259e-02
162 195 -1.647201287983659e-02
162 196 -8.275622364938288e-02
162 197 3.581803123145828e-01
162 198 1.127337591104767e+00
217 226 1.127337591104767e+00
217 227 3.581803123145827e-01
217 228 -8.275622364938288e-02
217 229 -1.647201287983659e-02
217 230 3.905164342835259e-02
217 231 -6.396858715894084e-03
217 232 -2.350502600205560e-02
217 233 -9.446121266013487e-03
217 234 1.341205845607541e-03
217 253 -1.362265824185773e-03
217 254 8.487647252886723e-03
217 255 1.672506100817145e-02
217 256 3.269116801862753e-03
217 257 -1.302060500417383e-02
217 258 3.181723537341472e-03
217 259 7.624768649835947e-03
217 260 -9.871243074084265e-03
217 261 4.264667105949406e-03
218 226 -1.922830829601800e-01
218 227 8.260133191084558e-01
218 228 8.356838818943058e-01
218 229 7.558727102103156e-02
218 230 -1.481841308439272e-01
218 231 2.241613345136357e-02
218 232 7.916366620200274e-02
218 233 3.117098545351214e-02
218 234 -4.386880907561374e-03
218 253 4.465297339933930e-03
218 254 -2.759918986753034e-02
218 255 -5.370085579481168e-02
218 256 -1.035683940699943e-02
218 257 4.076984829088427e-02
218 258 -9.871741963054908e-03
218 259 -2.350261848546830e-02
218 260 3.030083677823481e-02
218 261 -1.306452632632579e-02
219 226 1.064265344782319e-01
219 227 -2.886290461498081e-01
219 228 3.449469309961212e-01
219 229 1.000392437420346e+00
219 230 5.638333964581614e-01
219 231 -5.799754933334018e-02
219 232 -1.780696083183282e-01
219 233 -6.582166366027511e-02
219 234 9.027771977723781e-03
219 253 -9.245866670384698e-03
219 254 5.585817628857207e-02
219 255 1.049843649593246e-01
219 256 1.955185861067562e-02
219 257 -7.474755887491977e-02
219 258 1.770422947357954e-02
219 259 4.150843175724536e-02
219 260 -5.300453519821029e-02
219 261 2.274881512221729e-02
220 226 -7.016759340117674e-02
220 227 1.735553128493496e-01
220 228 -1.561239953893063e-01
220 229 -8.774286432824711e-02
220 230 6.925293570792230e-01
220 231 9.874100819505106e-01
220 232 5.916114520752487e-01
220 233 1.646597577537455e-01
220 234 -2.059904582301589e-02
220 253 2.154433625498943e-02
220 254 -1.207398053365277e-01
220 255 -2.050311138188883e-01
220 256 -3.490220705075008e-02
220 257 1.247453761320627e-01
220 258 -2.819771551760654e-02
220 259 -6.411209206256403e-02
220 260 8.036958734762732e-02
220 261 -3.419577051631974e-02
221 226 4.893336539283899e-02
221 227 -1.169145439761469e-01
221 228 9.673091628921314e-02
221 229 4.541867323644695e-02
221 230 -2.249773266656631e-01
221 231 7.700626369257124e-02
221 232 6.678220596893358e-01
221 233 9.634302133816298e-01
221 234 9.992154478068930e-01
221 253 9.992154478068929e-01
221 254 9.634302133816302e-01
221 255 6.678220596893363e-01
221 256 7.700626369257131e-02
221 257 -2.249773266656633e-01
221 258 4.541867323644706e-02
221 259 9.673091628921360e-02
221 260 -1.169145439761488e-01
221 261 4.893336539283324e-02
222 226 -3.419577051632374e-02
222 227 8.036958734762596e-02
222 228 -6.411209206256367e-02
222 229 -2.819771551760645e-02
222 230 1.247453761320624e-01
222 231 -3.490220705075001e-02
222 232 -2.050311138188880e-01
222 233 -1.207398053365275e-01
222 234 2.154433625498942e-02
222 253 -2.059904582301587e-02
222 254 1.646597577537454e-01
222 255 5.916114520752486e-01
222 256 9.874100819505106e-01
222 257 6.925293570792233e-01
222 258 -8.774286432824725e-02
222 259 -1.561239953893069e-01
222 260 1.735553128493523e-01
222 261 -7.016759340116845e-02
223 226 2.274881512221991e-02
223 227 -5.300453519820932e-02
223 228 4.150843175724508e-02
223 229 1.770422947357946e-02
223 230 -7.474755887491952e-02
223 231 1.955185861067556e-02
223 232 1.049843649593243e-01
223 233 5.585817628857193e-02
223 234 -9.245866670384678e-03
223 253 9.027771977723760e-03
223 254 -6.582166366027500e-02
223 255 -1.780696083183279e-01
223 256 -5.799754933334011e-02
223 257 5.638333964581609e-01
223 258 1.000392437420346e+00
223 259 3.449469309961222e-01
223 260 -2.886290461498122e-01
223 261 1.064265344782192e-01
224 226 -1.306452632632723e-02
224 227 3.030083677823412e-02
224 228 -2.350261848546803e-02
224 229 -9.871741963054818e-03
224 230 4.076984829088395e-02
224 231 -1.035683940699935e-02
224 232 -5.370085579481130e-02
224 233 -2.759918986753014e-02
224 234 4.465297339933900e-03
224 253 -4.386880907561343e-03
224 254 3.117098545351194e-02
224 255 7.916366620200226e-02
224 256 2.241613345136344e-02
224 257 -1.481841308439263e-01
224 258 7.558727102103122e-02
224 259 8.356838818943041e-01
224 260 8.260133191084635e-01
224 261 -1.922830829601561e-01
225 226 4.264667105949846e-03
225 227 -9.871243074083965e-03
225 228 7.624768649835802e-03
225 229 3.181723537341419e-03
225 230 -1.302060500417363e-02
225 231 3.269116801862703e-03
225 232 1.672506100817120e-02
225 233 8.487647252886595e-03
225 234 -1.362265824185754e-03
225 253 1.341205845607521e-03
225 254 -9.446121266013352e-03
225 255 -2.350502600205526e-02
225 256 -6.396858715893993e-03
225 257 3.905164342835203e-02
225 258 -1.647201287983635e-02
225 259 -8.275622364938170e-02
225 260 3.581803123145777e-01
225 261 1.127337591104751e+00
