%%MatrixMarket matrix coordinate real general
%
567 567 162
1 10 1.129411500546787e+00
1 11 3.670587123461221e-01
1 12 -8.049160724422094e-02
1 13 -2.032779703371190e-02
1 14 3.979771743152480e-02
1 15 -3.653023273099723e-03
1 16 -2.390769583422675e-02
1 17 -1.192764283693722e-02
1 18 -1.348774781601023e-03
1 289 -3.846192626438672e-05
1 290 9.451484616166187e-03
1 291 1.667528264744961e-02
1 292 2.564275443643249e-03
1 293 -1.301810917128933e-02
1 294 3.510763713537267e-03
1 295 7.459512990683483e-03
1 296 -9.892525231248079e-03
1 297 4.300931722125510e-03
2 10 -1.954658507609689e-01
2 11 8.172051897065898e-01
2 12 8.485883218629852e-01
2 13 9.418268414472022e-02
2 14 -1.517806004204933e-01
2 15 1.284495107653859e-02
2 16 8.073455683811784e-02
2 17 3.944978508915511e-02
2 18 4.421028511261780e-03
2 289 1.259403298550278e-04
2 290 -3.070665106645078e-02
2 291 -5.350818701685362e-02
2 292 -8.120706256199189e-03
2 293 4.075299621692957e-02
2 294 -1.089137295682818e-02
2 295 -2.299202883964559e-02
2 296 3.036563823001386e-02
2 297 -1.317559628416544e-02
3 10 1.082520994427566e-01
3 11 -2.889831904537393e-01
3 12 3.248829650141352e-01
3 13 9.970774308689467e-01
3 14 5.961024869195352e-01
3 15 -3.367981223730953e-02
3 16 -1.831797001588230e-01
3 17 -8.387339051456304e-02
3 18 -9.153920411521604e-03
3 289 -2.599859724134850e-04
3 290 6.199672730362907e-02
3 291 1.044363986995974e-01
3 292 1.531537621620037e-02
3 293 -7.467617139550278e-02
3 294 1.952749751091246e-02
3 295 4.060173494654197e-02
3 296 -5.311578450179649e-02
3 297 2.294212129938140e-02
4 10 -7.138223443736857e-02
4 11 1.740834065912309e-01
4 12 -1.484845065565623e-01
4 13 -1.049235629513367e-01
4 14 6.609088867175744e-01
4 15 9.949463440350266e-01
4 16 6.382749766949399e-01
4 17 2.153988514319253e-01
4 18 2.132780628751799e-02
4 289 5.995524939396538e-04
4 290 -1.329973862066560e-01
4 291 -2.030508540287092e-01
4 292 -2.727487796193656e-02
4 293 1.244782711292479e-01
4 294 -3.108417531457317e-02
4 295 -6.269674900612078e-02
4 296 8.053220003414024e-02
4 297 -3.448607502441602e-02
5 10 4.978351309021767e-02
5 11 -1.173453856460454e-01
5 12 9.221850329094013e-02
5 13 5.474453575062207e-02
5 14 -2.222222222222222e-01
5 15 4.193559628619536e-02
5 16 6.214620396774779e-01
5 17 9.411301078682677e-01
5 18 9.992308119045477e-01
5 289 9.999993658801217e-01
5 290 9.531775312310066e-01
5 291 6.454135587477389e-01
5 292 5.969275145429451e-02
5 293 -2.237989292761574e-01
5 294 5.000515490860959e-02
5 295 9.454987632283696e-02
5 296 -1.171341296116538e-01
5 297 4.934805726510986e-02
6 10 -3.479092359412835e-02
6 11 8.068968438828833e-02
6 12 -6.118162989078894e-02
6 13 -3.407479357033011e-02
6 14 1.239997546686380e-01
6 15 -1.932067089943148e-02
6 16 -2.003414469256311e-01
6 17 -1.448427411451556e-01
6 18 -2.040102646753043e-02
6 289 -5.987884030016743e-04
6 290 1.891775655223547e-01
6 291 6.145477050587766e-01
6 292 9.914736750918945e-01
6 293 6.772345524382920e-01
6 294 -9.622775252232066e-02
6 295 -1.524248558216902e-01
6 296 1.738269082907449e-01
6 297 -7.076009767180286e-02
7 10 2.314511493126630e-02
7 11 -5.322385868251319e-02
7 12 3.963041032797546e-02
7 13 2.141880768979509e-02
7 14 -7.448107462312170e-02
7 15 1.087558270779067e-02
7 16 1.035174746041493e-01
7 17 6.804174656093526e-02
7 18 8.940094922500893e-03
7 289 2.598096199834574e-04
7 290 -7.467802932836369e-02
7 291 -1.808310143740273e-01
7 292 -4.639012878586454e-02
7 293 5.796232707829306e-01
7 294 9.989312347480864e-01
7 295 3.351651058884222e-01
7 296 -2.888247737915692e-01
7 297 1.073171119921553e-01
8 10 -1.329223336631364e-02
8 11 3.042868713306702e-02
8 12 -2.244483970189559e-02
8 13 -1.194967046758760e-02
8 14 4.066948930938206e-02
8 15 -5.772473560016132e-03
8 16 -5.312732759263697e-02
8 17 -3.378505081770163e-02
8 18 -4.344146984209204e-03
8 289 -1.258769178925748e-04
8 290 3.524881939117533e-02
8 291 8.005666582670308e-02
8 292 1.781509043916879e-02
8 293 -1.500400621696309e-01
8 294 8.457349165601871e-02
8 295 8.420196576282162e-01
8 296 8.217432424576263e-01
8 297 -1.938361736928698e-01
9 10 4.339014147752090e-03
9 11 -9.913245383000145e-03
9 12 7.282382897431918e-03
9 13 3.852365568882132e-03
9 14 -1.299443778081729e-02
9 15 1.823505864305503e-03
9 16 1.656712269663251e-02
9 17 1.040833436407406e-02
9 18 1.328127019033697e-03
9 289 3.844489567183918e-05
9 290 -1.067006146286159e-02
9 291 -2.373955556067557e-02
9 292 -5.075455641201512e-03
9 293 3.944418144518035e-02
9 294 -1.834484174344238e-02
9 295 -8.168225410924411e-02
9 296 3.624992241237424e-01
9 297 1.128349720394482e+00
