10x10 grid, with COLMMD order                                                   
           145            11            39            92             0
RUA                      100           100           460             0
(10I8)          (12I6)          (5E16.8)                                  
       1       6      10      13      17      22      26      30      35      40
      45      50      55      60      65      70      75      79      83      88
      92      95      99     103     108     112     117     122     127     131
     136     140     145     150     155     160     165     169     173     176
     180     184     188     193     197     202     207     211     215     220
     225     230     235     239     242     246     251     255     259     264
     269     274     279     284     289     294     299     303     307     312
     317     322     327     332     337     342     347     352     356     360
     365     370     374     379     384     389     394     399     404     409
     413     417     422     427     432     437     442     447     452     457
     461
    46    55    56    57    66    60    69    70    80    90    99   100
    89    98    99   100    79    88    89    90    99    80    89    90
   100    70    79    80    90    69    78    79    80    89    78    87
    88    89    98    59    68    69    70    79    68    77    78    79
    88    58    67    68    69    78    67    76    77    78    87    57
    66    67    68    77    47    56    57    58    67    34    43    44
    45    54    85    94    95    96    86    95    96    97    75    84
    85    86    95    51    61    62    71    81    91    92    82    91
    92    93    71    81    82    91    62    71    72    73    82    61
    71    72    81    72    81    82    83    92    52    61    62    63
    72    63    72    73    74    83    84    93    94    95    74    83
    84    85    94    83    92    93    94    73    82    83    84    93
    64    73    74    75    84    53    62    63    64    73    43    52
    53    54    63    54    63    64    65    74     4     5     6    15
     5     6     7    16     1     2    11     1     2     3    12    21
    31    32    41     1    11    12    21    12    21    22    23    32
    11    21    22    31     2    11    12    13    22     3    12    13
    14    23     2     3     4    13     3     4     5    14     4    13
    14    15    24     5    14    15    16    25    13    22    23    24
    33    22    31    32    33    42    30    39    40    50     9    10
    20     8     9    10    19     9    18    19    20    29    20    29
    30    40    10    19    20    30    19    28    29    30    39     8
    17    18    19    28    18    27    28    29    38    29    38    39
    40    49    17    26    27    28    37    28    37    38    39    48
     7    16    17    18    27     6    15    16    17    26     7     8
     9    18     6     7     8    17    15    24    25    26    35    16
    25    26    27    36    42    51    52    53    62    24    33    34
    35    44    14    23    24    25    34    23    32    33    34    43
    25    34    35    36    45    32    41    42    43    52    33    42
    43    44    53    31    41    42    51    41    51    52    61    35
    44    45    46    55    36    45    46    47    56    50    59    60
    70    26    35    36    37    46    27    36    37    38    47    37
    46    47    48    57    38    47    48    49    58    48    57    58
    59    68    39    48    49    50    59    49    58    59    60    69
    40    49    50    60    88    97    98    99    44    53    54    55
    64    45    54    55    56    65    55    64    65    66    75    56
    65    66    67    76    65    74    75    76    85    66    75    76
    77    86    76    85    86    87    96    77    86    87    88    97
    87    96    97    98
  1.26819336e+00 -3.12426583e-02  7.78211737e-01  2.18048355e+00  4.37813682e-01
 -3.96516210e-01  1.38880676e+00  1.36442229e+00  6.58152637e-01 -6.92971494e-01
 -8.59806235e-01  5.29038063e-01 -1.74530599e-01  9.78788421e-01  1.28955368e+00
 -5.30575045e-01  1.83403368e+00 -1.71591032e+00  8.69317059e-02  1.95567435e+00
  1.61453770e-01 -6.28688359e-01 -1.43882447e+00 -6.65959686e-02  3.73380863e-01
  1.39860373e-01 -7.48088838e-01 -6.28974933e-01  1.39483065e+00  4.20988804e-01
 -4.33373058e-01  7.06251990e-01  2.27856907e-01 -1.01699185e+00  8.25892307e-01
  1.47039036e+00 -1.37890689e+00 -2.60172069e-01  9.94768173e-01 -1.58105341e+00
  1.04902235e+00  3.02689036e-01 -1.22650234e+00  6.96000951e-02  1.33881437e+00
  1.22229851e+00 -1.59597816e+00 -1.06773032e+00 -7.59919212e-01 -1.98499916e-01
 -1.41404614e-01  4.11267927e-01 -1.17905966e+00 -2.77775506e-01  1.93931843e+00
 -8.95840361e-01 -3.04157583e-01  5.55253123e-01 -3.24246851e-01 -9.11425420e-01
 -9.96089984e-01  1.19514263e+00 -1.59447782e-01  2.70402605e+00  1.33332898e+00
  2.51078139e-01 -3.10470908e-01 -9.23003724e-01 -3.84775736e-01 -1.46163875e+00
  1.55446592e+00 -5.97535384e-01 -1.21056787e+00 -7.02668798e-01  9.53355517e-01
 -1.93005494e+00  5.12844987e-01  3.93682449e-01 -9.05426500e-01 -1.27447328e+00
  3.46546103e-01 -1.19523544e+00  8.66840733e-01  1.29184358e+00  4.34312653e-01
 -3.86206929e-01 -1.12563760e-01  9.59664371e-01  2.08759311e+00  1.52468053e+00
 -1.95260790e-01  2.17314078e-01 -1.79456822e-01  2.56729070e-02  6.42066362e-01
  9.23086649e-01 -1.55510777e+00  6.63594033e-01 -1.64769114e+00 -2.01498584e+00
  4.91716881e-01 -1.55497528e+00 -3.97913855e-01  8.64279576e-01 -1.77618078e-01
  1.87438052e+00  1.72400235e-01  4.91313669e-01  8.00733701e-01 -7.67268997e-01
  3.64419504e-01 -1.40609081e-01  2.44943669e-01 -2.67458500e-01 -5.70245480e-01
 -1.87266787e-01  1.72603158e-02  2.46340439e-01 -8.54484721e-01  1.15778270e+00
  1.61907723e-01  1.27174349e+00 -3.53443680e-02 -1.50132884e+00  3.65373411e-01
 -1.98659856e-01  9.94299745e-01 -8.03474714e-01 -5.91204478e-01  1.69154641e+00
 -7.24410496e-01  1.19219551e+00  1.86746737e-01  1.59493888e+00  3.21307056e-01
 -6.09499611e-01  5.65239403e-01 -6.10781446e-01  1.23111147e+00  1.20855665e+00
 -6.38854660e-01  6.05540299e-01 -6.24480544e-01  5.72228122e-01 -1.38972170e+00
  2.29327812e-01  2.71190237e-01 -3.66360220e-01  1.37696039e+00  1.55706376e+00
 -1.93543855e-01  1.65130117e+00 -1.89877818e+00  1.82252476e+00  7.65458387e-01
 -5.94524008e-01  1.30245975e-01  3.50135051e-02 -6.24674139e-01 -1.51841513e+00
 -1.05107061e+00  4.99305134e-02 -1.45474887e+00  4.66545850e-01 -3.60029626e-01
 -1.35576294e-01 -1.34933848e+00 -1.27044990e+00  9.84570273e-01 -4.48806138e-02
 -7.98944517e-01 -7.65172429e-01  1.16495351e+00  6.26839083e-01  7.50801547e-02
  3.51606903e-01 -6.96512535e-01  1.69614248e+00  5.90597780e-02  9.68481048e-01
  6.70291997e-01  4.20146042e-01 -2.87275127e+00 -2.04134535e-03  1.60651096e+00
  8.47648635e-01  2.68100812e-01  3.98848528e-02 -2.48284251e+00  1.15865471e+00
 -1.02627947e+00  1.15348699e+00  6.15769628e-01  9.77894070e-01 -1.11534771e+00
 -5.50021449e-01 -9.23489086e-01 -7.04993878e-02  1.47891351e-01 -5.57093642e-01
 -3.36705699e-01  4.15227463e-01  1.55781354e+00 -2.44429890e+00 -1.09819539e+00
  1.12264786e+00  1.79707178e+00  2.64068529e-01  8.71673289e-01 -1.44617154e+00
 -7.01165346e-01  1.24598212e+00 -6.38976995e-01  5.77350219e-01  5.81667258e-01
 -2.71354296e-01  4.14191307e-01 -9.77814227e-01 -1.02146617e+00  3.17687980e-01
  1.51610780e+00  7.49432453e-01 -5.07700387e-01  8.85299448e-01 -7.86456613e-01
  6.34808588e-01  8.20409762e-01 -1.76026510e-01  5.62473875e-01  1.68587408e+00
  2.79245535e-02 -9.02030581e-01 -2.05325749e+00  8.90862977e-02 -1.04842345e+00
  4.22723685e-01 -8.44414378e-01 -3.11629756e-01 -3.22939921e-01  3.17987916e-01
 -5.11172208e-01  1.12516182e+00  7.28641592e-01 -2.37745429e+00 -2.73782416e-01
  3.49733203e-02 -1.80786206e+00  1.02819255e+00  3.94600309e-01  6.39405642e-01
 -7.59696649e-01 -6.74720856e-01 -1.17168719e+00  2.03293002e+00  8.74212895e-01
  1.75240173e+00 -3.20050826e-01 -1.37413808e-01  2.92314877e-01  2.56591024e+00
 -4.57815644e-01 -1.61082701e+00 -2.66952378e+00  7.03144053e-01 -5.24115850e-02
  2.01849612e+00  9.24159405e-01 -1.81411470e+00  4.38705098e-01 -1.24734432e+00
  3.24666917e-01  3.90070410e-01 -4.05138317e-01 -3.68411285e-01  1.14789528e+00
  4.14302603e-02 -1.09804965e+00  1.56672375e+00  4.99520851e-01 -1.05537507e+00
 -4.50743203e-01  1.27037824e+00  8.98693601e-01  8.74127225e-01  7.61126995e-01
 -1.65923455e-01  3.00907437e-01 -3.22467327e-01  5.62147834e-01 -1.06392289e+00
  3.51588948e-01  1.13299993e+00  1.49994248e-01 -2.48093553e-01 -7.26249000e-01
 -4.45040301e-01 -6.12911120e-01 -2.09144085e-01  7.56218970e-01  4.00486023e-01
 -1.34138072e+00  3.75041024e-01  8.61734897e-01 -5.62251244e-02  5.13478174e-01
  3.96680866e-01 -6.20214209e-01  2.37148765e-01 -1.58684699e+00 -4.01484810e-01
 -7.70692269e-01 -2.62680506e-01  9.76489544e-01  9.77815041e-01  1.17002111e+00
  1.59310862e-01  1.83613203e+00 -3.82918259e-01  1.55082745e-01 -9.64648249e-01
  3.87564313e-02 -1.52762265e+00  9.64938959e-01  5.26162503e-01 -1.84454117e-01
  1.98782828e-01 -1.27442875e-01  5.54171561e-01 -1.09734432e+00 -7.31301400e-01
  1.40473192e+00  2.08709913e+00  3.65118460e-01  8.46105526e-01 -1.84537657e-01
  1.03071442e+00  1.59042684e+00  3.21916399e-02  8.89163671e-01 -1.29915249e+00
  1.18257310e+00 -2.21360782e-01  1.66494939e-02 -1.19236124e+00 -1.31646297e-01
  1.48752430e+00 -8.36821231e-01 -1.30098190e+00  1.57413186e+00  1.16603996e+00
  7.86429695e-01  3.97810484e-01  1.04978596e+00 -3.40795563e-01  3.36296999e-01
  8.99883574e-01 -2.00898856e-01 -2.33734975e-01  1.44990660e+00  3.56429388e-01
  6.52635669e-01  2.15671161e-01 -2.63896186e-01  1.80244024e+00 -6.42984172e-01
  1.09555050e-01 -7.19037696e-01  4.20627573e-01 -1.93113369e+00  3.20690754e+00
  5.36007045e-01  2.98450536e-01  2.84043161e-01  1.81747171e+00 -5.84302130e-01
 -1.01067382e+00 -9.60498312e-01  6.91159584e-01 -7.58618207e-01 -9.69717328e-02
 -1.40694905e+00  1.03081246e+00 -7.59874404e-01  6.60299785e-01 -1.10250960e+00
 -1.02970645e-01 -1.05980154e+00 -1.23856594e+00 -1.88923606e+00 -9.73584554e-01
  2.12115839e-01  4.93441991e-01  1.54717659e+00  1.15818057e+00  8.62500188e-01
 -1.03470562e+00 -1.92672883e-01 -1.29972278e+00  6.44932748e-01 -2.14835899e+00
 -1.02884453e+00 -1.41582116e-01 -2.52670612e+00  3.06595916e-01  9.68992176e-01
 -7.47317127e-01 -2.79602442e+00  6.96731554e-01 -3.12981493e-01 -5.93617619e-01
  3.32322162e-01  5.58850703e-01 -9.14800738e-01 -5.14012560e-01  1.89626061e+00
 -2.53229992e-01 -5.39775241e-01  1.87995711e+00 -1.00384945e+00 -4.97445878e-01
 -1.50439715e+00 -9.54492989e-02  3.96727054e-01 -5.27114908e-01  3.44571056e-01
 -7.23290526e-01  5.45436841e-01  1.32031907e+00 -4.04494328e-01  4.18468509e-01
  2.47348750e-01  7.04110315e-01  6.31938853e-01 -9.92362113e-01  1.76670837e+00
 -3.82103635e-01 -7.97532757e-01 -9.36740612e-01 -2.43346549e-03  3.96086166e-01
 -5.08693172e-01 -2.68285779e-01 -1.08214045e+00  2.01413372e+00  1.94403113e+00
 -1.52152942e+00 -9.64333079e-01 -2.05725119e+00  1.49996068e-01  5.42037571e-01
  2.54408816e-01 -3.07240694e-01 -4.17111830e-01  1.13680483e+00  3.91313809e-01
  1.60514782e+00  6.67201442e-01 -6.77937746e-02 -1.73566011e+00  8.06348573e-01
