    9.63636363636360648854e+00
   -7.11515151515151984540e+01
   -5.11515151515151700323e+01
   -3.55151515151514942659e+01
    5.30303030303031164294e+00
    2.58181818181818911739e+01
    1.19696969696969777175e+01
    9.78484848484849294437e+01
   -1.56060606060605859824e+01
   -9.57575757575758217399e+01
   -4.40909090909091005983e+01
   -2.09787878787879037645e+02
    1.88606060606060736973e+02
   -1.70000000000000000000e+01
   -6.16666666666667211416e+01
    2.38787878787878810272e+02
   -2.09909090909091048616e+02
    1.20363636363636445026e+02
    3.36060606060605877587e+01
   -3.96969696969697309896e+01
   -4.44848484848485057341e+01
   -3.87575757575756369988e+01
    2.19424242424242549987e+02
    2.49818181818182011966e+02
    1.19757575757575821740e+02
   -1.79030303030303173273e+02
   -8.90303030303030880077e+01
    1.45909090909090963351e+02
    1.23242424242424263525e+02
   -9.13636363636364450258e+01
    1.80303030303030240589e+01
   -4.77575757575757577911e+01
