%%MatrixMarket matrix coordinate real general
22 22 124
1 1 9.9999999999963507e-01
1 2 0.0000000000000000e+00
1 3 0.0000000000000000e+00
1 4 0.0000000000000000e+00
2 1 0.0000000000000000e+00
2 2 1.0000000000003082e+00
2 3 0.0000000000000000e+00
2 4 0.0000000000000000e+00
3 1 -2.3536972157445593e-01
3 2 -6.3143220778675065e-03
3 3 5.5052491073005150e-01
3 4 -2.6508801526053800e-02
3 5 -2.3928155013226829e-01
3 6 -6.9313921709847513e-03
4 1 3.5369721574555944e-02
4 2 -2.1035234458886146e-01
4 3 1.4947508926990352e-01
4 4 6.5984213485950660e-01
4 5 3.9281550132307733e-02
4 6 -2.0973527449574234e-01
5 3 -2.3928155013229901e-01
5 4 -6.9313921709792860e-03
5 5 5.3576136078343173e-01
5 6 -2.8872954852508927e-02
5 7 -2.4265409564582474e-01
5 8 -7.4787760387951385e-03
6 3 3.9281550132342788e-02
6 4 -2.0973527449572593e-01
6 5 1.6423863921632653e-01
6 6 6.6220628818601579e-01
6 7 4.2654095645700198e-02
6 8 -2.0918789062789833e-01
7 5 -2.4265409564566717e-01
7 6 -7.4787760387911252e-03
7 7 5.2390220687567013e-01
7 8 -3.0820524721813153e-02
7 9 -2.4513030833421043e-01
7 10 -7.8894311706017729e-03
8 5 4.2654095645680658e-02
8 6 -2.0918789062793089e-01
8 7 1.7609779312448962e-01
8 8 6.6415385805537386e-01
8 9 4.5130308334257713e-02
8 10 -2.0877723549594845e-01
9 7 -2.4513030833432256e-01
9 8 -7.8894311705926638e-03
9 9 5.1622158022583087e-01
9 10 -3.2104232121590567e-02
9 11 -2.4644087771940404e-01
9 12 -8.1096990170363373e-03
10 7 4.5130308334298437e-02
10 8 -2.0877723549615398e-01
10 9 1.8377841977401599e-01
10 10 6.6543756545475619e-01
10 11 4.6440877719382399e-02
10 12 -2.0855696764963580e-01
11 9 -2.4644087771939405e-01
11 10 -8.1096990170378639e-03
11 11 5.1356295516822381e-01
11 12 -3.2552598286041658e-02
11 13 -2.4644087771938175e-01
11 14 -8.1096990170479548e-03
12 9 4.6440877719416733e-02
12 10 -2.0855696764957543e-01
12 11 1.8643704483151602e-01
12 12 6.6588593161924092e-01
12 13 4.6440877719416733e-02
12 14 -2.0855696764951487e-01
13 11 -2.4644087771939183e-01
13 12 -8.1096990170464126e-03
13 13 5.1622158022583087e-01
13 14 -3.2104232121577952e-02
13 15 -2.4513030833432256e-01
13 16 -7.8894311706078617e-03
14 11 4.6440877719382399e-02
14 12 -2.0855696764957030e-01
14 13 1.8377841977404058e-01
14 14 6.6543756545469568e-01
14 15 4.5130308334198010e-02
14 16 -2.0877723549608815e-01
15 13 -2.4513030833418584e-01
15 14 -7.8894311705942043e-03
15 15 5.2390220687568267e-01
15 16 -3.0820524721820751e-02
15 17 -2.4265409564566717e-01
15 18 -7.4787760387911252e-03
16 13 4.5130308334233107e-02
16 14 -2.0877723549601404e-01
16 15 1.7609779312448962e-01
16 16 6.6415385805539418e-01
16 17 4.2654095645706595e-02
16 18 -2.0918789062793089e-01
17 15 -2.4265409564582474e-01
17 16 -7.4787760387976712e-03
17 17 5.3576136078340575e-01
17 18 -2.8872954852508927e-02
17 19 -2.3928155013231256e-01
17 20 -6.9313921709792860e-03
18 15 4.2654095645775519e-02
18 16 -2.0918789062790338e-01
18 17 1.6423863921635248e-01
18 18 6.6220628818602600e-01
18 19 3.9281550132369857e-02
18 20 -2.0973527449572593e-01
19 17 -2.3928155013226829e-01
19 18 -6.9313921709822012e-03
19 19 5.5052491073003795e-01
19 20 -2.6508801526053158e-02
19 21 -2.3536972157448438e-01
19 22 -6.3143220778694520e-03
20 17 3.9281550132281795e-02
20 18 -2.0973527449574234e-01
20 19 1.4947508926990352e-01
20 20 6.5984213485950916e-01
20 21 3.5369721574470631e-02
20 22 -2.1035234458884328e-01
21 19 0.0000000000000000e+00
21 20 0.0000000000000000e+00
21 21 9.9999999999963507e-01
21 22 0.0000000000000000e+00
22 19 0.0000000000000000e+00
22 20 0.0000000000000000e+00
22 21 0.0000000000000000e+00
22 22 1.0000000000003082e+00
