64
0 1.0733974358974358e+05 1 -3.5122127428621749e-12 2 7.0833333333333430e+03 3 -1.3355834956504015e-12 4 9.8524363271021049e-14 5 -1.8792142445330943e-12 6 -2.6923076923076926e+04 7 9.6153846153846052e+02 8 5.0352564102564109e+04 9 -2.3977264618224584e-12 10 -7.1771160443339414e-13 11 1.4710962606808868e-12 12 2.6923076923076926e+04 13 -1.2500000000000000e+04 14 -3.2371794871794823e+03 15 -1.3094118382165715e-12 -1
1 2.5641025641025644e+05 0 -3.5122127428621749e-12 2 1.3355834956504015e-12 3 1.0993589743589747e+05 4 3.6057692307692305e+04 5 -4.9038461538461532e+04 6 2.7207865590147173e-13 7 6.6779174782520073e-13 8 -2.3977264618224584e-12 9 1.3012820512820514e+05 10 2.4519230769230766e+04 11 4.9038461538461532e+04 12 -6.8019663975367927e-13 13 6.5470591910828574e-13 14 1.3094118382165715e-12 15 6.8910256410256436e+04 -1
2 1.0733974358974358e+05 0 7.0833333333333430e+03 1 1.3355834956504015e-12 3 3.5122127428621749e-12 4 7.1771160443339414e-13 5 1.4710962606808868e-12 6 -2.6923076923076926e+04 7 1.2499999999999998e+04 8 -3.2371794871794832e+03 9 1.3094118382165715e-12 10 -9.8524363271021049e-14 11 -1.8792142445330943e-12 12 2.6923076923076926e+04 13 -9.6153846153846007e+02 14 5.0352564102564102e+04 15 2.3977264618224584e-12 -1
3 2.5641025641025644e+05 0 -1.3355834956504015e-12 1 1.0993589743589747e+05 2 3.5122127428621749e-12 4 2.4519230769230766e+04 5 -4.9038461538461532e+04 6 -6.8019663975367927e-13 7 6.5470591910828574e-13 8 -1.3094118382165715e-12 9 6.8910256410256436e+04 10 3.6057692307692298e+04 11 4.9038461538461532e+04 12 2.7207865590147173e-13 13 6.6779174782520083e-13 14 2.3977264618224584e-12 15 1.3012820512820514e+05 -1
4 1.7067307692307691e+05 0 9.8524363271021049e-14 1 3.6057692307692305e+04 2 7.1771160443339414e-13 3 2.4519230769230766e+04 5 7.2759576141834259e-12 6 9.5938099506379297e-30 7 -4.5637144856820149e-13 8 -1.0097419586828951e-28 9 0.0000000000000000e+00 10 -2.9326923076923063e+04 11 0.0000000000000000e+00 12 -6.8560824483496344e-30 13 -2.4700495617123259e-12 14 -5.0487097934144756e-29 15 0.0000000000000000e+00 16 -4.5673076923076860e+03 17 1.0096153846153842e+04 18 -1.5395661429482312e-30 19 1.8606576596929308e-12 20 -9.8524363271020973e-14 21 -3.6057692307692305e+04 22 -6.6105769230769234e+04 23 -5.0480769230769227e+04 24 1.7070239180408486e-31 25 -3.9744715455266750e-13 26 -7.1771160443339404e-13 27 -2.4519230769230766e+04 -1
5 3.7980769230769237e+05 0 -1.8792142445330943e-12 1 -4.9038461538461532e+04 2 1.4710962606808868e-12 3 -4.9038461538461532e+04 4 7.2759576141834259e-12 6 1.5511137297003494e-29 7 -1.0097419586828951e-28 8 -7.9472555520559183e-12 9 -1.4423076923076919e+05 10 0.0000000000000000e+00 11 -3.3942307692307699e+05 12 -1.5511137297003491e-29 13 5.0487097934144756e-29 14 8.7634915197603334e-12 15 -1.4423076923076919e+05 16 -1.0096153846153842e+04 17 9.2788461538461546e+04 18 3.7988110061539361e-31 19 9.8524363271021049e-14 20 -1.8792142445330943e-12 21 -4.9038461538461532e+04 22 -5.0480769230769227e+04 23 -1.1298076923076923e+05 24 -3.7829137936972836e-31 25 -7.1771160443339414e-13 26 1.4710962606808868e-12 27 -4.9038461538461532e+04 -1
6 1.3461538461538460e+05 0 -2.6923076923076926e+04 1 2.7207865590147173e-13 2 -2.6923076923076926e+04 3 -6.8019663975367927e-13 4 9.5938099506379297e-30 5 1.5511137297003494e-29 7 0.0000000000000000e+00 8 -1.0769230769230769e+05 9 2.7207865590147167e-12 10 6.8547955311507649e-30 11 -1.5511137297003494e-29 12 -9.4230769230769220e+04 13 0.0000000000000000e+00 14 -1.0769230769230769e+05 15 -1.9045505913103016e-12 16 -8.0542438076896992e-30 17 1.0167692261346978e-29 18 1.3461538461538465e+04 19 -2.6923076923076922e+04 20 -2.6923076923076926e+04 21 2.7207865590147173e-13 22 -6.6847365979461161e-30 23 -1.0167692261346978e-29 24 -3.3653846153846156e+04 25 -1.3461538461538463e+04 26 -2.6923076923076926e+04 27 -6.8019663975367927e-13 -1
7 1.5967948717948719e+05 0 9.6153846153846052e+02 1 6.6779174782520073e-13 2 1.2499999999999998e+04 3 6.5470591910828574e-13 4 -4.5637144856820149e-13 5 -1.0097419586828951e-28 6 0.0000000000000000e+00 8 -3.6379788070917130e-12 9 4.0389678347315804e-28 10 -2.4700495617123259e-12 11 -5.0487097934144756e-29 12 0.0000000000000000e+00 13 4.0320512820512828e+04 14 -2.2737367544323206e-13 15 0.0000000000000000e+00 16 1.8606576596929308e-12 17 -9.8524363271020973e-14 18 2.6923076923076922e+04 19 5.4775641025641024e+04 20 -9.6153846153846030e+02 21 -6.6779174782520093e-13 22 -3.9744715455266750e-13 23 -7.1771160443339404e-13 24 1.3461538461538463e+04 25 6.7628205128205182e+03 26 -1.2500000000000000e+04 27 -6.5470591910828574e-13 -1
8 2.1467948717948716e+05 0 5.0352564102564109e+04 1 -2.3977264618224584e-12 2 -3.2371794871794832e+03 3 -1.3094118382165715e-12 4 -1.0097419586828951e-28 5 -7.9472555520559183e-12 6 -1.0769230769230769e+05 7 -3.6379788070917130e-12 9 -7.0244254857243498e-12 10 5.0487097934144756e-29 11 8.7634915197603334e-12 12 1.0769230769230769e+05 13 4.5474735088646412e-13 14 1.4166666666666686e+04 15 -2.6711669913008033e-12 16 9.8524363271021049e-14 17 -1.8792142445330943e-12 18 -2.6923076923076926e+04 19 9.6153846153846052e+02 20 5.0352564102564109e+04 21 -2.3977264618224584e-12 22 -7.1771160443339414e-13 23 1.4710962606808868e-12 24 2.6923076923076926e+04 25 -1.2500000000000000e+04 26 -3.2371794871794823e+03 27 -1.3094118382165715e-12 -1
9 5.1282051282051287e+05 0 -2.3977264618224584e-12 1 1.3012820512820514e+05 2 1.3094118382165715e-12 3 6.8910256410256436e+04 4 0.0000000000000000e+00 5 -1.4423076923076919e+05 6 2.7207865590147167e-12 7 4.0389678347315804e-28 8 -7.0244254857243498e-12 10 0.0000000000000000e+00 11 1.4423076923076919e+05 12 -1.9045505913103016e-12 13 0.0000000000000000e+00 14 2.6711669913008033e-12 15 2.1987179487179493e+05 16 3.6057692307692305e+04 17 -4.9038461538461532e+04 18 2.7207865590147173e-13 19 6.6779174782520073e-13 20 -2.3977264618224584e-12 21 1.3012820512820514e+05 22 2.4519230769230766e+04 23 4.9038461538461532e+04 24 -6.8019663975367927e-13 25 6.5470591910828574e-13 26 1.3094118382165715e-12 27 6.8910256410256436e+04 -1
10 1.7067307692307691e+05 0 -7.1771160443339414e-13 1 2.4519230769230766e+04 2 -9.8524363271021049e-14 3 3.6057692307692298e+04 4 -2.9326923076923063e+04 5 0.0000000000000000e+00 6 6.8547955311507649e-30 7 -2.4700495617123259e-12 8 5.0487097934144756e-29 9 0.0000000000000000e+00 11 0.0000000000000000e+00 12 -9.5957024759303888e-30 13 -4.5637144856820149e-13 14 1.0097419586828951e-28 15 0.0000000000000000e+00 16 -6.6105769230769234e+04 17 5.0480769230769234e+04 18 -1.7005893320464917e-31 19 -3.9744715455266750e-13 20 7.1771160443339404e-13 21 -2.4519230769230766e+04 22 -4.5673076923076860e+03 23 -1.0096153846153842e+04 24 1.5405124055944611e-30 25 1.8606576596929308e-12 26 9.8524363271020986e-14 27 -3.6057692307692298e+04 -1
11 3.7980769230769237e+05 0 1.4710962606808868e-12 1 4.9038461538461532e+04 2 -1.8792142445330943e-12 3 4.9038461538461532e+04 4 0.0000000000000000e+00 5 -3.3942307692307699e+05 6 -1.5511137297003494e-29 7 -5.0487097934144756e-29 8 8.7634915197603334e-12 9 1.4423076923076919e+05 10 0.0000000000000000e+00 12 1.5511137297003491e-29 13 1.0097419586828951e-28 14 -7.9472555520559183e-12 15 1.4423076923076919e+05 16 5.0480769230769234e+04 17 -1.1298076923076923e+05 18 -3.7988110061539361e-31 19 7.1771160443339414e-13 20 1.4710962606808868e-12 21 4.9038461538461532e+04 22 1.0096153846153842e+04 23 9.2788461538461546e+04 24 3.7829137936972836e-31 25 -9.8524363271021024e-14 26 -1.8792142445330943e-12 27 4.9038461538461532e+04 -1
12 1.3461538461538460e+05 0 2.6923076923076926e+04 1 -6.8019663975367927e-13 2 2.6923076923076926e+04 3 2.7207865590147173e-13 4 -6.8560824483496344e-30 5 -1.5511137297003491e-29 6 -9.4230769230769220e+04 7 0.0000000000000000e+00 8 1.0769230769230769e+05 9 -1.9045505913103016e-12 10 -9.5957024759303888e-30 11 1.5511137297003491e-29 13 0.0000000000000000e+00 14 1.0769230769230769e+05 15 2.7207865590147167e-12 16 6.6853800565455501e-30 17 -1.0169281982592644e-29 18 -3.3653846153846156e+04 19 -1.3461538461538463e+04 20 2.6923076923076926e+04 21 -6.8019663975367927e-13 22 8.0551900703359281e-30 23 1.0169281982592644e-29 24 1.3461538461538465e+04 25 -2.6923076923076922e+04 26 2.6923076923076926e+04 27 2.7207865590147173e-13 -1
13 1.5967948717948719e+05 0 -1.2500000000000000e+04 1 6.5470591910828574e-13 2 -9.6153846153846007e+02 3 6.6779174782520083e-13 4 -2.4700495617123259e-12 5 5.0487097934144756e-29 6 0.0000000000000000e+00 7 4.0320512820512828e+04 8 4.5474735088646412e-13 9 0.0000000000000000e+00 10 -4.5637144856820149e-13 11 1.0097419586828951e-28 12 0.0000000000000000e+00 14 0.0000000000000000e+00 15 2.0194839173657902e-28 16 -3.9744715455266750e-13 17 7.1771160443339404e-13 18 1.3461538461538463e+04 19 6.7628205128205200e+03 20 1.2500000000000000e+04 21 -6.5470591910828574e-13 22 1.8606576596929308e-12 23 9.8524363271020986e-14 24 2.6923076923076922e+04 25 5.4775641025641024e+04 26 9.6153846153846098e+02 27 -6.6779174782520093e-13 -1
14 2.1467948717948716e+05 0 -3.2371794871794823e+03 1 1.3094118382165715e-12 2 5.0352564102564102e+04 3 2.3977264618224584e-12 4 -5.0487097934144756e-29 5 8.7634915197603334e-12 6 -1.0769230769230769e+05 7 -2.2737367544323206e-13 8 1.4166666666666686e+04 9 2.6711669913008033e-12 10 1.0097419586828951e-28 11 -7.9472555520559183e-12 12 1.0769230769230769e+05 13 0.0000000000000000e+00 15 7.0244254857243498e-12 16 7.1771160443339414e-13 17 1.4710962606808868e-12 18 -2.6923076923076926e+04 19 1.2499999999999998e+04 20 -3.2371794871794832e+03 21 1.3094118382165715e-12 22 -9.8524363271021049e-14 23 -1.8792142445330943e-12 24 2.6923076923076926e+04 25 -9.6153846153846007e+02 26 5.0352564102564102e+04 27 2.3977264618224584e-12 -1
15 5.1282051282051281e+05 0 -1.3094118382165715e-12 1 6.8910256410256436e+04 2 2.3977264618224584e-12 3 1.3012820512820514e+05 4 0.0000000000000000e+00 5 -1.4423076923076919e+05 6 -1.9045505913103016e-12 7 0.0000000000000000e+00 8 -2.6711669913008033e-12 9 2.1987179487179493e+05 10 0.0000000000000000e+00 11 1.4423076923076919e+05 12 2.7207865590147167e-12 13 2.0194839173657902e-28 14 7.0244254857243498e-12 16 2.4519230769230766e+04 17 -4.9038461538461532e+04 18 -6.8019663975367927e-13 19 6.5470591910828574e-13 20 -1.3094118382165715e-12 21 6.8910256410256436e+04 22 3.6057692307692298e+04 23 4.9038461538461532e+04 24 2.7207865590147173e-13 25 6.6779174782520083e-13 26 2.3977264618224584e-12 27 1.3012820512820514e+05 -1
16 1.7067307692307691e+05 4 -4.5673076923076860e+03 5 -1.0096153846153842e+04 6 -8.0542438076896992e-30 7 1.8606576596929308e-12 8 9.8524363271021049e-14 9 3.6057692307692305e+04 10 -6.6105769230769234e+04 11 5.0480769230769234e+04 12 6.6853800565455501e-30 13 -3.9744715455266750e-13 14 7.1771160443339414e-13 15 2.4519230769230766e+04 17 -7.2759576141834259e-12 18 9.5938099506379325e-30 19 -4.5637144856820149e-13 20 -4.0389678347315804e-28 21 0.0000000000000000e+00 22 -2.9326923076923063e+04 23 -1.8189894035458565e-12 24 -6.8560824483496288e-30 25 -2.4700495617123255e-12 26 2.6505726415425997e-28 27 0.0000000000000000e+00 28 -4.5673076923076896e+03 29 1.0096153846153842e+04 30 -1.5395661429482345e-30 31 1.8606576596929308e-12 32 -9.8524363271020670e-14 33 -3.6057692307692305e+04 34 -6.6105769230769234e+04 35 -5.0480769230769220e+04 36 1.7070239180407987e-31 37 -3.9744715455266755e-13 38 -7.1771160443339434e-13 39 -2.4519230769230766e+04 -1
17 3.7980769230769231e+05 4 1.0096153846153842e+04 5 9.2788461538461546e+04 6 1.0167692261346978e-29 7 -9.8524363271020973e-14 8 -1.8792142445330943e-12 9 -4.9038461538461532e+04 10 5.0480769230769234e+04 11 -1.1298076923076923e+05 12 -1.0169281982592644e-29 13 7.1771160443339404e-13 14 1.4710962606808868e-12 15 -4.9038461538461532e+04 16 -7.2759576141834259e-12 18 1.5511137297003488e-29 19 -6.0584517520973707e-28 20 -7.9472555520559183e-12 21 -1.4423076923076919e+05 22 5.4569682106375694e-12 23 -3.3942307692307694e+05 24 -1.5511137297003491e-29 25 5.8060162624266469e-28 26 8.7634915197603334e-12 27 -1.4423076923076922e+05 28 -1.0096153846153842e+04 29 9.2788461538461575e+04 30 3.7988110061539545e-31 31 9.8524363271020405e-14 32 -1.8792142445330947e-12 33 -4.9038461538461546e+04 34 -5.0480769230769220e+04 35 -1.1298076923076923e+05 36 -3.7829137936972301e-31 37 -7.1771160443339343e-13 38 1.4710962606808870e-12 39 -4.9038461538461539e+04 -1
18 1.3461538461538457e+05 4 -1.5395661429482312e-30 5 3.7988110061539361e-31 6 1.3461538461538465e+04 7 2.6923076923076922e+04 8 -2.6923076923076926e+04 9 2.7207865590147173e-13 10 -1.7005893320464917e-31 11 -3.7988110061539361e-31 12 -3.3653846153846156e+04 13 1.3461538461538463e+04 14 -2.6923076923076926e+04 15 -6.8019663975367927e-13 16 9.5938099506379325e-30 17 1.5511137297003488e-29 19 7.2759576141834259e-12 20 -1.0769230769230769e+05 21 2.7207865590147167e-12 22 6.8547955311507733e-30 23 -1.5511137297003494e-29 24 -9.4230769230769220e+04 25 1.0913936421275139e-11 26 -1.0769230769230769e+05 27 -1.9045505913103016e-12 28 -8.0542438076897020e-30 29 1.0167692261346985e-29 30 1.3461538461538472e+04 31 -2.6923076923076915e+04 32 -2.6923076923076929e+04 33 2.7207865590147193e-13 34 -6.6847365979461217e-30 35 -1.0167692261346978e-29 36 -3.3653846153846156e+04 37 -1.3461538461538452e+04 38 -2.6923076923076929e+04 39 -6.8019663975367927e-13 -1
19 1.5967948717948719e+05 4 1.8606576596929308e-12 5 9.8524363271021049e-14 6 -2.6923076923076922e+04 7 5.4775641025641024e+04 8 9.6153846153846052e+02 9 6.6779174782520073e-13 10 -3.9744715455266750e-13 11 7.1771160443339414e-13 12 -1.3461538461538463e+04 13 6.7628205128205200e+03 14 1.2499999999999998e+04 15 6.5470591910828574e-13 16 -4.5637144856820149e-13 17 -6.0584517520973707e-28 18 7.2759576141834259e-12 20 -1.2732925824820995e-11 21 1.2116903504194741e-27 22 -2.4700495617123255e-12 23 4.9224920485791137e-28 24 -9.0949470177292824e-12 25 4.0320512820512828e+04 26 -1.0004441719502211e-11 27 6.0584517520973707e-28 28 1.8606576596929308e-12 29 -9.8524363271020443e-14 30 2.6923076923076915e+04 31 5.4775641025641031e+04 32 -9.6153846153845097e+02 33 -6.6779174782520174e-13 34 -3.9744715455266755e-13 35 -7.1771160443339465e-13 36 1.3461538461538474e+04 37 6.7628205128205163e+03 38 -1.2499999999999989e+04 39 -6.5470591910828614e-13 -1
20 2.1467948717948713e+05 4 -9.8524363271020973e-14 5 -1.8792142445330943e-12 6 -2.6923076923076926e+04 7 -9.6153846153846030e+02 8 5.0352564102564109e+04 9 -2.3977264618224584e-12 10 7.1771160443339404e-13 11 1.4710962606808868e-12 12 2.6923076923076926e+04 13 1.2500000000000000e+04 14 -3.2371794871794832e+03 15 -1.3094118382165715e-12 16 -4.0389678347315804e-28 17 -7.9472555520559183e-12 18 -1.0769230769230769e+05 19 -1.2732925824820995e-11 21 -7.0244254857243498e-12 22 4.2914033244023042e-28 23 8.7634915197603334e-12 24 1.0769230769230769e+05 25 -9.5496943686157465e-12 26 1.4166666666666682e+04 27 -2.6711669913008033e-12 28 9.8524363271020607e-14 29 -1.8792142445330947e-12 30 -2.6923076923076929e+04 31 9.6153846153845006e+02 32 5.0352564102564109e+04 33 -2.3977264618224584e-12 34 -7.1771160443339364e-13 35 1.4710962606808868e-12 36 2.6923076923076922e+04 37 -1.2500000000000009e+04 38 -3.2371794871794818e+03 39 -1.3094118382165715e-12 -1
21 5.1282051282051287e+05 4 -3.6057692307692305e+04 5 -4.9038461538461532e+04 6 2.7207865590147173e-13 7 -6.6779174782520093e-13 8 -2.3977264618224584e-12 9 1.3012820512820514e+05 10 -2.4519230769230766e+04 11 4.9038461538461532e+04 12 -6.8019663975367927e-13 13 -6.5470591910828574e-13 14 1.3094118382165715e-12 15 6.8910256410256436e+04 16 0.0000000000000000e+00 17 -1.4423076923076919e+05 18 2.7207865590147167e-12 19 1.2116903504194741e-27 20 -7.0244254857243498e-12 22 0.0000000000000000e+00 23 1.4423076923076922e+05 24 -1.9045505913103016e-12 25 -4.0389678347315804e-28 26 2.6711669913008037e-12 27 2.1987179487179493e+05 28 3.6057692307692305e+04 29 -4.9038461538461539e+04 30 2.7207865590147193e-13 31 6.6779174782520154e-13 32 -2.3977264618224584e-12 33 1.3012820512820514e+05 34 2.4519230769230766e+04 35 4.9038461538461532e+04 36 -6.8019663975367927e-13 37 6.5470591910828534e-13 38 1.3094118382165711e-12 39 6.8910256410256421e+04 -1
22 1.7067307692307691e+05 4 -6.6105769230769234e+04 5 -5.0480769230769227e+04 6 -6.6847365979461161e-30 7 -3.9744715455266750e-13 8 -7.1771160443339414e-13 9 2.4519230769230766e+04 10 -4.5673076923076860e+03 11 1.0096153846153842e+04 12 8.0551900703359281e-30 13 1.8606576596929308e-12 14 -9.8524363271021049e-14 15 3.6057692307692298e+04 16 -2.9326923076923063e+04 17 5.4569682106375694e-12 18 6.8547955311507733e-30 19 -2.4700495617123255e-12 20 4.2914033244023042e-28 21 0.0000000000000000e+00 23 0.0000000000000000e+00 24 -9.5957024759303888e-30 25 -4.5637144856820138e-13 26 -4.0389678347315804e-28 27 0.0000000000000000e+00 28 -6.6105769230769220e+04 29 5.0480769230769220e+04 30 -1.7005893320465282e-31 31 -3.9744715455266745e-13 32 7.1771160443339364e-13 33 -2.4519230769230766e+04 34 -4.5673076923076842e+03 35 -1.0096153846153842e+04 36 1.5405124055944580e-30 37 1.8606576596929312e-12 38 9.8524363271021478e-14 39 -3.6057692307692298e+04 -1
23 3.7980769230769237e+05 4 -5.0480769230769227e+04 5 -1.1298076923076923e+05 6 -1.0167692261346978e-29 7 -7.1771160443339404e-13 8 1.4710962606808868e-12 9 4.9038461538461532e+04 10 -1.0096153846153842e+04 11 9.2788461538461546e+04 12 1.0169281982592644e-29 13 9.8524363271020986e-14 14 -1.8792142445330943e-12 15 4.9038461538461532e+04 16 -1.8189894035458565e-12 17 -3.3942307692307694e+05 18 -1.5511137297003494e-29 19 4.9224920485791137e-28 20 8.7634915197603334e-12 21 1.4423076923076922e+05 22 0.0000000000000000e+00 24 1.5511137297003502e-29 25 -4.0389678347315804e-28 26 -7.9472555520559183e-12 27 1.4423076923076922e+05 28 5.0480769230769220e+04 29 -1.1298076923076923e+05 30 -3.7988110061539755e-31 31 7.1771160443339475e-13 32 1.4710962606808868e-12 33 4.9038461538461532e+04 34 1.0096153846153844e+04 35 9.2788461538461517e+04 36 3.7829137936972678e-31 37 -9.8524363271021642e-14 38 -1.8792142445330939e-12 39 4.9038461538461532e+04 -1
24 1.3461538461538462e+05 4 1.7070239180408486e-31 5 -3.7829137936972836e-31 6 -3.3653846153846156e+04 7 1.3461538461538463e+04 8 2.6923076923076926e+04 9 -6.8019663975367927e-13 10 1.5405124055944611e-30 11 3.7829137936972836e-31 12 1.3461538461538465e+04 13 2.6923076923076922e+04 14 2.6923076923076926e+04 15 2.7207865590147173e-13 16 -6.8560824483496288e-30 17 -1.5511137297003491e-29 18 -9.4230769230769220e+04 19 -9.0949470177292824e-12 20 1.0769230769230769e+05 21 -1.9045505913103016e-12 22 -9.5957024759303888e-30 23 1.5511137297003502e-29 25 -1.0913936421275139e-11 26 1.0769230769230769e+05 27 2.7207865590147171e-12 28 6.6853800565455473e-30 29 -1.0169281982592652e-29 30 -3.3653846153846156e+04 31 -1.3461538461538472e+04 32 2.6923076923076922e+04 33 -6.8019663975367938e-13 34 8.0551900703359252e-30 35 1.0169281982592644e-29 36 1.3461538461538454e+04 37 -2.6923076923076933e+04 38 2.6923076923076922e+04 39 2.7207865590147163e-13 -1
25 1.5967948717948719e+05 4 -3.9744715455266750e-13 5 -7.1771160443339414e-13 6 -1.3461538461538463e+04 7 6.7628205128205182e+03 8 -1.2500000000000000e+04 9 6.5470591910828574e-13 10 1.8606576596929308e-12 11 -9.8524363271021024e-14 12 -2.6923076923076922e+04 13 5.4775641025641024e+04 14 -9.6153846153846007e+02 15 6.6779174782520083e-13 16 -2.4700495617123255e-12 17 5.8060162624266469e-28 18 1.0913936421275139e-11 19 4.0320512820512828e+04 20 -9.5496943686157465e-12 21 -4.0389678347315804e-28 22 -4.5637144856820138e-13 23 -4.0389678347315804e-28 24 -1.0913936421275139e-11 26 -9.0949470177292824e-12 27 -6.0584517520973707e-28 28 -3.9744715455266745e-13 29 7.1771160443339353e-13 30 1.3461538461538450e+04 31 6.7628205128205182e+03 32 1.2500000000000009e+04 33 -6.5470591910828554e-13 34 1.8606576596929308e-12 35 9.8524363271021655e-14 36 2.6923076923076933e+04 37 5.4775641025641031e+04 38 9.6153846153847189e+02 39 -6.6779174782520012e-13 -1
26 2.1467948717948716e+05 4 -7.1771160443339404e-13 5 1.4710962606808868e-12 6 -2.6923076923076926e+04 7 -1.2500000000000000e+04 8 -3.2371794871794823e+03 9 1.3094118382165715e-12 10 9.8524363271020986e-14 11 -1.8792142445330943e-12 12 2.6923076923076926e+04 13 9.6153846153846098e+02 14 5.0352564102564102e+04 15 2.3977264618224584e-12 16 2.6505726415425997e-28 17 8.7634915197603334e-12 18 -1.0769230769230769e+05 19 -1.0004441719502211e-11 20 1.4166666666666682e+04 21 2.6711669913008037e-12 22 -4.0389678347315804e-28 23 -7.9472555520559183e-12 24 1.0769230769230769e+05 25 -9.0949470177292824e-12 27 7.0244254857243514e-12 28 7.1771160443339444e-13 29 1.4710962606808868e-12 30 -2.6923076923076929e+04 31 1.2499999999999989e+04 32 -3.2371794871794823e+03 33 1.3094118382165711e-12 34 -9.8524363271021415e-14 35 -1.8792142445330935e-12 36 2.6923076923076922e+04 37 -9.6153846153847098e+02 38 5.0352564102564094e+04 39 2.3977264618224580e-12 -1
27 5.1282051282051281e+05 4 -2.4519230769230766e+04 5 -4.9038461538461532e+04 6 -6.8019663975367927e-13 7 -6.5470591910828574e-13 8 -1.3094118382165715e-12 9 6.8910256410256436e+04 10 -3.6057692307692298e+04 11 4.9038461538461532e+04 12 2.7207865590147173e-13 13 -6.6779174782520093e-13 14 2.3977264618224584e-12 15 1.3012820512820514e+05 16 0.0000000000000000e+00 17 -1.4423076923076922e+05 18 -1.9045505913103016e-12 19 6.0584517520973707e-28 20 -2.6711669913008033e-12 21 2.1987179487179493e+05 22 0.0000000000000000e+00 23 1.4423076923076922e+05 24 2.7207865590147171e-12 25 -6.0584517520973707e-28 26 7.0244254857243514e-12 28 2.4519230769230766e+04 29 -4.9038461538461539e+04 30 -6.8019663975367938e-13 31 6.5470591910828614e-13 32 -1.3094118382165717e-12 33 6.8910256410256421e+04 34 3.6057692307692298e+04 35 4.9038461538461532e+04 36 2.7207865590147163e-13 37 6.6779174782520012e-13 38 2.3977264618224576e-12 39 1.3012820512820514e+05 -1
28 1.7067307692307694e+05 16 -4.5673076923076896e+03 17 -1.0096153846153842e+04 18 -8.0542438076897020e-30 19 1.8606576596929308e-12 20 9.8524363271020607e-14 21 3.6057692307692305e+04 22 -6.6105769230769220e+04 23 5.0480769230769220e+04 24 6.6853800565455473e-30 25 -3.9744715455266745e-13 26 7.1771160443339444e-13 27 2.4519230769230766e+04 29 7.2759576141834259e-12 30 2.5161824009395169e-30 31 -5.4795946534993055e-13 32 -8.6050898210512356e-13 33 0.0000000000000000e+00 34 -2.9326923076923071e+04 35 0.0000000000000000e+00 36 -1.1453541330426863e-30 37 -1.0340841096140609e-12 38 -4.9429808877654363e-14 39 0.0000000000000000e+00 40 -4.5673076923076806e+03 41 1.0096153846153844e+04 42 2.3197782150733495e-30 43 1.3236809450910384e-13 44 -4.9094554393367241e-14 45 -3.6057692307692305e+04 46 -6.6105769230769234e+04 47 -5.0480769230769234e+04 48 -2.3217427318260248e-30 49 -1.3535024685375713e-14 50 1.4279737767173028e-13 51 -2.4519230769230766e+04 -1
29 3.7980769230769225e+05 16 1.0096153846153842e+04 17 9.2788461538461575e+04 18 1.0167692261346985e-29 19 -9.8524363271020443e-14 20 -1.8792142445330947e-12 21 -4.9038461538461539e+04 22 5.0480769230769220e+04 23 -1.1298076923076923e+05 24 -1.0169281982592652e-29 25 7.1771160443339353e-13 26 1.4710962606808868e-12 27 -4.9038461538461539e+04 28 7.2759576141834259e-12 30 2.2899089917160586e-29 31 -1.1646636720654246e-12 32 -7.6789083028724488e-12 33 -1.4423076923076919e+05 34 1.8189894035458565e-12 35 -3.3942307692307688e+05 36 -2.2899089917160594e-29 37 -6.5521390990013158e-13 38 8.0401748750854747e-12 39 -1.4423076923076919e+05 40 -1.0096153846153844e+04 41 9.2788461538461561e+04 42 4.0397495589033238e-30 43 3.5324924435366868e-13 44 -2.1475614937165647e-12 45 -4.9038461538461546e+04 46 -5.0480769230769227e+04 47 -1.1298076923076922e+05 48 -4.0381598376576483e-30 49 8.4744109644951463e-13 50 2.1944129053557455e-12 51 -4.9038461538461532e+04 -1
30 1.3461538461538457e+05 16 -1.5395661429482345e-30 17 3.7988110061539545e-31 18 1.3461538461538472e+04 19 2.6923076923076915e+04 20 -2.6923076923076929e+04 21 2.7207865590147193e-13 22 -1.7005893320465282e-31 23 -3.7988110061539755e-31 24 -3.3653846153846156e+04 25 1.3461538461538450e+04 26 -2.6923076923076929e+04 27 -6.8019663975367938e-13 28 2.5161824009395169e-30 29 2.2899089917160586e-29 31 7.2759576141834259e-12 32 -1.0769230769230766e+05 33 2.5175958858914949e-12 34 -8.1644320170017290e-30 35 -1.9639458538708463e-29 36 -9.4230769230769220e+04 37 1.8189894035458565e-12 38 -1.0769230769230766e+05 39 -2.0562070564740980e-12 40 5.5426464989129665e-30 41 2.7797396411898852e-30 42 1.3461538461538474e+04 43 -2.6923076923076907e+04 44 -2.6923076923076929e+04 45 4.7526932902469369e-13 46 1.8152281933021330e-30 47 -6.0393710196420008e-30 48 -3.3653846153846156e+04 49 -1.3461538461538450e+04 50 -2.6923076923076929e+04 51 -5.2854017458988299e-13 -1
31 1.5967948717948713e+05 16 1.8606576596929308e-12 17 9.8524363271020405e-14 18 -2.6923076923076915e+04 19 5.4775641025641031e+04 20 9.6153846153845006e+02 21 6.6779174782520154e-13 22 -3.9744715455266745e-13 23 7.1771160443339475e-13 24 -1.3461538461538472e+04 25 6.7628205128205182e+03 26 1.2499999999999989e+04 27 6.5470591910828614e-13 28 -5.4795946534993055e-13 29 -1.1646636720654246e-12 30 7.2759576141834259e-12 32 1.8189894035458565e-12 33 1.1749718604883939e-12 34 -9.8259266305181295e-13 35 2.5472488108264667e-13 36 0.0000000000000000e+00 37 4.0320512820512828e+04 38 9.0949470177292824e-13 39 9.5411096923371387e-13 40 1.3236809450910382e-13 41 -3.5324924435366863e-13 42 2.6923076923076907e+04 43 5.4775641025641024e+04 44 -9.6153846153845188e+02 45 -3.0558257982969299e-13 46 -6.5026471247623526e-14 47 4.4695206763203169e-13 48 1.3461538461538472e+04 49 6.7628205128205154e+03 50 -1.2499999999999987e+04 51 -3.0722081052975670e-13 -1
32 2.1467948717948719e+05 16 -9.8524363271020670e-14 17 -1.8792142445330947e-12 18 -2.6923076923076929e+04 19 -9.6153846153845097e+02 20 5.0352564102564109e+04 21 -2.3977264618224584e-12 22 7.1771160443339364e-13 23 1.4710962606808868e-12 24 2.6923076923076922e+04 25 1.2500000000000009e+04 26 -3.2371794871794823e+03 27 -1.3094118382165717e-12 28 -8.6050898210512356e-13 29 -7.6789083028724488e-12 30 -1.0769230769230766e+05 31 1.8189894035458565e-12 33 -7.4802085297717655e-12 34 -1.7942106473233721e-13 35 8.0401748750854747e-12 36 1.0769230769230769e+05 37 -9.0949470177292824e-13 38 1.4166666666666672e+04 39 -3.2070478411117146e-12 40 4.9094554393367229e-14 41 -2.1475614937165647e-12 42 -2.6923076923076929e+04 43 9.6153846153845143e+02 44 5.0352564102564109e+04 45 -1.9419434177750427e-12 46 3.7164825128172054e-13 47 2.1944129053557455e-12 48 2.6923076923076918e+04 49 -1.2500000000000011e+04 50 -3.2371794871794823e+03 51 -7.7353098840565897e-13 -1
33 5.1282051282051293e+05 16 -3.6057692307692305e+04 17 -4.9038461538461546e+04 18 2.7207865590147193e-13 19 -6.6779174782520174e-13 20 -2.3977264618224584e-12 21 1.3012820512820514e+05 22 -2.4519230769230766e+04 23 4.9038461538461532e+04 24 -6.8019663975367938e-13 25 -6.5470591910828554e-13 26 1.3094118382165711e-12 27 6.8910256410256421e+04 28 0.0000000000000000e+00 29 -1.4423076923076919e+05 30 2.5175958858914949e-12 31 1.1749718604883939e-12 32 -7.4802085297717655e-12 34 -3.6379788070917130e-12 35 1.4423076923076922e+05 36 -2.0562070564740980e-12 37 1.1257491244412078e-12 38 3.1269500353482198e-12 39 2.1987179487179493e+05 40 3.6057692307692305e+04 41 -4.9038461538461546e+04 42 4.7526932902469369e-13 43 3.0558257982969299e-13 44 -1.9419434177750427e-12 45 1.3012820512820517e+05 46 2.4519230769230770e+04 47 4.9038461538461539e+04 48 -5.2854017458988299e-13 49 1.3558265532226424e-13 50 8.5362879416915568e-13 51 6.8910256410256421e+04 -1
34 1.7067307692307694e+05 16 -6.6105769230769234e+04 17 -5.0480769230769220e+04 18 -6.6847365979461217e-30 19 -3.9744715455266755e-13 20 -7.1771160443339364e-13 21 2.4519230769230766e+04 22 -4.5673076923076842e+03 23 1.0096153846153844e+04 24 8.0551900703359252e-30 25 1.8606576596929308e-12 26 -9.8524363271021415e-14 27 3.6057692307692298e+04 28 -2.9326923076923071e+04 29 1.8189894035458565e-12 30 -8.1644320170017290e-30 31 -9.8259266305181295e-13 32 -1.7942106473233721e-13 33 -3.6379788070917130e-12 35 7.2759576141834259e-12 36 1.2108448425030969e-29 37 5.6839179842407936e-13 38 1.0893598557151153e-12 39 0.0000000000000000e+00 40 -6.6105769230769220e+04 41 5.0480769230769227e+04 42 -3.8154572672364050e-30 43 -6.5026471247623551e-14 44 -3.7164825128172059e-13 45 -2.4519230769230770e+04 46 -4.5673076923076896e+03 47 -1.0096153846153840e+04 48 -1.4990126131826384e-30 49 -9.8398316926490602e-13 50 2.7794542800335748e-13 51 -3.6057692307692298e+04 -1
35 3.7980769230769237e+05 16 -5.0480769230769220e+04 17 -1.1298076923076923e+05 18 -1.0167692261346978e-29 19 -7.1771160443339465e-13 20 1.4710962606808868e-12 21 4.9038461538461532e+04 22 -1.0096153846153842e+04 23 9.2788461538461517e+04 24 1.0169281982592644e-29 25 9.8524363271021655e-14 26 -1.8792142445330935e-12 27 4.9038461538461532e+04 28 0.0000000000000000e+00 29 -3.3942307692307688e+05 30 -1.9639458538708463e-29 31 2.5472488108264667e-13 32 8.0401748750854747e-12 33 1.4423076923076922e+05 34 7.2759576141834259e-12 36 1.9639458538708468e-29 37 1.5651527008829095e-12 38 -7.6789083028724504e-12 39 1.4423076923076925e+05 40 5.0480769230769234e+04 41 -1.1298076923076922e+05 42 -1.9840267688006601e-30 43 -4.4695206763203169e-13 44 2.1944129053557455e-12 45 4.9038461538461539e+04 46 1.0096153846153840e+04 47 9.2788461538461517e+04 48 1.9824370475549863e-30 49 -7.5373827317115152e-13 50 -2.1475614937165630e-12 51 4.9038461538461532e+04 -1
36 1.3461538461538462e+05 16 1.7070239180407987e-31 17 -3.7829137936972301e-31 18 -3.3653846153846156e+04 19 1.3461538461538474e+04 20 2.6923076923076922e+04 21 -6.8019663975367927e-13 22 1.5405124055944580e-30 23 3.7829137936972678e-31 24 1.3461538461538454e+04 25 2.6923076923076933e+04 26 2.6923076923076922e+04 27 2.7207865590147163e-13 28 -1.1453541330426863e-30 29 -2.2899089917160594e-29 30 -9.4230769230769220e+04 31 0.0000000000000000e+00 32 1.0769230769230769e+05 33 -2.0562070564740980e-12 34 1.2108448425030969e-29 35 1.9639458538708468e-29 37 -3.6379788070917130e-12 38 1.0769230769230769e+05 39 2.3173513714827533e-12 40 -5.5446110156656446e-30 41 -2.7813293624355583e-30 42 -3.3653846153846156e+04 43 -1.3461538461538472e+04 44 2.6923076923076922e+04 45 -5.2854017458988299e-13 46 -7.1296980737211766e-30 47 6.0409607408876749e-30 48 1.3461538461538450e+04 49 -2.6923076923076937e+04 50 2.6923076923076922e+04 51 6.7551384343343551e-13 -1
37 1.5967948717948719e+05 16 -3.9744715455266755e-13 17 -7.1771160443339343e-13 18 -1.3461538461538452e+04 19 6.7628205128205163e+03 20 -1.2500000000000009e+04 21 6.5470591910828534e-13 22 1.8606576596929312e-12 23 -9.8524363271021642e-14 24 -2.6923076923076933e+04 25 5.4775641025641031e+04 26 -9.6153846153847098e+02 27 6.6779174782520012e-13 28 -1.0340841096140609e-12 29 -6.5521390990013158e-13 30 1.8189894035458565e-12 31 4.0320512820512828e+04 32 -9.0949470177292824e-13 33 1.1257491244412078e-12 34 5.6839179842407936e-13 35 1.5651527008829095e-12 36 -3.6379788070917130e-12 38 -1.8189894035458565e-12 39 2.2048007917333538e-12 40 -1.3535024685375730e-14 41 -8.4744109644951473e-13 42 1.3461538461538450e+04 43 6.7628205128205173e+03 44 1.2500000000000011e+04 45 -1.3558265532226424e-13 46 -9.8398316926490602e-13 47 7.5373827317115152e-13 48 2.6923076923076937e+04 49 5.4775641025641024e+04 50 9.6153846153847280e+02 51 -7.6731706219703140e-14 -1
38 2.1467948717948719e+05 16 -7.1771160443339434e-13 17 1.4710962606808870e-12 18 -2.6923076923076929e+04 19 -1.2499999999999989e+04 20 -3.2371794871794818e+03 21 1.3094118382165711e-12 22 9.8524363271021478e-14 23 -1.8792142445330939e-12 24 2.6923076923076922e+04 25 9.6153846153847189e+02 26 5.0352564102564094e+04 27 2.3977264618224576e-12 28 -4.9429808877654363e-14 29 8.0401748750854747e-12 30 -1.0769230769230766e+05 31 9.0949470177292824e-13 32 1.4166666666666672e+04 33 3.1269500353482198e-12 34 1.0893598557151153e-12 35 -7.6789083028724504e-12 36 1.0769230769230769e+05 37 -1.8189894035458565e-12 39 7.5603063355352623e-12 40 -1.4279737767173028e-13 41 2.1944129053557455e-12 42 -2.6923076923076929e+04 43 1.2499999999999987e+04 44 -3.2371794871794818e+03 45 8.5362879416915558e-13 46 -2.7794542800335748e-13 47 -2.1475614937165630e-12 48 2.6923076923076918e+04 49 -9.6153846153847167e+02 50 5.0352564102564094e+04 51 1.8618456120115455e-12 -1
39 5.1282051282051281e+05 16 -2.4519230769230766e+04 17 -4.9038461538461539e+04 18 -6.8019663975367927e-13 19 -6.5470591910828614e-13 20 -1.3094118382165715e-12 21 6.8910256410256421e+04 22 -3.6057692307692298e+04 23 4.9038461538461532e+04 24 2.7207865590147163e-13 25 -6.6779174782520012e-13 26 2.3977264618224580e-12 27 1.3012820512820514e+05 28 0.0000000000000000e+00 29 -1.4423076923076919e+05 30 -2.0562070564740980e-12 31 9.5411096923371387e-13 32 -3.2070478411117146e-12 33 2.1987179487179493e+05 34 0.0000000000000000e+00 35 1.4423076923076925e+05 36 2.3173513714827533e-12 37 2.2048007917333538e-12 38 7.5603063355352623e-12 40 2.4519230769230766e+04 41 -4.9038461538461532e+04 42 -5.2854017458988299e-13 43 3.0722081052975655e-13 44 -7.7353098840565877e-13 45 6.8910256410256421e+04 46 3.6057692307692298e+04 47 4.9038461538461524e+04 48 6.7551384343343551e-13 49 7.6731706219703039e-14 50 1.8618456120115451e-12 51 1.3012820512820511e+05 -1
40 1.7067307692307694e+05 28 -4.5673076923076806e+03 29 -1.0096153846153844e+04 30 5.5426464989129665e-30 31 1.3236809450910382e-13 32 4.9094554393367229e-14 33 3.6057692307692305e+04 34 -6.6105769230769220e+04 35 5.0480769230769234e+04 36 -5.5446110156656446e-30 37 -1.3535024685375730e-14 38 -1.4279737767173028e-13 39 2.4519230769230766e+04 41 0.0000000000000000e+00 42 9.8459111728216827e-30 43 -5.4795946534993146e-13 44 8.6050898210512356e-13 45 7.2759576141834259e-12 46 -2.9326923076923071e+04 47 9.0949470177292824e-12 48 -8.4750829049248499e-30 49 -1.0340841096140613e-12 50 4.9429808877654073e-14 51 0.0000000000000000e+00 52 -4.5673076923076896e+03 53 1.0096153846153837e+04 54 -1.5395661429482345e-30 55 1.8606576596929308e-12 56 -9.8524363271020595e-14 57 -3.6057692307692305e+04 58 -6.6105769230769249e+04 59 -5.0480769230769234e+04 60 1.7070239180408346e-31 61 -3.9744715455266649e-13 62 -7.1771160443339394e-13 63 -2.4519230769230766e+04 -1
41 3.7980769230769231e+05 28 1.0096153846153844e+04 29 9.2788461538461561e+04 30 2.7797396411898852e-30 31 -3.5324924435366863e-13 32 -2.1475614937165647e-12 33 -4.9038461538461546e+04 34 5.0480769230769227e+04 35 -1.1298076923076922e+05 36 -2.7813293624355583e-30 37 -8.4744109644951473e-13 38 2.1944129053557455e-12 39 -4.9038461538461532e+04 40 0.0000000000000000e+00 42 1.1851268838715571e-29 43 1.1646636720654246e-12 44 -7.6789083028724488e-12 45 -1.4423076923076919e+05 46 5.4569682106375694e-12 47 -3.3942307692307699e+05 48 -1.1851268838715560e-29 49 6.5521390990013118e-13 50 8.0401748750854747e-12 51 -1.4423076923076922e+05 52 -1.0096153846153851e+04 53 9.2788461538461561e+04 54 3.7988110061539195e-31 55 9.8524363271020910e-14 56 -1.8792142445330947e-12 57 -4.9038461538461546e+04 58 -5.0480769230769227e+04 59 -1.1298076923076926e+05 60 -3.7829137936972923e-31 61 -7.1771160443339353e-13 62 1.4710962606808876e-12 63 -4.9038461538461539e+04 -1
42 1.3461538461538462e+05 28 2.3197782150733495e-30 29 4.0397495589033238e-30 30 1.3461538461538474e+04 31 2.6923076923076907e+04 32 -2.6923076923076929e+04 33 4.7526932902469369e-13 34 -3.8154572672364050e-30 35 -1.9840267688006601e-30 36 -3.3653846153846156e+04 37 1.3461538461538450e+04 38 -2.6923076923076929e+04 39 -5.2854017458988299e-13 40 9.8459111728216827e-30 41 1.1851268838715571e-29 43 -2.1827872842550278e-11 44 -1.0769230769230767e+05 45 2.5175958858914949e-12 46 6.3887482849771909e-30 47 -1.3906991628818237e-29 48 -9.4230769230769220e+04 49 -1.4551915228366852e-11 50 -1.0769230769230767e+05 51 -2.0562070564740980e-12 52 -8.0542438076896992e-30 53 1.0167692261346978e-29 54 1.3461538461538468e+04 55 -2.6923076923076929e+04 56 -2.6923076923076929e+04 57 2.7207865590147183e-13 58 -6.6847365979461203e-30 59 -1.0167692261346979e-29 60 -3.3653846153846163e+04 61 -1.3461538461538465e+04 62 -2.6923076923076929e+04 63 -6.8019663975367948e-13 -1
43 1.5967948717948713e+05 28 1.3236809450910384e-13 29 3.5324924435366868e-13 30 -2.6923076923076907e+04 31 5.4775641025641024e+04 32 9.6153846153845143e+02 33 3.0558257982969299e-13 34 -6.5026471247623551e-14 35 -4.4695206763203169e-13 36 -1.3461538461538472e+04 37 6.7628205128205173e+03 38 1.2499999999999987e+04 39 3.0722081052975655e-13 40 -5.4795946534993146e-13 41 1.1646636720654246e-12 42 -2.1827872842550278e-11 44 1.2732925824820995e-11 45 -1.1749718604883945e-12 46 -9.8259266305181336e-13 47 -2.5472488108264702e-13 48 1.4551915228366852e-11 49 4.0320512820512828e+04 50 1.4551915228366852e-11 51 -9.5411096923371387e-13 52 1.8606576596929308e-12 53 -9.8524363271020494e-14 54 2.6923076923076907e+04 55 5.4775641025641031e+04 56 -9.6153846153844847e+02 57 -6.6779174782520154e-13 58 -3.9744715455266649e-13 59 -7.1771160443339414e-13 60 1.3461538461538476e+04 61 6.7628205128205145e+03 62 -1.2499999999999985e+04 63 -6.5470591910828574e-13 -1
44 2.1467948717948716e+05 28 -4.9094554393367241e-14 29 -2.1475614937165647e-12 30 -2.6923076923076929e+04 31 -9.6153846153845188e+02 32 5.0352564102564109e+04 33 -1.9419434177750427e-12 34 -3.7164825128172059e-13 35 2.1944129053557455e-12 36 2.6923076923076922e+04 37 1.2500000000000011e+04 38 -3.2371794871794818e+03 39 -7.7353098840565877e-13 40 8.6050898210512356e-13 41 -7.6789083028724488e-12 42 -1.0769230769230767e+05 43 1.2732925824820995e-11 45 -7.4802085297717655e-12 46 1.7942106473233673e-13 47 8.0401748750854747e-12 48 1.0769230769230769e+05 49 1.5461409930139780e-11 50 1.4166666666666682e+04 51 -3.2070478411117154e-12 52 9.8524363271021037e-14 53 -1.8792142445330947e-12 54 -2.6923076923076922e+04 55 9.6153846153846371e+02 56 5.0352564102564109e+04 57 -2.3977264618224588e-12 58 -7.1771160443339353e-13 59 1.4710962606808876e-12 60 2.6923076923076926e+04 61 -1.2499999999999996e+04 62 -3.2371794871794909e+03 63 -1.3094118382165721e-12 -1
45 5.1282051282051293e+05 28 -3.6057692307692305e+04 29 -4.9038461538461546e+04 30 4.7526932902469369e-13 31 -3.0558257982969299e-13 32 -1.9419434177750427e-12 33 1.3012820512820517e+05 34 -2.4519230769230770e+04 35 4.9038461538461539e+04 36 -5.2854017458988299e-13 37 -1.3558265532226424e-13 38 8.5362879416915558e-13 39 6.8910256410256421e+04 40 7.2759576141834259e-12 41 -1.4423076923076919e+05 42 2.5175958858914949e-12 43 -1.1749718604883945e-12 44 -7.4802085297717655e-12 46 3.6379788070917130e-12 47 1.4423076923076922e+05 48 -2.0562070564740980e-12 49 -1.1257491244412078e-12 50 3.1269500353482190e-12 51 2.1987179487179493e+05 52 3.6057692307692305e+04 53 -4.9038461538461532e+04 54 2.7207865590147183e-13 55 6.6779174782520103e-13 56 -2.3977264618224580e-12 57 1.3012820512820514e+05 58 2.4519230769230766e+04 59 4.9038461538461546e+04 60 -6.8019663975367948e-13 61 6.5470591910828544e-13 62 1.3094118382165713e-12 63 6.8910256410256421e+04 -1
46 1.7067307692307694e+05 28 -6.6105769230769234e+04 29 -5.0480769230769227e+04 30 1.8152281933021330e-30 31 -6.5026471247623526e-14 32 3.7164825128172054e-13 33 2.4519230769230770e+04 34 -4.5673076923076896e+03 35 1.0096153846153840e+04 36 -7.1296980737211766e-30 37 -9.8398316926490602e-13 38 -2.7794542800335748e-13 39 3.6057692307692298e+04 40 -2.9326923076923071e+04 41 5.4569682106375694e-12 42 6.3887482849771909e-30 43 -9.8259266305181336e-13 44 1.7942106473233673e-13 45 3.6379788070917130e-12 47 7.2759576141834259e-12 48 -2.4447318769479582e-30 49 5.6839179842408017e-13 50 -1.0893598557151153e-12 51 0.0000000000000000e+00 52 -6.6105769230769220e+04 53 5.0480769230769220e+04 54 -1.7005893320465033e-31 55 -3.9744715455266846e-13 56 7.1771160443339404e-13 57 -2.4519230769230766e+04 58 -4.5673076923076833e+03 59 -1.0096153846153848e+04 60 1.5405124055944589e-30 61 1.8606576596929308e-12 62 9.8524363271021466e-14 63 -3.6057692307692298e+04 -1
47 3.7980769230769237e+05 28 -5.0480769230769234e+04 29 -1.1298076923076922e+05 30 -6.0393710196420008e-30 31 4.4695206763203169e-13 32 2.1944129053557455e-12 33 4.9038461538461539e+04 34 -1.0096153846153840e+04 35 9.2788461538461517e+04 36 6.0409607408876749e-30 37 7.5373827317115152e-13 38 -2.1475614937165630e-12 39 4.9038461538461524e+04 40 9.0949470177292824e-12 41 -3.3942307692307699e+05 42 -1.3906991628818237e-29 43 -2.5472488108264702e-13 44 8.0401748750854747e-12 45 1.4423076923076922e+05 46 7.2759576141834259e-12 48 1.3906991628818226e-29 49 -1.5651527008829095e-12 50 -7.6789083028724488e-12 51 1.4423076923076919e+05 52 5.0480769230769220e+04 53 -1.1298076923076921e+05 54 -3.7988110061539265e-31 55 7.1771160443339444e-13 56 1.4710962606808864e-12 57 4.9038461538461532e+04 58 1.0096153846153837e+04 59 9.2788461538461532e+04 60 3.7829137936973063e-31 61 -9.8524363271021100e-14 62 -1.8792142445330943e-12 63 4.9038461538461524e+04 -1
48 1.3461538461538462e+05 28 -2.3217427318260248e-30 29 -4.0381598376576483e-30 30 -3.3653846153846156e+04 31 1.3461538461538472e+04 32 2.6923076923076918e+04 33 -5.2854017458988299e-13 34 -1.4990126131826384e-30 35 1.9824370475549863e-30 36 1.3461538461538450e+04 37 2.6923076923076937e+04 38 2.6923076923076918e+04 39 6.7551384343343551e-13 40 -8.4750829049248499e-30 41 -1.1851268838715560e-29 42 -9.4230769230769220e+04 43 1.4551915228366852e-11 44 1.0769230769230769e+05 45 -2.0562070564740980e-12 46 -2.4447318769479582e-30 47 1.3906991628818226e-29 49 1.8189894035458565e-11 50 1.0769230769230769e+05 51 2.3173513714827529e-12 52 6.6853800565455459e-30 53 -1.0169281982592649e-29 54 -3.3653846153846142e+04 55 -1.3461538461538457e+04 56 2.6923076923076918e+04 57 -6.8019663975367917e-13 58 8.0551900703359252e-30 59 1.0169281982592649e-29 60 1.3461538461538457e+04 61 -2.6923076923076918e+04 62 2.6923076923076915e+04 63 2.7207865590147163e-13 -1
49 1.5967948717948719e+05 28 -1.3535024685375713e-14 29 8.4744109644951463e-13 30 -1.3461538461538450e+04 31 6.7628205128205154e+03 32 -1.2500000000000011e+04 33 1.3558265532226424e-13 34 -9.8398316926490602e-13 35 -7.5373827317115152e-13 36 -2.6923076923076937e+04 37 5.4775641025641024e+04 38 -9.6153846153847167e+02 39 7.6731706219703039e-14 40 -1.0340841096140613e-12 41 6.5521390990013118e-13 42 -1.4551915228366852e-11 43 4.0320512820512828e+04 44 1.5461409930139780e-11 45 -1.1257491244412078e-12 46 5.6839179842408017e-13 47 -1.5651527008829095e-12 48 1.8189894035458565e-11 50 1.6370904631912708e-11 51 -2.2048007917333530e-12 52 -3.9744715455266851e-13 53 7.1771160443339384e-13 54 1.3461538461538448e+04 55 6.7628205128205209e+03 56 1.2500000000000009e+04 57 -6.5470591910828574e-13 58 1.8606576596929308e-12 59 9.8524363271021668e-14 60 2.6923076923076937e+04 61 5.4775641025641031e+04 62 9.6153846153847371e+02 63 -6.6779174782520033e-13 -1
50 2.1467948717948716e+05 28 1.4279737767173028e-13 29 2.1944129053557455e-12 30 -2.6923076923076929e+04 31 -1.2499999999999987e+04 32 -3.2371794871794823e+03 33 8.5362879416915568e-13 34 2.7794542800335748e-13 35 -2.1475614937165630e-12 36 2.6923076923076922e+04 37 9.6153846153847280e+02 38 5.0352564102564094e+04 39 1.8618456120115451e-12 40 4.9429808877654073e-14 41 8.0401748750854747e-12 42 -1.0769230769230767e+05 43 1.4551915228366852e-11 44 1.4166666666666682e+04 45 3.1269500353482190e-12 46 -1.0893598557151153e-12 47 -7.6789083028724488e-12 48 1.0769230769230769e+05 49 1.6370904631912708e-11 51 7.5603063355352623e-12 52 7.1771160443339434e-13 53 1.4710962606808864e-12 54 -2.6923076923076922e+04 55 1.2500000000000000e+04 56 -3.2371794871794718e+03 57 1.3094118382165711e-12 58 -9.8524363271021049e-14 59 -1.8792142445330943e-12 60 2.6923076923076926e+04 61 -9.6153846153845961e+02 62 5.0352564102564094e+04 63 2.3977264618224584e-12 -1
51 5.1282051282051281e+05 28 -2.4519230769230766e+04 29 -4.9038461538461532e+04 30 -5.2854017458988299e-13 31 -3.0722081052975670e-13 32 -7.7353098840565897e-13 33 6.8910256410256421e+04 34 -3.6057692307692298e+04 35 4.9038461538461532e+04 36 6.7551384343343551e-13 37 -7.6731706219703140e-14 38 1.8618456120115455e-12 39 1.3012820512820511e+05 40 0.0000000000000000e+00 41 -1.4423076923076922e+05 42 -2.0562070564740980e-12 43 -9.5411096923371387e-13 44 -3.2070478411117154e-12 45 2.1987179487179493e+05 46 0.0000000000000000e+00 47 1.4423076923076919e+05 48 2.3173513714827529e-12 49 -2.2048007917333530e-12 50 7.5603063355352623e-12 52 2.4519230769230766e+04 53 -4.9038461538461532e+04 54 -6.8019663975367917e-13 55 6.5470591910828614e-13 56 -1.3094118382165713e-12 57 6.8910256410256436e+04 58 3.6057692307692298e+04 59 4.9038461538461532e+04 60 2.7207865590147163e-13 61 6.6779174782520073e-13 62 2.3977264618224576e-12 63 1.3012820512820514e+05 -1
52 8.5336538461538468e+04 40 -4.5673076923076896e+03 41 -1.0096153846153851e+04 42 -8.0542438076896992e-30 43 1.8606576596929308e-12 44 9.8524363271021037e-14 45 3.6057692307692305e+04 46 -6.6105769230769220e+04 47 5.0480769230769220e+04 48 6.6853800565455459e-30 49 -3.9744715455266851e-13 50 7.1771160443339434e-13 51 2.4519230769230766e+04 53 -5.0480769230769220e+04 54 1.5395661429482344e-30 55 -2.2818572428409978e-13 56 -7.1771160443339414e-13 57 3.6057692307692305e+04 58 -1.4663461538461532e+04 59 1.0096153846153848e+04 60 -1.7070239180408265e-31 61 -1.2350247808561627e-12 62 -9.8524363271021302e-14 63 2.4519230769230766e+04 -1
53 1.8990384615384610e+05 40 1.0096153846153837e+04 41 9.2788461538461561e+04 42 1.0167692261346978e-29 43 -9.8524363271020494e-14 44 -1.8792142445330947e-12 45 -4.9038461538461532e+04 46 5.0480769230769220e+04 47 -1.1298076923076921e+05 48 -1.0169281982592649e-29 49 7.1771160443339384e-13 50 1.4710962606808864e-12 51 -4.9038461538461532e+04 52 -5.0480769230769220e+04 54 -3.7991312529211508e-30 55 -7.1771160443339394e-13 56 -3.9736277760279583e-12 57 -7.2115384615384595e+04 58 -1.0096153846153840e+04 59 -1.6971153846153850e+05 60 3.8007209741668235e-30 61 9.8524363271020620e-14 62 4.3817457598801667e-12 63 -7.2115384615384595e+04 -1
54 6.7307692307692283e+04 40 -1.5395661429482345e-30 41 3.7988110061539195e-31 42 1.3461538461538468e+04 43 2.6923076923076907e+04 44 -2.6923076923076922e+04 45 2.7207865590147183e-13 46 -1.7005893320465033e-31 47 -3.7988110061539265e-31 48 -3.3653846153846142e+04 49 1.3461538461538448e+04 50 -2.6923076923076922e+04 51 -6.8019663975367917e-13 52 1.5395661429482344e-30 53 -3.7991312529211508e-30 55 2.6923076923076907e+04 56 -5.3846153846153829e+04 57 1.3603932795073581e-12 58 1.7005893320465142e-31 59 3.7991312529211543e-30 60 -4.7115384615384610e+04 61 1.3461538461538448e+04 62 -5.3846153846153829e+04 63 -9.5227529565515080e-13 -1
55 7.9839743589743579e+04 40 1.8606576596929308e-12 41 9.8524363271020910e-14 42 -2.6923076923076929e+04 43 5.4775641025641031e+04 44 9.6153846153846371e+02 45 6.6779174782520103e-13 46 -3.9744715455266846e-13 47 7.1771160443339444e-13 48 -1.3461538461538457e+04 49 6.7628205128205209e+03 50 1.2500000000000000e+04 51 6.5470591910828614e-13 52 -2.2818572428409978e-13 53 -7.1771160443339394e-13 54 2.6923076923076907e+04 56 -1.2499999999999982e+04 57 1.7561063714310870e-12 58 -1.2350247808561627e-12 59 -9.8524363271021504e-14 60 1.3461538461538476e+04 61 2.0160256410256414e+04 62 -9.6153846153844506e+02 63 1.1988632309112292e-12 -1
56 1.0733974358974358e+05 40 -9.8524363271020595e-14 41 -1.8792142445330947e-12 42 -2.6923076923076929e+04 43 -9.6153846153844847e+02 44 5.0352564102564109e+04 45 -2.3977264618224580e-12 46 7.1771160443339404e-13 47 1.4710962606808864e-12 48 2.6923076923076918e+04 49 1.2500000000000009e+04 50 -3.2371794871794718e+03 51 -1.3094118382165713e-12 52 -7.1771160443339414e-13 53 -3.9736277760279583e-12 54 -5.3846153846153829e+04 55 -1.2499999999999982e+04 57 -3.5122127428621749e-12 58 9.8524363271020645e-14 59 4.3817457598801667e-12 60 5.3846153846153844e+04 61 9.6153846153847712e+02 62 7.0833333333333321e+03 63 -1.3355834956504015e-12 -1
57 2.5641025641025644e+05 40 -3.6057692307692305e+04 41 -4.9038461538461546e+04 42 2.7207865590147183e-13 43 -6.6779174782520154e-13 44 -2.3977264618224588e-12 45 1.3012820512820514e+05 46 -2.4519230769230766e+04 47 4.9038461538461532e+04 48 -6.8019663975367917e-13 49 -6.5470591910828574e-13 50 1.3094118382165711e-12 51 6.8910256410256436e+04 52 3.6057692307692305e+04 53 -7.2115384615384595e+04 54 1.3603932795073581e-12 55 1.7561063714310870e-12 56 -3.5122127428621749e-12 58 2.4519230769230766e+04 59 7.2115384615384610e+04 60 -9.5227529565515080e-13 61 1.1988632309112292e-12 62 1.3355834956504023e-12 63 1.0993589743589747e+05 -1
58 8.5336538461538468e+04 40 -6.6105769230769249e+04 41 -5.0480769230769227e+04 42 -6.6847365979461203e-30 43 -3.9744715455266649e-13 44 -7.1771160443339353e-13 45 2.4519230769230766e+04 46 -4.5673076923076833e+03 47 1.0096153846153837e+04 48 8.0551900703359252e-30 49 1.8606576596929308e-12 50 -9.8524363271021049e-14 51 3.6057692307692298e+04 52 -1.4663461538461532e+04 53 -1.0096153846153840e+04 54 1.7005893320465142e-31 55 -1.2350247808561627e-12 56 9.8524363271020645e-14 57 2.4519230769230766e+04 59 5.0480769230769234e+04 60 -1.5405124055944590e-30 61 -2.2818572428410155e-13 62 7.1771160443339414e-13 63 3.6057692307692298e+04 -1
59 1.8990384615384619e+05 40 -5.0480769230769234e+04 41 -1.1298076923076926e+05 42 -1.0167692261346979e-29 43 -7.1771160443339414e-13 44 1.4710962606808876e-12 45 4.9038461538461546e+04 46 -1.0096153846153848e+04 47 9.2788461538461532e+04 48 1.0169281982592649e-29 49 9.8524363271021668e-14 50 -1.8792142445330943e-12 51 4.9038461538461532e+04 52 1.0096153846153848e+04 53 -1.6971153846153850e+05 54 3.7991312529211543e-30 55 -9.8524363271021504e-14 56 4.3817457598801667e-12 57 7.2115384615384610e+04 58 5.0480769230769234e+04 60 -3.8007209741668256e-30 61 7.1771160443339404e-13 62 -3.9736277760279608e-12 63 7.2115384615384624e+04 -1
60 6.7307692307692312e+04 40 1.7070239180408346e-31 41 -3.7829137936972923e-31 42 -3.3653846153846163e+04 43 1.3461538461538476e+04 44 2.6923076923076926e+04 45 -6.8019663975367948e-13 46 1.5405124055944589e-30 47 3.7829137936973063e-31 48 1.3461538461538457e+04 49 2.6923076923076937e+04 50 2.6923076923076926e+04 51 2.7207865590147163e-13 52 -1.7070239180408265e-31 53 3.8007209741668235e-30 54 -4.7115384615384610e+04 55 1.3461538461538476e+04 56 5.3846153846153844e+04 57 -9.5227529565515080e-13 58 -1.5405124055944590e-30 59 -3.8007209741668256e-30 61 2.6923076923076937e+04 62 5.3846153846153844e+04 63 1.3603932795073588e-12 -1
61 7.9839743589743593e+04 40 -3.9744715455266649e-13 41 -7.1771160443339353e-13 42 -1.3461538461538465e+04 43 6.7628205128205145e+03 44 -1.2499999999999996e+04 45 6.5470591910828544e-13 46 1.8606576596929308e-12 47 -9.8524363271021100e-14 48 -2.6923076923076918e+04 49 5.4775641025641031e+04 50 -9.6153846153845961e+02 51 6.6779174782520073e-13 52 -1.2350247808561627e-12 53 9.8524363271020620e-14 54 1.3461538461538448e+04 55 2.0160256410256414e+04 56 9.6153846153847712e+02 57 1.1988632309112292e-12 58 -2.2818572428410155e-13 59 7.1771160443339404e-13 60 2.6923076923076937e+04 62 1.2500000000000016e+04 63 1.7561063714310881e-12 -1
62 1.0733974358974359e+05 40 -7.1771160443339394e-13 41 1.4710962606808876e-12 42 -2.6923076923076929e+04 43 -1.2499999999999985e+04 44 -3.2371794871794909e+03 45 1.3094118382165713e-12 46 9.8524363271021466e-14 47 -1.8792142445330943e-12 48 2.6923076923076915e+04 49 9.6153846153847371e+02 50 5.0352564102564094e+04 51 2.3977264618224576e-12 52 -9.8524363271021302e-14 53 4.3817457598801667e-12 54 -5.3846153846153829e+04 55 -9.6153846153844506e+02 56 7.0833333333333321e+03 57 1.3355834956504023e-12 58 7.1771160443339414e-13 59 -3.9736277760279608e-12 60 5.3846153846153844e+04 61 1.2500000000000016e+04 63 3.5122127428621757e-12 -1
63 2.5641025641025644e+05 40 -2.4519230769230766e+04 41 -4.9038461538461539e+04 42 -6.8019663975367948e-13 43 -6.5470591910828574e-13 44 -1.3094118382165721e-12 45 6.8910256410256421e+04 46 -3.6057692307692298e+04 47 4.9038461538461524e+04 48 2.7207865590147163e-13 49 -6.6779174782520033e-13 50 2.3977264618224584e-12 51 1.3012820512820514e+05 52 2.4519230769230766e+04 53 -7.2115384615384595e+04 54 -9.5227529565515080e-13 55 1.1988632309112292e-12 56 -1.3355834956504015e-12 57 1.0993589743589747e+05 58 3.6057692307692298e+04 59 7.2115384615384624e+04 60 1.3603932795073588e-12 61 1.7561063714310881e-12 62 3.5122127428621757e-12 -1
