64
0 0.0000000000000000e+00 -1
1 0.0000000000000000e+00 -1
2 0.0000000000000000e+00 -1
3 0.0000000000000000e+00 -1
4 5.0000000000000000e-01 -1
5 -3.0000000000000000e+00 -1
6 0.0000000000000000e+00 -1
7 -0.0000000000000000e+00 -1
8 0.0000000000000000e+00 -1
9 0.0000000000000000e+00 -1
10 -5.0000000000000000e-01 -1
11 -3.0000000000000000e+00 -1
12 0.0000000000000000e+00 -1
13 -0.0000000000000000e+00 -1
14 0.0000000000000000e+00 -1
15 0.0000000000000000e+00 -1
16 5.0000000000000000e-01 -1
17 -1.0000000000000000e+00 -1
18 0.0000000000000000e+00 -1
19 -0.0000000000000000e+00 -1
20 0.0000000000000000e+00 -1
21 0.0000000000000000e+00 -1
22 -5.0000000000000000e-01 -1
23 -1.0000000000000000e+00 -1
24 0.0000000000000000e+00 -1
25 -0.0000000000000000e+00 -1
26 0.0000000000000000e+00 -1
27 0.0000000000000000e+00 -1
28 5.0000000000000000e-01 -1
29 1.0000000000000000e+00 -1
30 0.0000000000000000e+00 -1
31 -0.0000000000000000e+00 -1
32 0.0000000000000000e+00 -1
33 0.0000000000000000e+00 -1
34 -5.0000000000000000e-01 -1
35 1.0000000000000000e+00 -1
36 0.0000000000000000e+00 -1
37 -0.0000000000000000e+00 -1
38 0.0000000000000000e+00 -1
39 0.0000000000000000e+00 -1
40 5.0000000000000000e-01 -1
41 3.0000000000000000e+00 -1
42 0.0000000000000000e+00 -1
43 -0.0000000000000000e+00 -1
44 0.0000000000000000e+00 -1
45 0.0000000000000000e+00 -1
46 -5.0000000000000000e-01 -1
47 3.0000000000000000e+00 -1
48 0.0000000000000000e+00 -1
49 -0.0000000000000000e+00 -1
50 0.0000000000000000e+00 -1
51 0.0000000000000000e+00 -1
52 5.0000000000000000e-01 -1
53 5.0000000000000000e+00 -1
54 0.0000000000000000e+00 -1
55 -0.0000000000000000e+00 -1
56 0.0000000000000000e+00 -1
57 0.0000000000000000e+00 -1
58 -5.0000000000000000e-01 -1
59 5.0000000000000000e+00 -1
60 0.0000000000000000e+00 -1
61 -0.0000000000000000e+00 -1
62 0.0000000000000000e+00 -1
63 0.0000000000000000e+00 -1
