64
0 -2.5000000000000000e-01 -1
1 0.0000000000000000e+00 -1
2 -2.5000000000000000e-01 -1
3 0.0000000000000000e+00 -1
4 0.0000000000000000e+00 -1
5 0.0000000000000000e+00 -1
6 -5.0000000000000000e-01 -1
7 0.0000000000000000e+00 -1
8 -2.5000000000000000e-01 -1
9 0.0000000000000000e+00 -1
10 0.0000000000000000e+00 -1
11 0.0000000000000000e+00 -1
12 5.0000000000000000e-01 -1
13 0.0000000000000000e+00 -1
14 -2.5000000000000000e-01 -1
15 0.0000000000000000e+00 -1
16 0.0000000000000000e+00 -1
17 0.0000000000000000e+00 -1
18 -5.0000000000000000e-01 -1
19 0.0000000000000000e+00 -1
20 -2.5000000000000000e-01 -1
21 0.0000000000000000e+00 -1
22 0.0000000000000000e+00 -1
23 0.0000000000000000e+00 -1
24 5.0000000000000000e-01 -1
25 0.0000000000000000e+00 -1
26 -2.5000000000000000e-01 -1
27 0.0000000000000000e+00 -1
28 0.0000000000000000e+00 -1
29 0.0000000000000000e+00 -1
30 -5.0000000000000000e-01 -1
31 0.0000000000000000e+00 -1
32 -2.5000000000000000e-01 -1
33 0.0000000000000000e+00 -1
34 0.0000000000000000e+00 -1
35 0.0000000000000000e+00 -1
36 5.0000000000000000e-01 -1
37 0.0000000000000000e+00 -1
38 -2.5000000000000000e-01 -1
39 0.0000000000000000e+00 -1
40 0.0000000000000000e+00 -1
41 0.0000000000000000e+00 -1
42 -5.0000000000000000e-01 -1
43 0.0000000000000000e+00 -1
44 -2.5000000000000000e-01 -1
45 0.0000000000000000e+00 -1
46 0.0000000000000000e+00 -1
47 0.0000000000000000e+00 -1
48 5.0000000000000000e-01 -1
49 0.0000000000000000e+00 -1
50 -2.5000000000000000e-01 -1
51 0.0000000000000000e+00 -1
52 0.0000000000000000e+00 -1
53 0.0000000000000000e+00 -1
54 -5.0000000000000000e-01 -1
55 0.0000000000000000e+00 -1
56 -2.5000000000000000e-01 -1
57 0.0000000000000000e+00 -1
58 0.0000000000000000e+00 -1
59 0.0000000000000000e+00 -1
60 5.0000000000000000e-01 -1
61 0.0000000000000000e+00 -1
62 -2.5000000000000000e-01 -1
63 0.0000000000000000e+00 -1
