12
2    0 4    1 5 
2    2 4    3 5 
6    4 0    5 1    6 2    7 3    8 4    9 5 
6    10 0    11 1    12 2    13 3    14 4    15 5 
6    16 0    17 1    18 2    19 3    20 4    21 5 
6    22 0    23 1    24 2    25 3    26 4    27 5 
6    28 0    29 1    30 2    31 3    32 4    33 5 
6    34 0    35 1    36 2    37 3    38 4    39 5 
6    40 0    41 1    42 2    43 3    44 4    45 5 
6    46 0    47 1    48 2    49 3    50 4    51 5 
6    52 0    53 1    54 2    55 3    56 4    57 5 
6    58 0    59 1    60 2    61 3    62 4    63 5 
