27
0
8
20
38
50
62
80
107
125
133
145
157
175
187
195
213
225
233
245
253
265
283
295
303
315
327
335
343
0
1
2
3
4
5
6
7
0
1
2
3
4
5
6
7
8
9
10
11
0
1
2
3
4
5
6
7
8
9
10
11
12
13
14
15
16
17
0
1
2
3
4
5
6
7
12
13
14
15
0
1
2
3
4
5
6
7
18
19
20
21
0
1
2
3
4
5
6
7
8
9
10
11
18
19
20
21
22
23
0
1
2
3
4
5
6
7
8
9
10
11
12
13
14
15
16
17
18
19
20
21
22
23
24
25
26
0
1
2
3
4
5
6
7
12
13
14
15
18
19
20
21
24
25
1
2
5
6
8
9
10
11
1
2
5
6
8
9
10
11
12
14
16
17
1
2
5
6
8
9
10
11
19
20
22
23
1
2
5
6
8
9
10
11
12
14
16
17
19
20
22
23
24
26
2
3
6
7
9
11
12
13
14
15
16
17
2
3
6
7
12
13
14
15
2
3
6
7
9
11
12
13
14
15
16
17
20
21
23
24
25
26
2
3
6
7
12
13
14
15
20
21
24
25
2
6
9
11
12
14
16
17
2
6
9
11
12
14
16
17
20
23
24
26
4
5
6
7
18
19
20
21
4
5
6
7
10
11
18
19
20
21
22
23
4
5
6
7
10
11
14
15
17
18
19
20
21
22
23
24
25
26
4
5
6
7
14
15
18
19
20
21
24
25
5
6
10
11
19
20
22
23
5
6
10
11
14
17
19
20
22
23
24
26
6
7
11
14
15
17
20
21
23
24
25
26
6
7
14
15
20
21
24
25
6
11
14
17
20
23
24
26
