./tsploops < in

          Description               Sparse Column       Sparse Row
 Data Set    Dim     # entries     V1 MFLP V2 MFLP   V1 MFLP V2 MFLP   Max Err NRHS
 -------- --------- ------------   ------- -------   ------- -------   -------- ----
 DIE3D         9873      1733371     45.92   70.04     50.61   77.04   0.18E-09    1
 DIE3D         9873      1733371     82.54  112.74     86.13  133.34   0.69E-09    2
 DIE3D         9873      1733371    111.83  142.47    113.66  174.79   0.15E-08    3
 DIE3D         9873      1733371    145.97  163.14    148.31  208.53   0.22E-08    4
 DIE3D         9873      1733371    176.87  176.87    180.56  232.67   0.34E-08    5
 DIE3D         9873      1733371    202.93  187.39    210.11  250.61   0.44E-08    6
 DIE3D         9873      1733371    225.74  195.70    231.12  266.67   0.52E-08    7
 DIE3D         9873      1733371    243.28  201.70    252.13  278.73   0.68E-08    8
 DIE3D         9873      1733371    266.67  205.27    276.11  287.56   0.85E-08    9
 DIE3D         9873      1733371    278.45  208.21    291.32  293.79   0.10E-07   10
 dday01       21180       923006     46.73   67.13     46.15   75.35   0.43E-09    1
 dday01       21180       923006     81.14  107.02     84.87  125.15   0.12E-08    2
 dday01       21180       923006    109.66  135.07    113.02  165.31   0.24E-08    3
 dday01       21180       923006    143.38  153.83    147.68  199.57   0.37E-08    4
 dday01       21180       923006    174.15  169.36    179.22  225.12   0.54E-08    5
 dday01       21180       923006    197.79  181.57    208.98  246.13   0.67E-08    6
 dday01       21180       923006    222.80  190.03    230.75  263.72   0.82E-08    7
 dday01       21180       923006    242.10  196.91    256.84  278.64   0.11E-07    8
 dday01       21180       923006    267.97  202.61    279.23  291.48   0.13E-07    9
 dday01       21180       923006    279.70  208.59    297.74  300.16   0.16E-07   10
 defrolln      6001       163533     46.72   59.47     46.72   72.68   0.49E-10    1
 defrolln      6001       163533     81.76   93.45     81.77  118.93   0.15E-09    2
 defrolln      6001       163533    109.02  122.65    109.02  150.96   0.26E-09    3
 defrolln      6001       163533    137.71  145.36    137.72  186.89   0.47E-09    4
 defrolln      6001       163533    163.54  148.67    172.14  204.41   0.64E-09    5
 defrolln      6001       163533    186.90  163.53    196.24  218.04   0.78E-09    6
 defrolln      6001       163533    199.09  147.71    208.13  240.99   0.11E-08    7
 defrolln      6001       163533    209.32  180.45    227.53  261.65   0.13E-08    8
 defrolln      6001       163533    245.29  183.97    255.97  255.96   0.16E-08    9
 defrolln      6001       163533    242.27  192.39    261.65  272.55   0.18E-08   10
