./tsploops < in

          Description               Sparse Column       Sparse Row
 Data Set    Dim     # entries     V1 MFLP V2 MFLP   V1 MFLP V2 MFLP   Max Err NRHS
 -------- --------- ------------   ------- -------   ------- -------   -------- ----
  Error from SCSCRD:            2 for dday01
  Error reading file
 defrolln      6001       163533      9.13   10.95      8.58   10.70   0.00E+00    1
 defrolln      6001       163533     17.33   19.27     15.72   19.47   0.00E+00    2
 defrolln      6001       163533     23.92   24.07     21.86   25.46   0.00E+00    3
 defrolln      6001       163533     28.74   28.24     26.91   32.02   0.00E+00    4
 defrolln      6001       163533     33.21   30.63     32.26   35.48   0.00E+00    5
 defrolln      6001       163533     36.75   33.44     37.01   40.27   0.00E+00    6
 defrolln      6001       163533     39.91   34.74     40.06   42.44   0.00E+00    7
 defrolln      6001       163533     41.55   36.55     44.20   46.41   0.00E+00    8
 defrolln      6001       163533     44.87   48.15     47.61   46.86   0.00E+00    9
 defrolln      6001       163533     47.35   46.98     50.50   56.72   0.00E+00   10
 FIDAP035     19716       218308      7.69    9.24      6.92    9.43   0.00E+00    1
 FIDAP035     19716       218308     13.52   15.71     12.01   16.26   0.00E+00    2
 FIDAP035     19716       218308     17.57   18.40     16.37   19.93   0.00E+00    3
 FIDAP035     19716       218308     20.45   21.53     19.06   24.95   0.00E+00    4
 FIDAP035     19716       218308     23.52   22.87     21.71   26.59   0.00E+00    5
 FIDAP035     19716       218308     25.68   24.98     24.55   29.80   0.00E+00    6
 FIDAP035     19716       218308     26.52   25.32     26.06   30.83   0.00E+00    7
 FIDAP035     19716       218308     27.58   26.90     27.83   33.48   0.00E+00    8
 FIDAP035     19716       218308     29.07   31.78     29.16   33.97   0.00E+00    9
 FIDAP035     19716       218308     30.73   31.21     30.68   39.31   0.00E+00   10
