herouxltp.104% ./tsploops <in

          Description               Sparse Column       Sparse Row
 Data Set    Dim     # entries     V1 MFLP V2 MFLP   V1 MFLP V2 MFLP   Max Err NRHS
 -------- --------- ------------   ------- -------   ------- -------   -------- ----
 DIE3D         9873      1733371     25.78   51.74     23.91   52.13   0.18E-09    1
 DIE3D         9873      1733371     42.41   78.34     39.62   88.32   0.69E-09    2
 DIE3D         9873      1733371     56.07   90.44     53.61  110.64   0.15E-08    3
 DIE3D         9873      1733371     77.69   99.40     71.66  126.06   0.22E-08    4
 DIE3D         9873      1733371     87.10  108.34     83.54  138.67   0.34E-08    5
 DIE3D         9873      1733371     92.65  109.76     88.14  144.95   0.44E-08    6
 DIE3D         9873      1733371     97.26  115.83     96.30  152.62   0.52E-08    7
 DIE3D         9873      1733371    116.04  118.02    113.66  155.81   0.68E-08    8
 DIE3D         9873      1733371    118.86  117.96    117.74  161.24   0.85E-08    9
 DIE3D         9873      1733371    120.16  120.79    119.54  161.24   0.10E-07   10
 dday01       21180       923006     26.00   46.73     23.82   50.57   0.43E-09    1
 dday01       21180       923006     40.80   76.12     39.49   86.87   0.12E-08    2
 dday01       21180       923006     56.80   87.21     53.25  111.88   0.24E-08    3
 dday01       21180       923006     74.97   99.11     73.11  120.07   0.37E-08    4
 dday01       21180       923006     87.91  104.29     83.15  131.86   0.54E-08    5
 dday01       21180       923006     88.96  108.59     92.69  144.79   0.67E-08    6
 dday01       21180       923006     98.64  111.88    100.95  145.19   0.82E-08    7
 dday01       21180       923006    117.67  118.62    115.38  159.65   0.11E-07    8
 dday01       21180       923006    119.96  122.16    121.72  168.67   0.13E-07    9
 dday01       21180       923006    123.48  124.73    124.73  170.14   0.16E-07   10
 defrolln      6001       163533     26.17   46.72     24.23   46.72   0.49E-10    1
 defrolln      6001       163533     42.20   59.47     37.38   76.96   0.15E-09    2
 defrolln      6001       163533     54.51   78.50     50.32   98.12   0.26E-09    3
 defrolln      6001       163533     74.76   87.22     62.30  104.66   0.47E-09    4
 defrolln      6001       163533     81.77   90.85     77.87  116.81   0.64E-09    5
 defrolln      6001       163533     87.22   95.73     81.77  126.61   0.78E-09    6
 defrolln      6001       163533     97.42   97.42     91.58  130.83   0.11E-08    7
 defrolln      6001       163533    100.64  102.61    109.02  153.92   0.13E-08    8
 defrolln      6001       163533    111.08  103.28    111.08  147.18   0.16E-08    9
 defrolln      6001       163533    114.76  105.51    116.81  145.36   0.18E-08   10
