./tsploops.exe <in

          Description               Sparse Column       Sparse Row
 Data Set    Dim     # entries     V1 MFLP V2 MFLP   V1 MFLP V2 MFLP   Max Err NRHS
 -------- --------- ------------   ------- -------   ------- -------   -------- ----
 DIE3D         9873      1733371    157.22  209.47    173.34  238.26   0.18E-09    1
 DIE3D         9873      1733371    239.09  282.42    238.67  345.81   0.69E-09    2
 DIE3D         9873      1733371    301.46  324.50    305.44  432.44   0.15E-08    3
 DIE3D         9873      1733371    407.25  346.24    384.66  461.46   0.22E-08    4
 DIE3D         9873      1733371    407.37  349.47    398.02  509.07   0.34E-08    5
 DIE3D         9873      1733371    437.44  374.11    419.79  518.71   0.44E-08    6
 DIE3D         9873      1733371    453.17  381.56    440.82  544.11   0.52E-08    7
 DIE3D         9873      1733371    543.27  376.82    512.64  554.12   0.68E-08    8
 DIE3D         9873      1733371    532.43  387.11    506.50  561.16   0.85E-08    9
 DIE3D         9873      1733371    528.47  391.28    509.07  562.78   0.10E-07   10
 dday01       21180       923006    153.20  205.11    160.52  215.91   0.43E-09    1
 dday01       21180       923006    230.75  273.48    230.03  321.05   0.12E-08    2
 dday01       21180       923006    298.55  325.77    283.27  410.22   0.24E-08    3
 dday01       21180       923006    377.70  328.18    350.78  447.52   0.37E-08    4
 dday01       21180       923006    418.60  347.65    383.79  485.79   0.54E-08    5
 dday01       21180       923006    433.51  351.06    387.95  515.17   0.67E-08    6
 dday01       21180       923006    444.82  353.54    396.99  515.85   0.82E-08    7
 dday01       21180       923006    517.27  359.76    475.62  546.97   0.11E-07    8
 dday01       21180       923006    510.42  356.53    487.93  535.08   0.13E-07    9
 dday01       21180       923006    505.07  358.10    485.16  550.23   0.16E-07   10
 defrolln      6001       163533    163.53  218.05    130.82  211.02   0.49E-10    1
 defrolln      6001       163533    261.66  261.66    218.04  327.06   0.15E-09    2
 defrolln      6001       163533    280.34  327.06    245.31  392.49   0.26E-09    3
 defrolln      6001       163533    373.79  327.06    323.02  436.11   0.47E-09    4
 defrolln      6001       163533    408.82  363.41    327.07  467.24   0.64E-09    5
 defrolln      6001       163533    436.09  327.07    353.58  490.59   0.78E-09    6
 defrolln      6001       163533    416.26  352.23    381.57  508.77   0.11E-08    7
 defrolln      6001       163533    475.73  346.57    436.08  523.31   0.13E-08    8
 defrolln      6001       163533    490.60  346.30    449.40  490.60   0.16E-08    9
 defrolln      6001       163533    503.17  344.28    436.08  499.35   0.18E-08   10
