     #nodes  #regions   #procs   #which case
    2116        9        9       MultipleRegionsPerProc
     nodeID   regionID   procID
       0         0        0
       1         0        0
       2         0        0
       3         0        0
       4         0        0
       5         0        0
       6         0        0
       7         0        0
       8         0        0
       9         0        0
      10         0        0
      11         0        0
      12         0        0
      13         0        0
      14         0        0
      15         0        0
      15         1        1
      16         1        1
      17         1        1
      18         1        1
      19         1        1
      20         1        1
      21         1        1
      22         1        1
      23         1        1
      24         1        1
      25         1        1
      26         1        1
      27         1        1
      28         1        1
      29         1        1
      30         1        1
      30         2        2
      31         2        2
      32         2        2
      33         2        2
      34         2        2
      35         2        2
      36         2        2
      37         2        2
      38         2        2
      39         2        2
      40         2        2
      41         2        2
      42         2        2
      43         2        2
      44         2        2
      45         2        2
      46         0        0
      47         0        0
      48         0        0
      49         0        0
      50         0        0
      51         0        0
      52         0        0
      53         0        0
      54         0        0
      55         0        0
      56         0        0
      57         0        0
      58         0        0
      59         0        0
      60         0        0
      61         0        0
      61         1        1
      62         1        1
      63         1        1
      64         1        1
      65         1        1
      66         1        1
      67         1        1
      68         1        1
      69         1        1
      70         1        1
      71         1        1
      72         1        1
      73         1        1
      74         1        1
      75         1        1
      76         1        1
      76         2        2
      77         2        2
      78         2        2
      79         2        2
      80         2        2
      81         2        2
      82         2        2
      83         2        2
      84         2        2
      85         2        2
      86         2        2
      87         2        2
      88         2        2
      89         2        2
      90         2        2
      91         2        2
      92         0        0
      93         0        0
      94         0        0
      95         0        0
      96         0        0
      97         0        0
      98         0        0
      99         0        0
     100         0        0
     101         0        0
     102         0        0
     103         0        0
     104         0        0
     105         0        0
     106         0        0
     107         0        0
     107         1        1
     108         1        1
     109         1        1
     110         1        1
     111         1        1
     112         1        1
     113         1        1
     114         1        1
     115         1        1
     116         1        1
     117         1        1
     118         1        1
     119         1        1
     120         1        1
     121         1        1
     122         1        1
     122         2        2
     123         2        2
     124         2        2
     125         2        2
     126         2        2
     127         2        2
     128         2        2
     129         2        2
     130         2        2
     131         2        2
     132         2        2
     133         2        2
     134         2        2
     135         2        2
     136         2        2
     137         2        2
     138         0        0
     139         0        0
     140         0        0
     141         0        0
     142         0        0
     143         0        0
     144         0        0
     145         0        0
     146         0        0
     147         0        0
     148         0        0
     149         0        0
     150         0        0
     151         0        0
     152         0        0
     153         0        0
     153         1        1
     154         1        1
     155         1        1
     156         1        1
     157         1        1
     158         1        1
     159         1        1
     160         1        1
     161         1        1
     162         1        1
     163         1        1
     164         1        1
     165         1        1
     166         1        1
     167         1        1
     168         1        1
     168         2        2
     169         2        2
     170         2        2
     171         2        2
     172         2        2
     173         2        2
     174         2        2
     175         2        2
     176         2        2
     177         2        2
     178         2        2
     179         2        2
     180         2        2
     181         2        2
     182         2        2
     183         2        2
     184         0        0
     185         0        0
     186         0        0
     187         0        0
     188         0        0
     189         0        0
     190         0        0
     191         0        0
     192         0        0
     193         0        0
     194         0        0
     195         0        0
     196         0        0
     197         0        0
     198         0        0
     199         0        0
     199         1        1
     200         1        1
     201         1        1
     202         1        1
     203         1        1
     204         1        1
     205         1        1
     206         1        1
     207         1        1
     208         1        1
     209         1        1
     210         1        1
     211         1        1
     212         1        1
     213         1        1
     214         1        1
     214         2        2
     215         2        2
     216         2        2
     217         2        2
     218         2        2
     219         2        2
     220         2        2
     221         2        2
     222         2        2
     223         2        2
     224         2        2
     225         2        2
     226         2        2
     227         2        2
     228         2        2
     229         2        2
     230         0        0
     231         0        0
     232         0        0
     233         0        0
     234         0        0
     235         0        0
     236         0        0
     237         0        0
     238         0        0
     239         0        0
     240         0        0
     241         0        0
     242         0        0
     243         0        0
     244         0        0
     245         0        0
     245         1        1
     246         1        1
     247         1        1
     248         1        1
     249         1        1
     250         1        1
     251         1        1
     252         1        1
     253         1        1
     254         1        1
     255         1        1
     256         1        1
     257         1        1
     258         1        1
     259         1        1
     260         1        1
     260         2        2
     261         2        2
     262         2        2
     263         2        2
     264         2        2
     265         2        2
     266         2        2
     267         2        2
     268         2        2
     269         2        2
     270         2        2
     271         2        2
     272         2        2
     273         2        2
     274         2        2
     275         2        2
     276         0        0
     277         0        0
     278         0        0
     279         0        0
     280         0        0
     281         0        0
     282         0        0
     283         0        0
     284         0        0
     285         0        0
     286         0        0
     287         0        0
     288         0        0
     289         0        0
     290         0        0
     291         0        0
     291         1        1
     292         1        1
     293         1        1
     294         1        1
     295         1        1
     296         1        1
     297         1        1
     298         1        1
     299         1        1
     300         1        1
     301         1        1
     302         1        1
     303         1        1
     304         1        1
     305         1        1
     306         1        1
     306         2        2
     307         2        2
     308         2        2
     309         2        2
     310         2        2
     311         2        2
     312         2        2
     313         2        2
     314         2        2
     315         2        2
     316         2        2
     317         2        2
     318         2        2
     319         2        2
     320         2        2
     321         2        2
     322         0        0
     323         0        0
     324         0        0
     325         0        0
     326         0        0
     327         0        0
     328         0        0
     329         0        0
     330         0        0
     331         0        0
     332         0        0
     333         0        0
     334         0        0
     335         0        0
     336         0        0
     337         0        0
     337         1        1
     338         1        1
     339         1        1
     340         1        1
     341         1        1
     342         1        1
     343         1        1
     344         1        1
     345         1        1
     346         1        1
     347         1        1
     348         1        1
     349         1        1
     350         1        1
     351         1        1
     352         1        1
     352         2        2
     353         2        2
     354         2        2
     355         2        2
     356         2        2
     357         2        2
     358         2        2
     359         2        2
     360         2        2
     361         2        2
     362         2        2
     363         2        2
     364         2        2
     365         2        2
     366         2        2
     367         2        2
     368         0        0
     369         0        0
     370         0        0
     371         0        0
     372         0        0
     373         0        0
     374         0        0
     375         0        0
     376         0        0
     377         0        0
     378         0        0
     379         0        0
     380         0        0
     381         0        0
     382         0        0
     383         0        0
     383         1        1
     384         1        1
     385         1        1
     386         1        1
     387         1        1
     388         1        1
     389         1        1
     390         1        1
     391         1        1
     392         1        1
     393         1        1
     394         1        1
     395         1        1
     396         1        1
     397         1        1
     398         1        1
     398         2        2
     399         2        2
     400         2        2
     401         2        2
     402         2        2
     403         2        2
     404         2        2
     405         2        2
     406         2        2
     407         2        2
     408         2        2
     409         2        2
     410         2        2
     411         2        2
     412         2        2
     413         2        2
     414         0        0
     415         0        0
     416         0        0
     417         0        0
     418         0        0
     419         0        0
     420         0        0
     421         0        0
     422         0        0
     423         0        0
     424         0        0
     425         0        0
     426         0        0
     427         0        0
     428         0        0
     429         0        0
     429         1        1
     430         1        1
     431         1        1
     432         1        1
     433         1        1
     434         1        1
     435         1        1
     436         1        1
     437         1        1
     438         1        1
     439         1        1
     440         1        1
     441         1        1
     442         1        1
     443         1        1
     444         1        1
     444         2        2
     445         2        2
     446         2        2
     447         2        2
     448         2        2
     449         2        2
     450         2        2
     451         2        2
     452         2        2
     453         2        2
     454         2        2
     455         2        2
     456         2        2
     457         2        2
     458         2        2
     459         2        2
     460         0        0
     461         0        0
     462         0        0
     463         0        0
     464         0        0
     465         0        0
     466         0        0
     467         0        0
     468         0        0
     469         0        0
     470         0        0
     471         0        0
     472         0        0
     473         0        0
     474         0        0
     475         0        0
     475         1        1
     476         1        1
     477         1        1
     478         1        1
     479         1        1
     480         1        1
     481         1        1
     482         1        1
     483         1        1
     484         1        1
     485         1        1
     486         1        1
     487         1        1
     488         1        1
     489         1        1
     490         1        1
     490         2        2
     491         2        2
     492         2        2
     493         2        2
     494         2        2
     495         2        2
     496         2        2
     497         2        2
     498         2        2
     499         2        2
     500         2        2
     501         2        2
     502         2        2
     503         2        2
     504         2        2
     505         2        2
     506         0        0
     507         0        0
     508         0        0
     509         0        0
     510         0        0
     511         0        0
     512         0        0
     513         0        0
     514         0        0
     515         0        0
     516         0        0
     517         0        0
     518         0        0
     519         0        0
     520         0        0
     521         0        0
     521         1        1
     522         1        1
     523         1        1
     524         1        1
     525         1        1
     526         1        1
     527         1        1
     528         1        1
     529         1        1
     530         1        1
     531         1        1
     532         1        1
     533         1        1
     534         1        1
     535         1        1
     536         1        1
     536         2        2
     537         2        2
     538         2        2
     539         2        2
     540         2        2
     541         2        2
     542         2        2
     543         2        2
     544         2        2
     545         2        2
     546         2        2
     547         2        2
     548         2        2
     549         2        2
     550         2        2
     551         2        2
     552         0        0
     553         0        0
     554         0        0
     555         0        0
     556         0        0
     557         0        0
     558         0        0
     559         0        0
     560         0        0
     561         0        0
     562         0        0
     563         0        0
     564         0        0
     565         0        0
     566         0        0
     567         0        0
     567         1        1
     568         1        1
     569         1        1
     570         1        1
     571         1        1
     572         1        1
     573         1        1
     574         1        1
     575         1        1
     576         1        1
     577         1        1
     578         1        1
     579         1        1
     580         1        1
     581         1        1
     582         1        1
     582         2        2
     583         2        2
     584         2        2
     585         2        2
     586         2        2
     587         2        2
     588         2        2
     589         2        2
     590         2        2
     591         2        2
     592         2        2
     593         2        2
     594         2        2
     595         2        2
     596         2        2
     597         2        2
     598         0        0
     599         0        0
     600         0        0
     601         0        0
     602         0        0
     603         0        0
     604         0        0
     605         0        0
     606         0        0
     607         0        0
     608         0        0
     609         0        0
     610         0        0
     611         0        0
     612         0        0
     613         0        0
     613         1        1
     614         1        1
     615         1        1
     616         1        1
     617         1        1
     618         1        1
     619         1        1
     620         1        1
     621         1        1
     622         1        1
     623         1        1
     624         1        1
     625         1        1
     626         1        1
     627         1        1
     628         1        1
     628         2        2
     629         2        2
     630         2        2
     631         2        2
     632         2        2
     633         2        2
     634         2        2
     635         2        2
     636         2        2
     637         2        2
     638         2        2
     639         2        2
     640         2        2
     641         2        2
     642         2        2
     643         2        2
     644         0        0
     645         0        0
     646         0        0
     647         0        0
     648         0        0
     649         0        0
     650         0        0
     651         0        0
     652         0        0
     653         0        0
     654         0        0
     655         0        0
     656         0        0
     657         0        0
     658         0        0
     659         0        0
     659         1        1
     660         1        1
     661         1        1
     662         1        1
     663         1        1
     664         1        1
     665         1        1
     666         1        1
     667         1        1
     668         1        1
     669         1        1
     670         1        1
     671         1        1
     672         1        1
     673         1        1
     674         1        1
     674         2        2
     675         2        2
     676         2        2
     677         2        2
     678         2        2
     679         2        2
     680         2        2
     681         2        2
     682         2        2
     683         2        2
     684         2        2
     685         2        2
     686         2        2
     687         2        2
     688         2        2
     689         2        2
     690         0        0
     690         3        3
     691         0        0
     691         3        3
     692         0        0
     692         3        3
     693         0        0
     693         3        3
     694         0        0
     694         3        3
     695         0        0
     695         3        3
     696         0        0
     696         3        3
     697         0        0
     697         3        3
     698         0        0
     698         3        3
     699         0        0
     699         3        3
     700         0        0
     700         3        3
     701         0        0
     701         3        3
     702         0        0
     702         3        3
     703         0        0
     703         3        3
     704         0        0
     704         3        3
     705         0        0
     705         1        1
     705         3        3
     705         4        4
     706         1        1
     706         4        4
     707         1        1
     707         4        4
     708         1        1
     708         4        4
     709         1        1
     709         4        4
     710         1        1
     710         4        4
     711         1        1
     711         4        4
     712         1        1
     712         4        4
     713         1        1
     713         4        4
     714         1        1
     714         4        4
     715         1        1
     715         4        4
     716         1        1
     716         4        4
     717         1        1
     717         4        4
     718         1        1
     718         4        4
     719         1        1
     719         4        4
     720         1        1
     720         2        2
     720         4        4
     720         5        5
     721         2        2
     721         5        5
     722         2        2
     722         5        5
     723         2        2
     723         5        5
     724         2        2
     724         5        5
     725         2        2
     725         5        5
     726         2        2
     726         5        5
     727         2        2
     727         5        5
     728         2        2
     728         5        5
     729         2        2
     729         5        5
     730         2        2
     730         5        5
     731         2        2
     731         5        5
     732         2        2
     732         5        5
     733         2        2
     733         5        5
     734         2        2
     734         5        5
     735         2        2
     735         5        5
     736         3        3
     737         3        3
     738         3        3
     739         3        3
     740         3        3
     741         3        3
     742         3        3
     743         3        3
     744         3        3
     745         3        3
     746         3        3
     747         3        3
     748         3        3
     749         3        3
     750         3        3
     751         3        3
     751         4        4
     752         4        4
     753         4        4
     754         4        4
     755         4        4
     756         4        4
     757         4        4
     758         4        4
     759         4        4
     760         4        4
     761         4        4
     762         4        4
     763         4        4
     764         4        4
     765         4        4
     766         4        4
     766         5        5
     767         5        5
     768         5        5
     769         5        5
     770         5        5
     771         5        5
     772         5        5
     773         5        5
     774         5        5
     775         5        5
     776         5        5
     777         5        5
     778         5        5
     779         5        5
     780         5        5
     781         5        5
     782         3        3
     783         3        3
     784         3        3
     785         3        3
     786         3        3
     787         3        3
     788         3        3
     789         3        3
     790         3        3
     791         3        3
     792         3        3
     793         3        3
     794         3        3
     795         3        3
     796         3        3
     797         3        3
     797         4        4
     798         4        4
     799         4        4
     800         4        4
     801         4        4
     802         4        4
     803         4        4
     804         4        4
     805         4        4
     806         4        4
     807         4        4
     808         4        4
     809         4        4
     810         4        4
     811         4        4
     812         4        4
     812         5        5
     813         5        5
     814         5        5
     815         5        5
     816         5        5
     817         5        5
     818         5        5
     819         5        5
     820         5        5
     821         5        5
     822         5        5
     823         5        5
     824         5        5
     825         5        5
     826         5        5
     827         5        5
     828         3        3
     829         3        3
     830         3        3
     831         3        3
     832         3        3
     833         3        3
     834         3        3
     835         3        3
     836         3        3
     837         3        3
     838         3        3
     839         3        3
     840         3        3
     841         3        3
     842         3        3
     843         3        3
     843         4        4
     844         4        4
     845         4        4
     846         4        4
     847         4        4
     848         4        4
     849         4        4
     850         4        4
     851         4        4
     852         4        4
     853         4        4
     854         4        4
     855         4        4
     856         4        4
     857         4        4
     858         4        4
     858         5        5
     859         5        5
     860         5        5
     861         5        5
     862         5        5
     863         5        5
     864         5        5
     865         5        5
     866         5        5
     867         5        5
     868         5        5
     869         5        5
     870         5        5
     871         5        5
     872         5        5
     873         5        5
     874         3        3
     875         3        3
     876         3        3
     877         3        3
     878         3        3
     879         3        3
     880         3        3
     881         3        3
     882         3        3
     883         3        3
     884         3        3
     885         3        3
     886         3        3
     887         3        3
     888         3        3
     889         3        3
     889         4        4
     890         4        4
     891         4        4
     892         4        4
     893         4        4
     894         4        4
     895         4        4
     896         4        4
     897         4        4
     898         4        4
     899         4        4
     900         4        4
     901         4        4
     902         4        4
     903         4        4
     904         4        4
     904         5        5
     905         5        5
     906         5        5
     907         5        5
     908         5        5
     909         5        5
     910         5        5
     911         5        5
     912         5        5
     913         5        5
     914         5        5
     915         5        5
     916         5        5
     917         5        5
     918         5        5
     919         5        5
     920         3        3
     921         3        3
     922         3        3
     923         3        3
     924         3        3
     925         3        3
     926         3        3
     927         3        3
     928         3        3
     929         3        3
     930         3        3
     931         3        3
     932         3        3
     933         3        3
     934         3        3
     935         3        3
     935         4        4
     936         4        4
     937         4        4
     938         4        4
     939         4        4
     940         4        4
     941         4        4
     942         4        4
     943         4        4
     944         4        4
     945         4        4
     946         4        4
     947         4        4
     948         4        4
     949         4        4
     950         4        4
     950         5        5
     951         5        5
     952         5        5
     953         5        5
     954         5        5
     955         5        5
     956         5        5
     957         5        5
     958         5        5
     959         5        5
     960         5        5
     961         5        5
     962         5        5
     963         5        5
     964         5        5
     965         5        5
     966         3        3
     967         3        3
     968         3        3
     969         3        3
     970         3        3
     971         3        3
     972         3        3
     973         3        3
     974         3        3
     975         3        3
     976         3        3
     977         3        3
     978         3        3
     979         3        3
     980         3        3
     981         3        3
     981         4        4
     982         4        4
     983         4        4
     984         4        4
     985         4        4
     986         4        4
     987         4        4
     988         4        4
     989         4        4
     990         4        4
     991         4        4
     992         4        4
     993         4        4
     994         4        4
     995         4        4
     996         4        4
     996         5        5
     997         5        5
     998         5        5
     999         5        5
    1000         5        5
    1001         5        5
    1002         5        5
    1003         5        5
    1004         5        5
    1005         5        5
    1006         5        5
    1007         5        5
    1008         5        5
    1009         5        5
    1010         5        5
    1011         5        5
    1012         3        3
    1013         3        3
    1014         3        3
    1015         3        3
    1016         3        3
    1017         3        3
    1018         3        3
    1019         3        3
    1020         3        3
    1021         3        3
    1022         3        3
    1023         3        3
    1024         3        3
    1025         3        3
    1026         3        3
    1027         3        3
    1027         4        4
    1028         4        4
    1029         4        4
    1030         4        4
    1031         4        4
    1032         4        4
    1033         4        4
    1034         4        4
    1035         4        4
    1036         4        4
    1037         4        4
    1038         4        4
    1039         4        4
    1040         4        4
    1041         4        4
    1042         4        4
    1042         5        5
    1043         5        5
    1044         5        5
    1045         5        5
    1046         5        5
    1047         5        5
    1048         5        5
    1049         5        5
    1050         5        5
    1051         5        5
    1052         5        5
    1053         5        5
    1054         5        5
    1055         5        5
    1056         5        5
    1057         5        5
    1058         3        3
    1059         3        3
    1060         3        3
    1061         3        3
    1062         3        3
    1063         3        3
    1064         3        3
    1065         3        3
    1066         3        3
    1067         3        3
    1068         3        3
    1069         3        3
    1070         3        3
    1071         3        3
    1072         3        3
    1073         3        3
    1073         4        4
    1074         4        4
    1075         4        4
    1076         4        4
    1077         4        4
    1078         4        4
    1079         4        4
    1080         4        4
    1081         4        4
    1082         4        4
    1083         4        4
    1084         4        4
    1085         4        4
    1086         4        4
    1087         4        4
    1088         4        4
    1088         5        5
    1089         5        5
    1090         5        5
    1091         5        5
    1092         5        5
    1093         5        5
    1094         5        5
    1095         5        5
    1096         5        5
    1097         5        5
    1098         5        5
    1099         5        5
    1100         5        5
    1101         5        5
    1102         5        5
    1103         5        5
    1104         3        3
    1105         3        3
    1106         3        3
    1107         3        3
    1108         3        3
    1109         3        3
    1110         3        3
    1111         3        3
    1112         3        3
    1113         3        3
    1114         3        3
    1115         3        3
    1116         3        3
    1117         3        3
    1118         3        3
    1119         3        3
    1119         4        4
    1120         4        4
    1121         4        4
    1122         4        4
    1123         4        4
    1124         4        4
    1125         4        4
    1126         4        4
    1127         4        4
    1128         4        4
    1129         4        4
    1130         4        4
    1131         4        4
    1132         4        4
    1133         4        4
    1134         4        4
    1134         5        5
    1135         5        5
    1136         5        5
    1137         5        5
    1138         5        5
    1139         5        5
    1140         5        5
    1141         5        5
    1142         5        5
    1143         5        5
    1144         5        5
    1145         5        5
    1146         5        5
    1147         5        5
    1148         5        5
    1149         5        5
    1150         3        3
    1151         3        3
    1152         3        3
    1153         3        3
    1154         3        3
    1155         3        3
    1156         3        3
    1157         3        3
    1158         3        3
    1159         3        3
    1160         3        3
    1161         3        3
    1162         3        3
    1163         3        3
    1164         3        3
    1165         3        3
    1165         4        4
    1166         4        4
    1167         4        4
    1168         4        4
    1169         4        4
    1170         4        4
    1171         4        4
    1172         4        4
    1173         4        4
    1174         4        4
    1175         4        4
    1176         4        4
    1177         4        4
    1178         4        4
    1179         4        4
    1180         4        4
    1180         5        5
    1181         5        5
    1182         5        5
    1183         5        5
    1184         5        5
    1185         5        5
    1186         5        5
    1187         5        5
    1188         5        5
    1189         5        5
    1190         5        5
    1191         5        5
    1192         5        5
    1193         5        5
    1194         5        5
    1195         5        5
    1196         3        3
    1197         3        3
    1198         3        3
    1199         3        3
    1200         3        3
    1201         3        3
    1202         3        3
    1203         3        3
    1204         3        3
    1205         3        3
    1206         3        3
    1207         3        3
    1208         3        3
    1209         3        3
    1210         3        3
    1211         3        3
    1211         4        4
    1212         4        4
    1213         4        4
    1214         4        4
    1215         4        4
    1216         4        4
    1217         4        4
    1218         4        4
    1219         4        4
    1220         4        4
    1221         4        4
    1222         4        4
    1223         4        4
    1224         4        4
    1225         4        4
    1226         4        4
    1226         5        5
    1227         5        5
    1228         5        5
    1229         5        5
    1230         5        5
    1231         5        5
    1232         5        5
    1233         5        5
    1234         5        5
    1235         5        5
    1236         5        5
    1237         5        5
    1238         5        5
    1239         5        5
    1240         5        5
    1241         5        5
    1242         3        3
    1243         3        3
    1244         3        3
    1245         3        3
    1246         3        3
    1247         3        3
    1248         3        3
    1249         3        3
    1250         3        3
    1251         3        3
    1252         3        3
    1253         3        3
    1254         3        3
    1255         3        3
    1256         3        3
    1257         3        3
    1257         4        4
    1258         4        4
    1259         4        4
    1260         4        4
    1261         4        4
    1262         4        4
    1263         4        4
    1264         4        4
    1265         4        4
    1266         4        4
    1267         4        4
    1268         4        4
    1269         4        4
    1270         4        4
    1271         4        4
    1272         4        4
    1272         5        5
    1273         5        5
    1274         5        5
    1275         5        5
    1276         5        5
    1277         5        5
    1278         5        5
    1279         5        5
    1280         5        5
    1281         5        5
    1282         5        5
    1283         5        5
    1284         5        5
    1285         5        5
    1286         5        5
    1287         5        5
    1288         3        3
    1289         3        3
    1290         3        3
    1291         3        3
    1292         3        3
    1293         3        3
    1294         3        3
    1295         3        3
    1296         3        3
    1297         3        3
    1298         3        3
    1299         3        3
    1300         3        3
    1301         3        3
    1302         3        3
    1303         3        3
    1303         4        4
    1304         4        4
    1305         4        4
    1306         4        4
    1307         4        4
    1308         4        4
    1309         4        4
    1310         4        4
    1311         4        4
    1312         4        4
    1313         4        4
    1314         4        4
    1315         4        4
    1316         4        4
    1317         4        4
    1318         4        4
    1318         5        5
    1319         5        5
    1320         5        5
    1321         5        5
    1322         5        5
    1323         5        5
    1324         5        5
    1325         5        5
    1326         5        5
    1327         5        5
    1328         5        5
    1329         5        5
    1330         5        5
    1331         5        5
    1332         5        5
    1333         5        5
    1334         3        3
    1335         3        3
    1336         3        3
    1337         3        3
    1338         3        3
    1339         3        3
    1340         3        3
    1341         3        3
    1342         3        3
    1343         3        3
    1344         3        3
    1345         3        3
    1346         3        3
    1347         3        3
    1348         3        3
    1349         3        3
    1349         4        4
    1350         4        4
    1351         4        4
    1352         4        4
    1353         4        4
    1354         4        4
    1355         4        4
    1356         4        4
    1357         4        4
    1358         4        4
    1359         4        4
    1360         4        4
    1361         4        4
    1362         4        4
    1363         4        4
    1364         4        4
    1364         5        5
    1365         5        5
    1366         5        5
    1367         5        5
    1368         5        5
    1369         5        5
    1370         5        5
    1371         5        5
    1372         5        5
    1373         5        5
    1374         5        5
    1375         5        5
    1376         5        5
    1377         5        5
    1378         5        5
    1379         5        5
    1380         3        3
    1380         6        6
    1381         3        3
    1381         6        6
    1382         3        3
    1382         6        6
    1383         3        3
    1383         6        6
    1384         3        3
    1384         6        6
    1385         3        3
    1385         6        6
    1386         3        3
    1386         6        6
    1387         3        3
    1387         6        6
    1388         3        3
    1388         6        6
    1389         3        3
    1389         6        6
    1390         3        3
    1390         6        6
    1391         3        3
    1391         6        6
    1392         3        3
    1392         6        6
    1393         3        3
    1393         6        6
    1394         3        3
    1394         6        6
    1395         3        3
    1395         4        4
    1395         6        6
    1395         7        7
    1396         4        4
    1396         7        7
    1397         4        4
    1397         7        7
    1398         4        4
    1398         7        7
    1399         4        4
    1399         7        7
    1400         4        4
    1400         7        7
    1401         4        4
    1401         7        7
    1402         4        4
    1402         7        7
    1403         4        4
    1403         7        7
    1404         4        4
    1404         7        7
    1405         4        4
    1405         7        7
    1406         4        4
    1406         7        7
    1407         4        4
    1407         7        7
    1408         4        4
    1408         7        7
    1409         4        4
    1409         7        7
    1410         4        4
    1410         5        5
    1410         7        7
    1410         8        8
    1411         5        5
    1411         8        8
    1412         5        5
    1412         8        8
    1413         5        5
    1413         8        8
    1414         5        5
    1414         8        8
    1415         5        5
    1415         8        8
    1416         5        5
    1416         8        8
    1417         5        5
    1417         8        8
    1418         5        5
    1418         8        8
    1419         5        5
    1419         8        8
    1420         5        5
    1420         8        8
    1421         5        5
    1421         8        8
    1422         5        5
    1422         8        8
    1423         5        5
    1423         8        8
    1424         5        5
    1424         8        8
    1425         5        5
    1425         8        8
    1426         6        6
    1427         6        6
    1428         6        6
    1429         6        6
    1430         6        6
    1431         6        6
    1432         6        6
    1433         6        6
    1434         6        6
    1435         6        6
    1436         6        6
    1437         6        6
    1438         6        6
    1439         6        6
    1440         6        6
    1441         6        6
    1441         7        7
    1442         7        7
    1443         7        7
    1444         7        7
    1445         7        7
    1446         7        7
    1447         7        7
    1448         7        7
    1449         7        7
    1450         7        7
    1451         7        7
    1452         7        7
    1453         7        7
    1454         7        7
    1455         7        7
    1456         7        7
    1456         8        8
    1457         8        8
    1458         8        8
    1459         8        8
    1460         8        8
    1461         8        8
    1462         8        8
    1463         8        8
    1464         8        8
    1465         8        8
    1466         8        8
    1467         8        8
    1468         8        8
    1469         8        8
    1470         8        8
    1471         8        8
    1472         6        6
    1473         6        6
    1474         6        6
    1475         6        6
    1476         6        6
    1477         6        6
    1478         6        6
    1479         6        6
    1480         6        6
    1481         6        6
    1482         6        6
    1483         6        6
    1484         6        6
    1485         6        6
    1486         6        6
    1487         6        6
    1487         7        7
    1488         7        7
    1489         7        7
    1490         7        7
    1491         7        7
    1492         7        7
    1493         7        7
    1494         7        7
    1495         7        7
    1496         7        7
    1497         7        7
    1498         7        7
    1499         7        7
    1500         7        7
    1501         7        7
    1502         7        7
    1502         8        8
    1503         8        8
    1504         8        8
    1505         8        8
    1506         8        8
    1507         8        8
    1508         8        8
    1509         8        8
    1510         8        8
    1511         8        8
    1512         8        8
    1513         8        8
    1514         8        8
    1515         8        8
    1516         8        8
    1517         8        8
    1518         6        6
    1519         6        6
    1520         6        6
    1521         6        6
    1522         6        6
    1523         6        6
    1524         6        6
    1525         6        6
    1526         6        6
    1527         6        6
    1528         6        6
    1529         6        6
    1530         6        6
    1531         6        6
    1532         6        6
    1533         6        6
    1533         7        7
    1534         7        7
    1535         7        7
    1536         7        7
    1537         7        7
    1538         7        7
    1539         7        7
    1540         7        7
    1541         7        7
    1542         7        7
    1543         7        7
    1544         7        7
    1545         7        7
    1546         7        7
    1547         7        7
    1548         7        7
    1548         8        8
    1549         8        8
    1550         8        8
    1551         8        8
    1552         8        8
    1553         8        8
    1554         8        8
    1555         8        8
    1556         8        8
    1557         8        8
    1558         8        8
    1559         8        8
    1560         8        8
    1561         8        8
    1562         8        8
    1563         8        8
    1564         6        6
    1565         6        6
    1566         6        6
    1567         6        6
    1568         6        6
    1569         6        6
    1570         6        6
    1571         6        6
    1572         6        6
    1573         6        6
    1574         6        6
    1575         6        6
    1576         6        6
    1577         6        6
    1578         6        6
    1579         6        6
    1579         7        7
    1580         7        7
    1581         7        7
    1582         7        7
    1583         7        7
    1584         7        7
    1585         7        7
    1586         7        7
    1587         7        7
    1588         7        7
    1589         7        7
    1590         7        7
    1591         7        7
    1592         7        7
    1593         7        7
    1594         7        7
    1594         8        8
    1595         8        8
    1596         8        8
    1597         8        8
    1598         8        8
    1599         8        8
    1600         8        8
    1601         8        8
    1602         8        8
    1603         8        8
    1604         8        8
    1605         8        8
    1606         8        8
    1607         8        8
    1608         8        8
    1609         8        8
    1610         6        6
    1611         6        6
    1612         6        6
    1613         6        6
    1614         6        6
    1615         6        6
    1616         6        6
    1617         6        6
    1618         6        6
    1619         6        6
    1620         6        6
    1621         6        6
    1622         6        6
    1623         6        6
    1624         6        6
    1625         6        6
    1625         7        7
    1626         7        7
    1627         7        7
    1628         7        7
    1629         7        7
    1630         7        7
    1631         7        7
    1632         7        7
    1633         7        7
    1634         7        7
    1635         7        7
    1636         7        7
    1637         7        7
    1638         7        7
    1639         7        7
    1640         7        7
    1640         8        8
    1641         8        8
    1642         8        8
    1643         8        8
    1644         8        8
    1645         8        8
    1646         8        8
    1647         8        8
    1648         8        8
    1649         8        8
    1650         8        8
    1651         8        8
    1652         8        8
    1653         8        8
    1654         8        8
    1655         8        8
    1656         6        6
    1657         6        6
    1658         6        6
    1659         6        6
    1660         6        6
    1661         6        6
    1662         6        6
    1663         6        6
    1664         6        6
    1665         6        6
    1666         6        6
    1667         6        6
    1668         6        6
    1669         6        6
    1670         6        6
    1671         6        6
    1671         7        7
    1672         7        7
    1673         7        7
    1674         7        7
    1675         7        7
    1676         7        7
    1677         7        7
    1678         7        7
    1679         7        7
    1680         7        7
    1681         7        7
    1682         7        7
    1683         7        7
    1684         7        7
    1685         7        7
    1686         7        7
    1686         8        8
    1687         8        8
    1688         8        8
    1689         8        8
    1690         8        8
    1691         8        8
    1692         8        8
    1693         8        8
    1694         8        8
    1695         8        8
    1696         8        8
    1697         8        8
    1698         8        8
    1699         8        8
    1700         8        8
    1701         8        8
    1702         6        6
    1703         6        6
    1704         6        6
    1705         6        6
    1706         6        6
    1707         6        6
    1708         6        6
    1709         6        6
    1710         6        6
    1711         6        6
    1712         6        6
    1713         6        6
    1714         6        6
    1715         6        6
    1716         6        6
    1717         6        6
    1717         7        7
    1718         7        7
    1719         7        7
    1720         7        7
    1721         7        7
    1722         7        7
    1723         7        7
    1724         7        7
    1725         7        7
    1726         7        7
    1727         7        7
    1728         7        7
    1729         7        7
    1730         7        7
    1731         7        7
    1732         7        7
    1732         8        8
    1733         8        8
    1734         8        8
    1735         8        8
    1736         8        8
    1737         8        8
    1738         8        8
    1739         8        8
    1740         8        8
    1741         8        8
    1742         8        8
    1743         8        8
    1744         8        8
    1745         8        8
    1746         8        8
    1747         8        8
    1748         6        6
    1749         6        6
    1750         6        6
    1751         6        6
    1752         6        6
    1753         6        6
    1754         6        6
    1755         6        6
    1756         6        6
    1757         6        6
    1758         6        6
    1759         6        6
    1760         6        6
    1761         6        6
    1762         6        6
    1763         6        6
    1763         7        7
    1764         7        7
    1765         7        7
    1766         7        7
    1767         7        7
    1768         7        7
    1769         7        7
    1770         7        7
    1771         7        7
    1772         7        7
    1773         7        7
    1774         7        7
    1775         7        7
    1776         7        7
    1777         7        7
    1778         7        7
    1778         8        8
    1779         8        8
    1780         8        8
    1781         8        8
    1782         8        8
    1783         8        8
    1784         8        8
    1785         8        8
    1786         8        8
    1787         8        8
    1788         8        8
    1789         8        8
    1790         8        8
    1791         8        8
    1792         8        8
    1793         8        8
    1794         6        6
    1795         6        6
    1796         6        6
    1797         6        6
    1798         6        6
    1799         6        6
    1800         6        6
    1801         6        6
    1802         6        6
    1803         6        6
    1804         6        6
    1805         6        6
    1806         6        6
    1807         6        6
    1808         6        6
    1809         6        6
    1809         7        7
    1810         7        7
    1811         7        7
    1812         7        7
    1813         7        7
    1814         7        7
    1815         7        7
    1816         7        7
    1817         7        7
    1818         7        7
    1819         7        7
    1820         7        7
    1821         7        7
    1822         7        7
    1823         7        7
    1824         7        7
    1824         8        8
    1825         8        8
    1826         8        8
    1827         8        8
    1828         8        8
    1829         8        8
    1830         8        8
    1831         8        8
    1832         8        8
    1833         8        8
    1834         8        8
    1835         8        8
    1836         8        8
    1837         8        8
    1838         8        8
    1839         8        8
    1840         6        6
    1841         6        6
    1842         6        6
    1843         6        6
    1844         6        6
    1845         6        6
    1846         6        6
    1847         6        6
    1848         6        6
    1849         6        6
    1850         6        6
    1851         6        6
    1852         6        6
    1853         6        6
    1854         6        6
    1855         6        6
    1855         7        7
    1856         7        7
    1857         7        7
    1858         7        7
    1859         7        7
    1860         7        7
    1861         7        7
    1862         7        7
    1863         7        7
    1864         7        7
    1865         7        7
    1866         7        7
    1867         7        7
    1868         7        7
    1869         7        7
    1870         7        7
    1870         8        8
    1871         8        8
    1872         8        8
    1873         8        8
    1874         8        8
    1875         8        8
    1876         8        8
    1877         8        8
    1878         8        8
    1879         8        8
    1880         8        8
    1881         8        8
    1882         8        8
    1883         8        8
    1884         8        8
    1885         8        8
    1886         6        6
    1887         6        6
    1888         6        6
    1889         6        6
    1890         6        6
    1891         6        6
    1892         6        6
    1893         6        6
    1894         6        6
    1895         6        6
    1896         6        6
    1897         6        6
    1898         6        6
    1899         6        6
    1900         6        6
    1901         6        6
    1901         7        7
    1902         7        7
    1903         7        7
    1904         7        7
    1905         7        7
    1906         7        7
    1907         7        7
    1908         7        7
    1909         7        7
    1910         7        7
    1911         7        7
    1912         7        7
    1913         7        7
    1914         7        7
    1915         7        7
    1916         7        7
    1916         8        8
    1917         8        8
    1918         8        8
    1919         8        8
    1920         8        8
    1921         8        8
    1922         8        8
    1923         8        8
    1924         8        8
    1925         8        8
    1926         8        8
    1927         8        8
    1928         8        8
    1929         8        8
    1930         8        8
    1931         8        8
    1932         6        6
    1933         6        6
    1934         6        6
    1935         6        6
    1936         6        6
    1937         6        6
    1938         6        6
    1939         6        6
    1940         6        6
    1941         6        6
    1942         6        6
    1943         6        6
    1944         6        6
    1945         6        6
    1946         6        6
    1947         6        6
    1947         7        7
    1948         7        7
    1949         7        7
    1950         7        7
    1951         7        7
    1952         7        7
    1953         7        7
    1954         7        7
    1955         7        7
    1956         7        7
    1957         7        7
    1958         7        7
    1959         7        7
    1960         7        7
    1961         7        7
    1962         7        7
    1962         8        8
    1963         8        8
    1964         8        8
    1965         8        8
    1966         8        8
    1967         8        8
    1968         8        8
    1969         8        8
    1970         8        8
    1971         8        8
    1972         8        8
    1973         8        8
    1974         8        8
    1975         8        8
    1976         8        8
    1977         8        8
    1978         6        6
    1979         6        6
    1980         6        6
    1981         6        6
    1982         6        6
    1983         6        6
    1984         6        6
    1985         6        6
    1986         6        6
    1987         6        6
    1988         6        6
    1989         6        6
    1990         6        6
    1991         6        6
    1992         6        6
    1993         6        6
    1993         7        7
    1994         7        7
    1995         7        7
    1996         7        7
    1997         7        7
    1998         7        7
    1999         7        7
    2000         7        7
    2001         7        7
    2002         7        7
    2003         7        7
    2004         7        7
    2005         7        7
    2006         7        7
    2007         7        7
    2008         7        7
    2008         8        8
    2009         8        8
    2010         8        8
    2011         8        8
    2012         8        8
    2013         8        8
    2014         8        8
    2015         8        8
    2016         8        8
    2017         8        8
    2018         8        8
    2019         8        8
    2020         8        8
    2021         8        8
    2022         8        8
    2023         8        8
    2024         6        6
    2025         6        6
    2026         6        6
    2027         6        6
    2028         6        6
    2029         6        6
    2030         6        6
    2031         6        6
    2032         6        6
    2033         6        6
    2034         6        6
    2035         6        6
    2036         6        6
    2037         6        6
    2038         6        6
    2039         6        6
    2039         7        7
    2040         7        7
    2041         7        7
    2042         7        7
    2043         7        7
    2044         7        7
    2045         7        7
    2046         7        7
    2047         7        7
    2048         7        7
    2049         7        7
    2050         7        7
    2051         7        7
    2052         7        7
    2053         7        7
    2054         7        7
    2054         8        8
    2055         8        8
    2056         8        8
    2057         8        8
    2058         8        8
    2059         8        8
    2060         8        8
    2061         8        8
    2062         8        8
    2063         8        8
    2064         8        8
    2065         8        8
    2066         8        8
    2067         8        8
    2068         8        8
    2069         8        8
    2070         6        6
    2071         6        6
    2072         6        6
    2073         6        6
    2074         6        6
    2075         6        6
    2076         6        6
    2077         6        6
    2078         6        6
    2079         6        6
    2080         6        6
    2081         6        6
    2082         6        6
    2083         6        6
    2084         6        6
    2085         6        6
    2085         7        7
    2086         7        7
    2087         7        7
    2088         7        7
    2089         7        7
    2090         7        7
    2091         7        7
    2092         7        7
    2093         7        7
    2094         7        7
    2095         7        7
    2096         7        7
    2097         7        7
    2098         7        7
    2099         7        7
    2100         7        7
    2100         8        8
    2101         8        8
    2102         8        8
    2103         8        8
    2104         8        8
    2105         8        8
    2106         8        8
    2107         8        8
    2108         8        8
    2109         8        8
    2110         8        8
    2111         8        8
    2112         8        8
    2113         8        8
    2114         8        8
    2115         8        8
