0
1
2
3
4
5
6
7
8
9
10
11
12
13
14
15
46
47
48
49
50
51
52
53
54
55
56
57
58
59
60
61
92
93
94
95
96
97
98
99
100
101
102
103
104
105
106
107
138
139
140
141
142
143
144
145
146
147
148
149
150
151
152
153
184
185
186
187
188
189
190
191
192
193
194
195
196
197
198
199
230
231
232
233
234
235
236
237
238
239
240
241
242
243
244
245
276
277
278
279
280
281
282
283
284
285
286
287
288
289
290
291
322
323
324
325
326
327
328
329
330
331
332
333
334
335
336
337
368
369
370
371
372
373
374
375
376
377
378
379
380
381
382
383
414
415
416
417
418
419
420
421
422
423
424
425
426
427
428
429
460
461
462
463
464
465
466
467
468
469
470
471
472
473
474
475
506
507
508
509
510
511
512
513
514
515
516
517
518
519
520
521
552
553
554
555
556
557
558
559
560
561
562
563
564
565
566
567
598
599
600
601
602
603
604
605
606
607
608
609
610
611
612
613
644
645
646
647
648
649
650
651
652
653
654
655
656
657
658
659
690
691
692
693
694
695
696
697
698
699
700
701
702
703
704
705
