31
32
33
34
35
36
37
38
39
40
41
42
43
44
45
77
78
79
80
81
82
83
84
85
86
87
88
89
90
91
123
124
125
126
127
128
129
130
131
132
133
134
135
136
137
169
170
171
172
173
174
175
176
177
178
179
180
181
182
183
215
216
217
218
219
220
221
222
223
224
225
226
227
228
229
261
262
263
264
265
266
267
268
269
270
271
272
273
274
275
307
308
309
310
311
312
313
314
315
316
317
318
319
320
321
353
354
355
356
357
358
359
360
361
362
363
364
365
366
367
399
400
401
402
403
404
405
406
407
408
409
410
411
412
413
445
446
447
448
449
450
451
452
453
454
455
456
457
458
459
491
492
493
494
495
496
497
498
499
500
501
502
503
504
505
537
538
539
540
541
542
543
544
545
546
547
548
549
550
551
583
584
585
586
587
588
589
590
591
592
593
594
595
596
597
629
630
631
632
633
634
635
636
637
638
639
640
641
642
643
675
676
677
678
679
680
681
682
683
684
685
686
687
688
689
721
722
723
724
725
726
727
728
729
730
731
732
733
734
735
