752
753
754
755
756
757
758
759
760
761
762
763
764
765
766
798
799
800
801
802
803
804
805
806
807
808
809
810
811
812
844
845
846
847
848
849
850
851
852
853
854
855
856
857
858
890
891
892
893
894
895
896
897
898
899
900
901
902
903
904
936
937
938
939
940
941
942
943
944
945
946
947
948
949
950
982
983
984
985
986
987
988
989
990
991
992
993
994
995
996
1028
1029
1030
1031
1032
1033
1034
1035
1036
1037
1038
1039
1040
1041
1042
1074
1075
1076
1077
1078
1079
1080
1081
1082
1083
1084
1085
1086
1087
1088
1120
1121
1122
1123
1124
1125
1126
1127
1128
1129
1130
1131
1132
1133
1134
1166
1167
1168
1169
1170
1171
1172
1173
1174
1175
1176
1177
1178
1179
1180
1212
1213
1214
1215
1216
1217
1218
1219
1220
1221
1222
1223
1224
1225
1226
1258
1259
1260
1261
1262
1263
1264
1265
1266
1267
1268
1269
1270
1271
1272
1304
1305
1306
1307
1308
1309
1310
1311
1312
1313
1314
1315
1316
1317
1318
1350
1351
1352
1353
1354
1355
1356
1357
1358
1359
1360
1361
1362
1363
1364
1396
1397
1398
1399
1400
1401
1402
1403
1404
1405
1406
1407
1408
1409
1410
