16
17
18
19
20
21
22
23
24
25
26
27
28
29
30
62
63
64
65
66
67
68
69
70
71
72
73
74
75
76
108
109
110
111
112
113
114
115
116
117
118
119
120
121
122
154
155
156
157
158
159
160
161
162
163
164
165
166
167
168
200
201
202
203
204
205
206
207
208
209
210
211
212
213
214
246
247
248
249
250
251
252
253
254
255
256
257
258
259
260
292
293
294
295
296
297
298
299
300
301
302
303
304
305
306
338
339
340
341
342
343
344
345
346
347
348
349
350
351
352
384
385
386
387
388
389
390
391
392
393
394
395
396
397
398
430
431
432
433
434
435
436
437
438
439
440
441
442
443
444
476
477
478
479
480
481
482
483
484
485
486
487
488
489
490
522
523
524
525
526
527
528
529
530
531
532
533
534
535
536
568
569
570
571
572
573
574
575
576
577
578
579
580
581
582
614
615
616
617
618
619
620
621
622
623
624
625
626
627
628
660
661
662
663
664
665
666
667
668
669
670
671
672
673
674
706
707
708
709
710
711
712
713
714
715
716
717
718
719
720
