767
768
769
770
771
772
773
774
775
776
777
778
779
780
781
813
814
815
816
817
818
819
820
821
822
823
824
825
826
827
859
860
861
862
863
864
865
866
867
868
869
870
871
872
873
905
906
907
908
909
910
911
912
913
914
915
916
917
918
919
951
952
953
954
955
956
957
958
959
960
961
962
963
964
965
997
998
999
1000
1001
1002
1003
1004
1005
1006
1007
1008
1009
1010
1011
1043
1044
1045
1046
1047
1048
1049
1050
1051
1052
1053
1054
1055
1056
1057
1089
1090
1091
1092
1093
1094
1095
1096
1097
1098
1099
1100
1101
1102
1103
1135
1136
1137
1138
1139
1140
1141
1142
1143
1144
1145
1146
1147
1148
1149
1181
1182
1183
1184
1185
1186
1187
1188
1189
1190
1191
1192
1193
1194
1195
1227
1228
1229
1230
1231
1232
1233
1234
1235
1236
1237
1238
1239
1240
1241
1273
1274
1275
1276
1277
1278
1279
1280
1281
1282
1283
1284
1285
1286
1287
1319
1320
1321
1322
1323
1324
1325
1326
1327
1328
1329
1330
1331
1332
1333
1365
1366
1367
1368
1369
1370
1371
1372
1373
1374
1375
1376
1377
1378
1379
1411
1412
1413
1414
1415
1416
1417
1418
1419
1420
1421
1422
1423
1424
1425
