736
737
738
739
740
741
742
743
744
745
746
747
748
749
750
751
782
783
784
785
786
787
788
789
790
791
792
793
794
795
796
797
828
829
830
831
832
833
834
835
836
837
838
839
840
841
842
843
874
875
876
877
878
879
880
881
882
883
884
885
886
887
888
889
920
921
922
923
924
925
926
927
928
929
930
931
932
933
934
935
966
967
968
969
970
971
972
973
974
975
976
977
978
979
980
981
1012
1013
1014
1015
1016
1017
1018
1019
1020
1021
1022
1023
1024
1025
1026
1027
1058
1059
1060
1061
1062
1063
1064
1065
1066
1067
1068
1069
1070
1071
1072
1073
1104
1105
1106
1107
1108
1109
1110
1111
1112
1113
1114
1115
1116
1117
1118
1119
1150
1151
1152
1153
1154
1155
1156
1157
1158
1159
1160
1161
1162
1163
1164
1165
1196
1197
1198
1199
1200
1201
1202
1203
1204
1205
1206
1207
1208
1209
1210
1211
1242
1243
1244
1245
1246
1247
1248
1249
1250
1251
1252
1253
1254
1255
1256
1257
1288
1289
1290
1291
1292
1293
1294
1295
1296
1297
1298
1299
1300
1301
1302
1303
1334
1335
1336
1337
1338
1339
1340
1341
1342
1343
1344
1345
1346
1347
1348
1349
1380
1381
1382
1383
1384
1385
1386
1387
1388
1389
1390
1391
1392
1393
1394
1395
