4 -1 -1 -1 
4 -1 -1 -1 
4 -1 -1 -1 
4 -1 -1 -1 
4 -1 -1 -1 
4 -1 -1 -1 
4 -1 -1 -1 
4 -1 -1 -1 
4 -1 -1 -1 
4 -1 -1 -1 
4 -1 -1 -1 
4 -1 -1 -1 
4 -1 -1 -1 
4 -1 -1 -1 
4 5 -1 -1 
4 -1 -1 -1 
4 -1 -1 -1 
4 -1 -1 -1 
4 -1 -1 -1 
4 -1 -1 -1 
4 -1 -1 -1 
4 -1 -1 -1 
4 -1 -1 -1 
4 -1 -1 -1 
4 -1 -1 -1 
4 -1 -1 -1 
4 -1 -1 -1 
4 -1 -1 -1 
4 -1 -1 -1 
4 5 -1 -1 
4 -1 -1 -1 
4 -1 -1 -1 
4 -1 -1 -1 
4 -1 -1 -1 
4 -1 -1 -1 
4 -1 -1 -1 
4 -1 -1 -1 
4 -1 -1 -1 
4 -1 -1 -1 
4 -1 -1 -1 
4 -1 -1 -1 
4 -1 -1 -1 
4 -1 -1 -1 
4 -1 -1 -1 
4 5 -1 -1 
4 -1 -1 -1 
4 -1 -1 -1 
4 -1 -1 -1 
4 -1 -1 -1 
4 -1 -1 -1 
4 -1 -1 -1 
4 -1 -1 -1 
4 -1 -1 -1 
4 -1 -1 -1 
4 -1 -1 -1 
4 -1 -1 -1 
4 -1 -1 -1 
4 -1 -1 -1 
4 -1 -1 -1 
4 5 -1 -1 
4 -1 -1 -1 
4 -1 -1 -1 
4 -1 -1 -1 
4 -1 -1 -1 
4 -1 -1 -1 
4 -1 -1 -1 
4 -1 -1 -1 
4 -1 -1 -1 
4 -1 -1 -1 
4 -1 -1 -1 
4 -1 -1 -1 
4 -1 -1 -1 
4 -1 -1 -1 
4 -1 -1 -1 
4 5 -1 -1 
4 -1 -1 -1 
4 -1 -1 -1 
4 -1 -1 -1 
4 -1 -1 -1 
4 -1 -1 -1 
4 -1 -1 -1 
4 -1 -1 -1 
4 -1 -1 -1 
4 -1 -1 -1 
4 -1 -1 -1 
4 -1 -1 -1 
4 -1 -1 -1 
4 -1 -1 -1 
4 -1 -1 -1 
4 5 -1 -1 
4 -1 -1 -1 
4 -1 -1 -1 
4 -1 -1 -1 
4 -1 -1 -1 
4 -1 -1 -1 
4 -1 -1 -1 
4 -1 -1 -1 
4 -1 -1 -1 
4 -1 -1 -1 
4 -1 -1 -1 
4 -1 -1 -1 
4 -1 -1 -1 
4 -1 -1 -1 
4 -1 -1 -1 
4 5 -1 -1 
4 -1 -1 -1 
4 -1 -1 -1 
4 -1 -1 -1 
4 -1 -1 -1 
4 -1 -1 -1 
4 -1 -1 -1 
4 -1 -1 -1 
4 -1 -1 -1 
4 -1 -1 -1 
4 -1 -1 -1 
4 -1 -1 -1 
4 -1 -1 -1 
4 -1 -1 -1 
4 -1 -1 -1 
4 5 -1 -1 
4 -1 -1 -1 
4 -1 -1 -1 
4 -1 -1 -1 
4 -1 -1 -1 
4 -1 -1 -1 
4 -1 -1 -1 
4 -1 -1 -1 
4 -1 -1 -1 
4 -1 -1 -1 
4 -1 -1 -1 
4 -1 -1 -1 
4 -1 -1 -1 
4 -1 -1 -1 
4 -1 -1 -1 
4 5 -1 -1 
4 -1 -1 -1 
4 -1 -1 -1 
4 -1 -1 -1 
4 -1 -1 -1 
4 -1 -1 -1 
4 -1 -1 -1 
4 -1 -1 -1 
4 -1 -1 -1 
4 -1 -1 -1 
4 -1 -1 -1 
4 -1 -1 -1 
4 -1 -1 -1 
4 -1 -1 -1 
4 -1 -1 -1 
4 5 -1 -1 
4 -1 -1 -1 
4 -1 -1 -1 
4 -1 -1 -1 
4 -1 -1 -1 
4 -1 -1 -1 
4 -1 -1 -1 
4 -1 -1 -1 
4 -1 -1 -1 
4 -1 -1 -1 
4 -1 -1 -1 
4 -1 -1 -1 
4 -1 -1 -1 
4 -1 -1 -1 
4 -1 -1 -1 
4 5 -1 -1 
4 -1 -1 -1 
4 -1 -1 -1 
4 -1 -1 -1 
4 -1 -1 -1 
4 -1 -1 -1 
4 -1 -1 -1 
4 -1 -1 -1 
4 -1 -1 -1 
4 -1 -1 -1 
4 -1 -1 -1 
4 -1 -1 -1 
4 -1 -1 -1 
4 -1 -1 -1 
4 -1 -1 -1 
4 5 -1 -1 
4 -1 -1 -1 
4 -1 -1 -1 
4 -1 -1 -1 
4 -1 -1 -1 
4 -1 -1 -1 
4 -1 -1 -1 
4 -1 -1 -1 
4 -1 -1 -1 
4 -1 -1 -1 
4 -1 -1 -1 
4 -1 -1 -1 
4 -1 -1 -1 
4 -1 -1 -1 
4 -1 -1 -1 
4 5 -1 -1 
4 -1 -1 -1 
4 -1 -1 -1 
4 -1 -1 -1 
4 -1 -1 -1 
4 -1 -1 -1 
4 -1 -1 -1 
4 -1 -1 -1 
4 -1 -1 -1 
4 -1 -1 -1 
4 -1 -1 -1 
4 -1 -1 -1 
4 -1 -1 -1 
4 -1 -1 -1 
4 -1 -1 -1 
4 5 -1 -1 
4 7 -1 -1 
4 7 -1 -1 
4 7 -1 -1 
4 7 -1 -1 
4 7 -1 -1 
4 7 -1 -1 
4 7 -1 -1 
4 7 -1 -1 
4 7 -1 -1 
4 7 -1 -1 
4 7 -1 -1 
4 7 -1 -1 
4 7 -1 -1 
4 7 -1 -1 
4 5 7 8 
