3 -1 -1 -1 
3 -1 -1 -1 
3 -1 -1 -1 
3 -1 -1 -1 
3 -1 -1 -1 
3 -1 -1 -1 
3 -1 -1 -1 
3 -1 -1 -1 
3 -1 -1 -1 
3 -1 -1 -1 
3 -1 -1 -1 
3 -1 -1 -1 
3 -1 -1 -1 
3 -1 -1 -1 
3 -1 -1 -1 
3 4 -1 -1 
3 -1 -1 -1 
3 -1 -1 -1 
3 -1 -1 -1 
3 -1 -1 -1 
3 -1 -1 -1 
3 -1 -1 -1 
3 -1 -1 -1 
3 -1 -1 -1 
3 -1 -1 -1 
3 -1 -1 -1 
3 -1 -1 -1 
3 -1 -1 -1 
3 -1 -1 -1 
3 -1 -1 -1 
3 -1 -1 -1 
3 4 -1 -1 
3 -1 -1 -1 
3 -1 -1 -1 
3 -1 -1 -1 
3 -1 -1 -1 
3 -1 -1 -1 
3 -1 -1 -1 
3 -1 -1 -1 
3 -1 -1 -1 
3 -1 -1 -1 
3 -1 -1 -1 
3 -1 -1 -1 
3 -1 -1 -1 
3 -1 -1 -1 
3 -1 -1 -1 
3 -1 -1 -1 
3 4 -1 -1 
3 -1 -1 -1 
3 -1 -1 -1 
3 -1 -1 -1 
3 -1 -1 -1 
3 -1 -1 -1 
3 -1 -1 -1 
3 -1 -1 -1 
3 -1 -1 -1 
3 -1 -1 -1 
3 -1 -1 -1 
3 -1 -1 -1 
3 -1 -1 -1 
3 -1 -1 -1 
3 -1 -1 -1 
3 -1 -1 -1 
3 4 -1 -1 
3 -1 -1 -1 
3 -1 -1 -1 
3 -1 -1 -1 
3 -1 -1 -1 
3 -1 -1 -1 
3 -1 -1 -1 
3 -1 -1 -1 
3 -1 -1 -1 
3 -1 -1 -1 
3 -1 -1 -1 
3 -1 -1 -1 
3 -1 -1 -1 
3 -1 -1 -1 
3 -1 -1 -1 
3 -1 -1 -1 
3 4 -1 -1 
3 -1 -1 -1 
3 -1 -1 -1 
3 -1 -1 -1 
3 -1 -1 -1 
3 -1 -1 -1 
3 -1 -1 -1 
3 -1 -1 -1 
3 -1 -1 -1 
3 -1 -1 -1 
3 -1 -1 -1 
3 -1 -1 -1 
3 -1 -1 -1 
3 -1 -1 -1 
3 -1 -1 -1 
3 -1 -1 -1 
3 4 -1 -1 
3 -1 -1 -1 
3 -1 -1 -1 
3 -1 -1 -1 
3 -1 -1 -1 
3 -1 -1 -1 
3 -1 -1 -1 
3 -1 -1 -1 
3 -1 -1 -1 
3 -1 -1 -1 
3 -1 -1 -1 
3 -1 -1 -1 
3 -1 -1 -1 
3 -1 -1 -1 
3 -1 -1 -1 
3 -1 -1 -1 
3 4 -1 -1 
3 -1 -1 -1 
3 -1 -1 -1 
3 -1 -1 -1 
3 -1 -1 -1 
3 -1 -1 -1 
3 -1 -1 -1 
3 -1 -1 -1 
3 -1 -1 -1 
3 -1 -1 -1 
3 -1 -1 -1 
3 -1 -1 -1 
3 -1 -1 -1 
3 -1 -1 -1 
3 -1 -1 -1 
3 -1 -1 -1 
3 4 -1 -1 
3 -1 -1 -1 
3 -1 -1 -1 
3 -1 -1 -1 
3 -1 -1 -1 
3 -1 -1 -1 
3 -1 -1 -1 
3 -1 -1 -1 
3 -1 -1 -1 
3 -1 -1 -1 
3 -1 -1 -1 
3 -1 -1 -1 
3 -1 -1 -1 
3 -1 -1 -1 
3 -1 -1 -1 
3 -1 -1 -1 
3 4 -1 -1 
3 -1 -1 -1 
3 -1 -1 -1 
3 -1 -1 -1 
3 -1 -1 -1 
3 -1 -1 -1 
3 -1 -1 -1 
3 -1 -1 -1 
3 -1 -1 -1 
3 -1 -1 -1 
3 -1 -1 -1 
3 -1 -1 -1 
3 -1 -1 -1 
3 -1 -1 -1 
3 -1 -1 -1 
3 -1 -1 -1 
3 4 -1 -1 
3 -1 -1 -1 
3 -1 -1 -1 
3 -1 -1 -1 
3 -1 -1 -1 
3 -1 -1 -1 
3 -1 -1 -1 
3 -1 -1 -1 
3 -1 -1 -1 
3 -1 -1 -1 
3 -1 -1 -1 
3 -1 -1 -1 
3 -1 -1 -1 
3 -1 -1 -1 
3 -1 -1 -1 
3 -1 -1 -1 
3 4 -1 -1 
3 -1 -1 -1 
3 -1 -1 -1 
3 -1 -1 -1 
3 -1 -1 -1 
3 -1 -1 -1 
3 -1 -1 -1 
3 -1 -1 -1 
3 -1 -1 -1 
3 -1 -1 -1 
3 -1 -1 -1 
3 -1 -1 -1 
3 -1 -1 -1 
3 -1 -1 -1 
3 -1 -1 -1 
3 -1 -1 -1 
3 4 -1 -1 
3 -1 -1 -1 
3 -1 -1 -1 
3 -1 -1 -1 
3 -1 -1 -1 
3 -1 -1 -1 
3 -1 -1 -1 
3 -1 -1 -1 
3 -1 -1 -1 
3 -1 -1 -1 
3 -1 -1 -1 
3 -1 -1 -1 
3 -1 -1 -1 
3 -1 -1 -1 
3 -1 -1 -1 
3 -1 -1 -1 
3 4 -1 -1 
3 -1 -1 -1 
3 -1 -1 -1 
3 -1 -1 -1 
3 -1 -1 -1 
3 -1 -1 -1 
3 -1 -1 -1 
3 -1 -1 -1 
3 -1 -1 -1 
3 -1 -1 -1 
3 -1 -1 -1 
3 -1 -1 -1 
3 -1 -1 -1 
3 -1 -1 -1 
3 -1 -1 -1 
3 -1 -1 -1 
3 4 -1 -1 
3 6 -1 -1 
3 6 -1 -1 
3 6 -1 -1 
3 6 -1 -1 
3 6 -1 -1 
3 6 -1 -1 
3 6 -1 -1 
3 6 -1 -1 
3 6 -1 -1 
3 6 -1 -1 
3 6 -1 -1 
3 6 -1 -1 
3 6 -1 -1 
3 6 -1 -1 
3 6 -1 -1 
3 4 6 7 
