%%MatrixMarket matrix array real general
%
1023 1
-9.9804687500000000e-01
-9.9609375000000000e-01
-9.9414062500000000e-01
-9.9218750000000000e-01
-9.9023437500000000e-01
-9.8828125000000000e-01
-9.8632812500000000e-01
-9.8437500000000000e-01
-9.8242187500000000e-01
-9.8046875000000000e-01
-9.7851562500000000e-01
-9.7656250000000000e-01
-9.7460937500000000e-01
-9.7265625000000000e-01
-9.7070312500000000e-01
-9.6875000000000000e-01
-9.6679687500000000e-01
-9.6484375000000000e-01
-9.6289062500000000e-01
-9.6093750000000000e-01
-9.5898437500000000e-01
-9.5703125000000000e-01
-9.5507812500000000e-01
-9.5312500000000000e-01
-9.5117187500000000e-01
-9.4921875000000000e-01
-9.4726562500000000e-01
-9.4531250000000000e-01
-9.4335937500000000e-01
-9.4140625000000000e-01
-9.3945312500000000e-01
-9.3750000000000000e-01
-9.3554687500000000e-01
-9.3359375000000000e-01
-9.3164062500000000e-01
-9.2968750000000000e-01
-9.2773437500000000e-01
-9.2578125000000000e-01
-9.2382812500000000e-01
-9.2187500000000000e-01
-9.1992187500000000e-01
-9.1796875000000000e-01
-9.1601562500000000e-01
-9.1406250000000000e-01
-9.1210937500000000e-01
-9.1015625000000000e-01
-9.0820312500000000e-01
-9.0625000000000000e-01
-9.0429687500000000e-01
-9.0234375000000000e-01
-9.0039062500000000e-01
-8.9843750000000000e-01
-8.9648437500000000e-01
-8.9453125000000000e-01
-8.9257812500000000e-01
-8.9062500000000000e-01
-8.8867187500000000e-01
-8.8671875000000000e-01
-8.8476562500000000e-01
-8.8281250000000000e-01
-8.8085937500000000e-01
-8.7890625000000000e-01
-8.7695312500000000e-01
-8.7500000000000000e-01
-8.7304687500000000e-01
-8.7109375000000000e-01
-8.6914062500000000e-01
-8.6718750000000000e-01
-8.6523437500000000e-01
-8.6328125000000000e-01
-8.6132812500000000e-01
-8.5937500000000000e-01
-8.5742187500000000e-01
-8.5546875000000000e-01
-8.5351562500000000e-01
-8.5156250000000000e-01
-8.4960937500000000e-01
-8.4765625000000000e-01
-8.4570312500000000e-01
-8.4375000000000000e-01
-8.4179687500000000e-01
-8.3984375000000000e-01
-8.3789062500000000e-01
-8.3593750000000000e-01
-8.3398437500000000e-01
-8.3203125000000000e-01
-8.3007812500000000e-01
-8.2812500000000000e-01
-8.2617187500000000e-01
-8.2421875000000000e-01
-8.2226562500000000e-01
-8.2031250000000000e-01
-8.1835937500000000e-01
-8.1640625000000000e-01
-8.1445312500000000e-01
-8.1250000000000000e-01
-8.1054687500000000e-01
-8.0859375000000000e-01
-8.0664062500000000e-01
-8.0468750000000000e-01
-8.0273437500000000e-01
-8.0078125000000000e-01
-7.9882812500000000e-01
-7.9687500000000000e-01
-7.9492187500000000e-01
-7.9296875000000000e-01
-7.9101562500000000e-01
-7.8906250000000000e-01
-7.8710937500000000e-01
-7.8515625000000000e-01
-7.8320312500000000e-01
-7.8125000000000000e-01
-7.7929687500000000e-01
-7.7734375000000000e-01
-7.7539062500000000e-01
-7.7343750000000000e-01
-7.7148437500000000e-01
-7.6953125000000000e-01
-7.6757812500000000e-01
-7.6562500000000000e-01
-7.6367187500000000e-01
-7.6171875000000000e-01
-7.5976562500000000e-01
-7.5781250000000000e-01
-7.5585937500000000e-01
-7.5390625000000000e-01
-7.5195312500000000e-01
-7.5000000000000000e-01
-7.4804687500000000e-01
-7.4609375000000000e-01
-7.4414062500000000e-01
-7.4218750000000000e-01
-7.4023437500000000e-01
-7.3828125000000000e-01
-7.3632812500000000e-01
-7.3437500000000000e-01
-7.3242187500000000e-01
-7.3046875000000000e-01
-7.2851562500000000e-01
-7.2656250000000000e-01
-7.2460937500000000e-01
-7.2265625000000000e-01
-7.2070312500000000e-01
-7.1875000000000000e-01
-7.1679687500000000e-01
-7.1484375000000000e-01
-7.1289062500000000e-01
-7.1093750000000000e-01
-7.0898437500000000e-01
-7.0703125000000000e-01
-7.0507812500000000e-01
-7.0312500000000000e-01
-7.0117187500000000e-01
-6.9921875000000000e-01
-6.9726562500000000e-01
-6.9531250000000000e-01
-6.9335937500000000e-01
-6.9140625000000000e-01
-6.8945312500000000e-01
-6.8750000000000000e-01
-6.8554687500000000e-01
-6.8359375000000000e-01
-6.8164062500000000e-01
-6.7968750000000000e-01
-6.7773437500000000e-01
-6.7578125000000000e-01
-6.7382812500000000e-01
-6.7187500000000000e-01
-6.6992187500000000e-01
-6.6796875000000000e-01
-6.6601562500000000e-01
-6.6406250000000000e-01
-6.6210937500000000e-01
-6.6015625000000000e-01
-6.5820312500000000e-01
-6.5625000000000000e-01
-6.5429687500000000e-01
-6.5234375000000000e-01
-6.5039062500000000e-01
-6.4843750000000000e-01
-6.4648437500000000e-01
-6.4453125000000000e-01
-6.4257812500000000e-01
-6.4062500000000000e-01
-6.3867187500000000e-01
-6.3671875000000000e-01
-6.3476562500000000e-01
-6.3281250000000000e-01
-6.3085937500000000e-01
-6.2890625000000000e-01
-6.2695312500000000e-01
-6.2500000000000000e-01
-6.2304687500000000e-01
-6.2109375000000000e-01
-6.1914062500000000e-01
-6.1718750000000000e-01
-6.1523437500000000e-01
-6.1328125000000000e-01
-6.1132812500000000e-01
-6.0937500000000000e-01
-6.0742187500000000e-01
-6.0546875000000000e-01
-6.0351562500000000e-01
-6.0156250000000000e-01
-5.9960937500000000e-01
-5.9765625000000000e-01
-5.9570312500000000e-01
-5.9375000000000000e-01
-5.9179687500000000e-01
-5.8984375000000000e-01
-5.8789062500000000e-01
-5.8593750000000000e-01
-5.8398437500000000e-01
-5.8203125000000000e-01
-5.8007812500000000e-01
-5.7812500000000000e-01
-5.7617187500000000e-01
-5.7421875000000000e-01
-5.7226562500000000e-01
-5.7031250000000000e-01
-5.6835937500000000e-01
-5.6640625000000000e-01
-5.6445312500000000e-01
-5.6250000000000000e-01
-5.6054687500000000e-01
-5.5859375000000000e-01
-5.5664062500000000e-01
-5.5468750000000000e-01
-5.5273437500000000e-01
-5.5078125000000000e-01
-5.4882812500000000e-01
-5.4687500000000000e-01
-5.4492187500000000e-01
-5.4296875000000000e-01
-5.4101562500000000e-01
-5.3906250000000000e-01
-5.3710937500000000e-01
-5.3515625000000000e-01
-5.3320312500000000e-01
-5.3125000000000000e-01
-5.2929687500000000e-01
-5.2734375000000000e-01
-5.2539062500000000e-01
-5.2343750000000000e-01
-5.2148437500000000e-01
-5.1953125000000000e-01
-5.1757812500000000e-01
-5.1562500000000000e-01
-5.1367187500000000e-01
-5.1171875000000000e-01
-5.0976562500000000e-01
-5.0781250000000000e-01
-5.0585937500000000e-01
-5.0390625000000000e-01
-5.0195312500000000e-01
-5.0000000000000000e-01
-4.9804687500000000e-01
-4.9609375000000000e-01
-4.9414062500000000e-01
-4.9218750000000000e-01
-4.9023437500000000e-01
-4.8828125000000000e-01
-4.8632812500000000e-01
-4.8437500000000000e-01
-4.8242187500000000e-01
-4.8046875000000000e-01
-4.7851562500000000e-01
-4.7656250000000000e-01
-4.7460937500000000e-01
-4.7265625000000000e-01
-4.7070312500000000e-01
-4.6875000000000000e-01
-4.6679687500000000e-01
-4.6484375000000000e-01
-4.6289062500000000e-01
-4.6093750000000000e-01
-4.5898437500000000e-01
-4.5703125000000000e-01
-4.5507812500000000e-01
-4.5312500000000000e-01
-4.5117187500000000e-01
-4.4921875000000000e-01
-4.4726562500000000e-01
-4.4531250000000000e-01
-4.4335937500000000e-01
-4.4140625000000000e-01
-4.3945312500000000e-01
-4.3750000000000000e-01
-4.3554687500000000e-01
-4.3359375000000000e-01
-4.3164062500000000e-01
-4.2968750000000000e-01
-4.2773437500000000e-01
-4.2578125000000000e-01
-4.2382812500000000e-01
-4.2187500000000000e-01
-4.1992187500000000e-01
-4.1796875000000000e-01
-4.1601562500000000e-01
-4.1406250000000000e-01
-4.1210937500000000e-01
-4.1015625000000000e-01
-4.0820312500000000e-01
-4.0625000000000000e-01
-4.0429687500000000e-01
-4.0234375000000000e-01
-4.0039062500000000e-01
-3.9843750000000000e-01
-3.9648437500000000e-01
-3.9453125000000000e-01
-3.9257812500000000e-01
-3.9062500000000000e-01
-3.8867187500000000e-01
-3.8671875000000000e-01
-3.8476562500000000e-01
-3.8281250000000000e-01
-3.8085937500000000e-01
-3.7890625000000000e-01
-3.7695312500000000e-01
-3.7500000000000000e-01
-3.7304687500000000e-01
-3.7109375000000000e-01
-3.6914062500000000e-01
-3.6718750000000000e-01
-3.6523437500000000e-01
-3.6328125000000000e-01
-3.6132812500000000e-01
-3.5937500000000000e-01
-3.5742187500000000e-01
-3.5546875000000000e-01
-3.5351562500000000e-01
-3.5156250000000000e-01
-3.4960937500000000e-01
-3.4765625000000000e-01
-3.4570312500000000e-01
-3.4375000000000000e-01
-3.4179687500000000e-01
-3.3984375000000000e-01
-3.3789062500000000e-01
-3.3593750000000000e-01
-3.3398437500000000e-01
-3.3203125000000000e-01
-3.3007812500000000e-01
-3.2812500000000000e-01
-3.2617187500000000e-01
-3.2421875000000000e-01
-3.2226562500000000e-01
-3.2031250000000000e-01
-3.1835937500000000e-01
-3.1640625000000000e-01
-3.1445312500000000e-01
-3.1250000000000000e-01
-3.1054687500000000e-01
-3.0859375000000000e-01
-3.0664062500000000e-01
-3.0468750000000000e-01
-3.0273437500000000e-01
-3.0078125000000000e-01
-2.9882812500000000e-01
-2.9687500000000000e-01
-2.9492187500000000e-01
-2.9296875000000000e-01
-2.9101562500000000e-01
-2.8906250000000000e-01
-2.8710937500000000e-01
-2.8515625000000000e-01
-2.8320312500000000e-01
-2.8125000000000000e-01
-2.7929687500000000e-01
-2.7734375000000000e-01
-2.7539062500000000e-01
-2.7343750000000000e-01
-2.7148437500000000e-01
-2.6953125000000000e-01
-2.6757812500000000e-01
-2.6562500000000000e-01
-2.6367187500000000e-01
-2.6171875000000000e-01
-2.5976562500000000e-01
-2.5781250000000000e-01
-2.5585937500000000e-01
-2.5390625000000000e-01
-2.5195312500000000e-01
-2.5000000000000000e-01
-2.4804687500000000e-01
-2.4609375000000000e-01
-2.4414062500000000e-01
-2.4218750000000000e-01
-2.4023437500000000e-01
-2.3828125000000000e-01
-2.3632812500000000e-01
-2.3437500000000000e-01
-2.3242187500000000e-01
-2.3046875000000000e-01
-2.2851562500000000e-01
-2.2656250000000000e-01
-2.2460937500000000e-01
-2.2265625000000000e-01
-2.2070312500000000e-01
-2.1875000000000000e-01
-2.1679687500000000e-01
-2.1484375000000000e-01
-2.1289062500000000e-01
-2.1093750000000000e-01
-2.0898437500000000e-01
-2.0703125000000000e-01
-2.0507812500000000e-01
-2.0312500000000000e-01
-2.0117187500000000e-01
-1.9921875000000000e-01
-1.9726562500000000e-01
-1.9531250000000000e-01
-1.9335937500000000e-01
-1.9140625000000000e-01
-1.8945312500000000e-01
-1.8750000000000000e-01
-1.8554687500000000e-01
-1.8359375000000000e-01
-1.8164062500000000e-01
-1.7968750000000000e-01
-1.7773437500000000e-01
-1.7578125000000000e-01
-1.7382812500000000e-01
-1.7187500000000000e-01
-1.6992187500000000e-01
-1.6796875000000000e-01
-1.6601562500000000e-01
-1.6406250000000000e-01
-1.6210937500000000e-01
-1.6015625000000000e-01
-1.5820312500000000e-01
-1.5625000000000000e-01
-1.5429687500000000e-01
-1.5234375000000000e-01
-1.5039062500000000e-01
-1.4843750000000000e-01
-1.4648437500000000e-01
-1.4453125000000000e-01
-1.4257812500000000e-01
-1.4062500000000000e-01
-1.3867187500000000e-01
-1.3671875000000000e-01
-1.3476562500000000e-01
-1.3281250000000000e-01
-1.3085937500000000e-01
-1.2890625000000000e-01
-1.2695312500000000e-01
-1.2500000000000000e-01
-1.2304687500000000e-01
-1.2109375000000000e-01
-1.1914062500000000e-01
-1.1718750000000000e-01
-1.1523437500000000e-01
-1.1328125000000000e-01
-1.1132812500000000e-01
-1.0937500000000000e-01
-1.0742187500000000e-01
-1.0546875000000000e-01
-1.0351562500000000e-01
-1.0156250000000000e-01
-9.9609375000000000e-02
-9.7656250000000000e-02
-9.5703125000000000e-02
-9.3750000000000000e-02
-9.1796875000000000e-02
-8.9843750000000000e-02
-8.7890625000000000e-02
-8.5937500000000000e-02
-8.3984375000000000e-02
-8.2031250000000000e-02
-8.0078125000000000e-02
-7.8125000000000000e-02
-7.6171875000000000e-02
-7.4218750000000000e-02
-7.2265625000000000e-02
-7.0312500000000000e-02
-6.8359375000000000e-02
-6.6406250000000000e-02
-6.4453125000000000e-02
-6.2500000000000000e-02
-6.0546875000000000e-02
-5.8593750000000000e-02
-5.6640625000000000e-02
-5.4687500000000000e-02
-5.2734375000000000e-02
-5.0781250000000000e-02
-4.8828125000000000e-02
-4.6875000000000000e-02
-4.4921875000000000e-02
-4.2968750000000000e-02
-4.1015625000000000e-02
-3.9062500000000000e-02
-3.7109375000000000e-02
-3.5156250000000000e-02
-3.3203125000000000e-02
-3.1250000000000000e-02
-2.9296875000000000e-02
-2.7343750000000000e-02
-2.5390625000000000e-02
-2.3437500000000000e-02
-2.1484375000000000e-02
-1.9531250000000000e-02
-1.7578125000000000e-02
-1.5625000000000000e-02
-1.3671875000000000e-02
-1.1718750000000000e-02
-9.7656250000000000e-03
-7.8125000000000000e-03
-5.8593750000000000e-03
-3.9062500000000000e-03
-1.9531250000000000e-03
0.0000000000000000e+00
1.9531250000000000e-03
3.9062500000000000e-03
5.8593750000000000e-03
7.8125000000000000e-03
9.7656250000000000e-03
1.1718750000000000e-02
1.3671875000000000e-02
1.5625000000000000e-02
1.7578125000000000e-02
1.9531250000000000e-02
2.1484375000000000e-02
2.3437500000000000e-02
2.5390625000000000e-02
2.7343750000000000e-02
2.9296875000000000e-02
3.1250000000000000e-02
3.3203125000000000e-02
3.5156250000000000e-02
3.7109375000000000e-02
3.9062500000000000e-02
4.1015625000000000e-02
4.2968750000000000e-02
4.4921875000000000e-02
4.6875000000000000e-02
4.8828125000000000e-02
5.0781250000000000e-02
5.2734375000000000e-02
5.4687500000000000e-02
5.6640625000000000e-02
5.8593750000000000e-02
6.0546875000000000e-02
6.2500000000000000e-02
6.4453125000000000e-02
6.6406250000000000e-02
6.8359375000000000e-02
7.0312500000000000e-02
7.2265625000000000e-02
7.4218750000000000e-02
7.6171875000000000e-02
7.8125000000000000e-02
8.0078125000000000e-02
8.2031250000000000e-02
8.3984375000000000e-02
8.5937500000000000e-02
8.7890625000000000e-02
8.9843750000000000e-02
9.1796875000000000e-02
9.3750000000000000e-02
9.5703125000000000e-02
9.7656250000000000e-02
9.9609375000000000e-02
1.0156250000000000e-01
1.0351562500000000e-01
1.0546875000000000e-01
1.0742187500000000e-01
1.0937500000000000e-01
1.1132812500000000e-01
1.1328125000000000e-01
1.1523437500000000e-01
1.1718750000000000e-01
1.1914062500000000e-01
1.2109375000000000e-01
1.2304687500000000e-01
1.2500000000000000e-01
1.2695312500000000e-01
1.2890625000000000e-01
1.3085937500000000e-01
1.3281250000000000e-01
1.3476562500000000e-01
1.3671875000000000e-01
1.3867187500000000e-01
1.4062500000000000e-01
1.4257812500000000e-01
1.4453125000000000e-01
1.4648437500000000e-01
1.4843750000000000e-01
1.5039062500000000e-01
1.5234375000000000e-01
1.5429687500000000e-01
1.5625000000000000e-01
1.5820312500000000e-01
1.6015625000000000e-01
1.6210937500000000e-01
1.6406250000000000e-01
1.6601562500000000e-01
1.6796875000000000e-01
1.6992187500000000e-01
1.7187500000000000e-01
1.7382812500000000e-01
1.7578125000000000e-01
1.7773437500000000e-01
1.7968750000000000e-01
1.8164062500000000e-01
1.8359375000000000e-01
1.8554687500000000e-01
1.8750000000000000e-01
1.8945312500000000e-01
1.9140625000000000e-01
1.9335937500000000e-01
1.9531250000000000e-01
1.9726562500000000e-01
1.9921875000000000e-01
2.0117187500000000e-01
2.0312500000000000e-01
2.0507812500000000e-01
2.0703125000000000e-01
2.0898437500000000e-01
2.1093750000000000e-01
2.1289062500000000e-01
2.1484375000000000e-01
2.1679687500000000e-01
2.1875000000000000e-01
2.2070312500000000e-01
2.2265625000000000e-01
2.2460937500000000e-01
2.2656250000000000e-01
2.2851562500000000e-01
2.3046875000000000e-01
2.3242187500000000e-01
2.3437500000000000e-01
2.3632812500000000e-01
2.3828125000000000e-01
2.4023437500000000e-01
2.4218750000000000e-01
2.4414062500000000e-01
2.4609375000000000e-01
2.4804687500000000e-01
2.5000000000000000e-01
2.5195312500000000e-01
2.5390625000000000e-01
2.5585937500000000e-01
2.5781250000000000e-01
2.5976562500000000e-01
2.6171875000000000e-01
2.6367187500000000e-01
2.6562500000000000e-01
2.6757812500000000e-01
2.6953125000000000e-01
2.7148437500000000e-01
2.7343750000000000e-01
2.7539062500000000e-01
2.7734375000000000e-01
2.7929687500000000e-01
2.8125000000000000e-01
2.8320312500000000e-01
2.8515625000000000e-01
2.8710937500000000e-01
2.8906250000000000e-01
2.9101562500000000e-01
2.9296875000000000e-01
2.9492187500000000e-01
2.9687500000000000e-01
2.9882812500000000e-01
3.0078125000000000e-01
3.0273437500000000e-01
3.0468750000000000e-01
3.0664062500000000e-01
3.0859375000000000e-01
3.1054687500000000e-01
3.1250000000000000e-01
3.1445312500000000e-01
3.1640625000000000e-01
3.1835937500000000e-01
3.2031250000000000e-01
3.2226562500000000e-01
3.2421875000000000e-01
3.2617187500000000e-01
3.2812500000000000e-01
3.3007812500000000e-01
3.3203125000000000e-01
3.3398437500000000e-01
3.3593750000000000e-01
3.3789062500000000e-01
3.3984375000000000e-01
3.4179687500000000e-01
3.4375000000000000e-01
3.4570312500000000e-01
3.4765625000000000e-01
3.4960937500000000e-01
3.5156250000000000e-01
3.5351562500000000e-01
3.5546875000000000e-01
3.5742187500000000e-01
3.5937500000000000e-01
3.6132812500000000e-01
3.6328125000000000e-01
3.6523437500000000e-01
3.6718750000000000e-01
3.6914062500000000e-01
3.7109375000000000e-01
3.7304687500000000e-01
3.7500000000000000e-01
3.7695312500000000e-01
3.7890625000000000e-01
3.8085937500000000e-01
3.8281250000000000e-01
3.8476562500000000e-01
3.8671875000000000e-01
3.8867187500000000e-01
3.9062500000000000e-01
3.9257812500000000e-01
3.9453125000000000e-01
3.9648437500000000e-01
3.9843750000000000e-01
4.0039062500000000e-01
4.0234375000000000e-01
4.0429687500000000e-01
4.0625000000000000e-01
4.0820312500000000e-01
4.1015625000000000e-01
4.1210937500000000e-01
4.1406250000000000e-01
4.1601562500000000e-01
4.1796875000000000e-01
4.1992187500000000e-01
4.2187500000000000e-01
4.2382812500000000e-01
4.2578125000000000e-01
4.2773437500000000e-01
4.2968750000000000e-01
4.3164062500000000e-01
4.3359375000000000e-01
4.3554687500000000e-01
4.3750000000000000e-01
4.3945312500000000e-01
4.4140625000000000e-01
4.4335937500000000e-01
4.4531250000000000e-01
4.4726562500000000e-01
4.4921875000000000e-01
4.5117187500000000e-01
4.5312500000000000e-01
4.5507812500000000e-01
4.5703125000000000e-01
4.5898437500000000e-01
4.6093750000000000e-01
4.6289062500000000e-01
4.6484375000000000e-01
4.6679687500000000e-01
4.6875000000000000e-01
4.7070312500000000e-01
4.7265625000000000e-01
4.7460937500000000e-01
4.7656250000000000e-01
4.7851562500000000e-01
4.8046875000000000e-01
4.8242187500000000e-01
4.8437500000000000e-01
4.8632812500000000e-01
4.8828125000000000e-01
4.9023437500000000e-01
4.9218750000000000e-01
4.9414062500000000e-01
4.9609375000000000e-01
4.9804687500000000e-01
5.0000000000000000e-01
5.0195312500000000e-01
5.0390625000000000e-01
5.0585937500000000e-01
5.0781250000000000e-01
5.0976562500000000e-01
5.1171875000000000e-01
5.1367187500000000e-01
5.1562500000000000e-01
5.1757812500000000e-01
5.1953125000000000e-01
5.2148437500000000e-01
5.2343750000000000e-01
5.2539062500000000e-01
5.2734375000000000e-01
5.2929687500000000e-01
5.3125000000000000e-01
5.3320312500000000e-01
5.3515625000000000e-01
5.3710937500000000e-01
5.3906250000000000e-01
5.4101562500000000e-01
5.4296875000000000e-01
5.4492187500000000e-01
5.4687500000000000e-01
5.4882812500000000e-01
5.5078125000000000e-01
5.5273437500000000e-01
5.5468750000000000e-01
5.5664062500000000e-01
5.5859375000000000e-01
5.6054687500000000e-01
5.6250000000000000e-01
5.6445312500000000e-01
5.6640625000000000e-01
5.6835937500000000e-01
5.7031250000000000e-01
5.7226562500000000e-01
5.7421875000000000e-01
5.7617187500000000e-01
5.7812500000000000e-01
5.8007812500000000e-01
5.8203125000000000e-01
5.8398437500000000e-01
5.8593750000000000e-01
5.8789062500000000e-01
5.8984375000000000e-01
5.9179687500000000e-01
5.9375000000000000e-01
5.9570312500000000e-01
5.9765625000000000e-01
5.9960937500000000e-01
6.0156250000000000e-01
6.0351562500000000e-01
6.0546875000000000e-01
6.0742187500000000e-01
6.0937500000000000e-01
6.1132812500000000e-01
6.1328125000000000e-01
6.1523437500000000e-01
6.1718750000000000e-01
6.1914062500000000e-01
6.2109375000000000e-01
6.2304687500000000e-01
6.2500000000000000e-01
6.2695312500000000e-01
6.2890625000000000e-01
6.3085937500000000e-01
6.3281250000000000e-01
6.3476562500000000e-01
6.3671875000000000e-01
6.3867187500000000e-01
6.4062500000000000e-01
6.4257812500000000e-01
6.4453125000000000e-01
6.4648437500000000e-01
6.4843750000000000e-01
6.5039062500000000e-01
6.5234375000000000e-01
6.5429687500000000e-01
6.5625000000000000e-01
6.5820312500000000e-01
6.6015625000000000e-01
6.6210937500000000e-01
6.6406250000000000e-01
6.6601562500000000e-01
6.6796875000000000e-01
6.6992187500000000e-01
6.7187500000000000e-01
6.7382812500000000e-01
6.7578125000000000e-01
6.7773437500000000e-01
6.7968750000000000e-01
6.8164062500000000e-01
6.8359375000000000e-01
6.8554687500000000e-01
6.8750000000000000e-01
6.8945312500000000e-01
6.9140625000000000e-01
6.9335937500000000e-01
6.9531250000000000e-01
6.9726562500000000e-01
6.9921875000000000e-01
7.0117187500000000e-01
7.0312500000000000e-01
7.0507812500000000e-01
7.0703125000000000e-01
7.0898437500000000e-01
7.1093750000000000e-01
7.1289062500000000e-01
7.1484375000000000e-01
7.1679687500000000e-01
7.1875000000000000e-01
7.2070312500000000e-01
7.2265625000000000e-01
7.2460937500000000e-01
7.2656250000000000e-01
7.2851562500000000e-01
7.3046875000000000e-01
7.3242187500000000e-01
7.3437500000000000e-01
7.3632812500000000e-01
7.3828125000000000e-01
7.4023437500000000e-01
7.4218750000000000e-01
7.4414062500000000e-01
7.4609375000000000e-01
7.4804687500000000e-01
7.5000000000000000e-01
7.5195312500000000e-01
7.5390625000000000e-01
7.5585937500000000e-01
7.5781250000000000e-01
7.5976562500000000e-01
7.6171875000000000e-01
7.6367187500000000e-01
7.6562500000000000e-01
7.6757812500000000e-01
7.6953125000000000e-01
7.7148437500000000e-01
7.7343750000000000e-01
7.7539062500000000e-01
7.7734375000000000e-01
7.7929687500000000e-01
7.8125000000000000e-01
7.8320312500000000e-01
7.8515625000000000e-01
7.8710937500000000e-01
7.8906250000000000e-01
7.9101562500000000e-01
7.9296875000000000e-01
7.9492187500000000e-01
7.9687500000000000e-01
7.9882812500000000e-01
8.0078125000000000e-01
8.0273437500000000e-01
8.0468750000000000e-01
8.0664062500000000e-01
8.0859375000000000e-01
8.1054687500000000e-01
8.1250000000000000e-01
8.1445312500000000e-01
8.1640625000000000e-01
8.1835937500000000e-01
8.2031250000000000e-01
8.2226562500000000e-01
8.2421875000000000e-01
8.2617187500000000e-01
8.2812500000000000e-01
8.3007812500000000e-01
8.3203125000000000e-01
8.3398437500000000e-01
8.3593750000000000e-01
8.3789062500000000e-01
8.3984375000000000e-01
8.4179687500000000e-01
8.4375000000000000e-01
8.4570312500000000e-01
8.4765625000000000e-01
8.4960937500000000e-01
8.5156250000000000e-01
8.5351562500000000e-01
8.5546875000000000e-01
8.5742187500000000e-01
8.5937500000000000e-01
8.6132812500000000e-01
8.6328125000000000e-01
8.6523437500000000e-01
8.6718750000000000e-01
8.6914062500000000e-01
8.7109375000000000e-01
8.7304687500000000e-01
8.7500000000000000e-01
8.7695312500000000e-01
8.7890625000000000e-01
8.8085937500000000e-01
8.8281250000000000e-01
8.8476562500000000e-01
8.8671875000000000e-01
8.8867187500000000e-01
8.9062500000000000e-01
8.9257812500000000e-01
8.9453125000000000e-01
8.9648437500000000e-01
8.9843750000000000e-01
9.0039062500000000e-01
9.0234375000000000e-01
9.0429687500000000e-01
9.0625000000000000e-01
9.0820312500000000e-01
9.1015625000000000e-01
9.1210937500000000e-01
9.1406250000000000e-01
9.1601562500000000e-01
9.1796875000000000e-01
9.1992187500000000e-01
9.2187500000000000e-01
9.2382812500000000e-01
9.2578125000000000e-01
9.2773437500000000e-01
9.2968750000000000e-01
9.3164062500000000e-01
9.3359375000000000e-01
9.3554687500000000e-01
9.3750000000000000e-01
9.3945312500000000e-01
9.4140625000000000e-01
9.4335937500000000e-01
9.4531250000000000e-01
9.4726562500000000e-01
9.4921875000000000e-01
9.5117187500000000e-01
9.5312500000000000e-01
9.5507812500000000e-01
9.5703125000000000e-01
9.5898437500000000e-01
9.6093750000000000e-01
9.6289062500000000e-01
9.6484375000000000e-01
9.6679687500000000e-01
9.6875000000000000e-01
9.7070312500000000e-01
9.7265625000000000e-01
9.7460937500000000e-01
9.7656250000000000e-01
9.7851562500000000e-01
9.8046875000000000e-01
9.8242187500000000e-01
9.8437500000000000e-01
9.8632812500000000e-01
9.8828125000000000e-01
9.9023437500000000e-01
9.9218750000000000e-01
9.9414062500000000e-01
9.9609375000000000e-01
9.9804687500000000e-01
