%%MatrixMarket matrix coordinate real general
%
279 279 162
1 10 1.128886721016068e+00
1 11 3.648015281808026e-01
1 12 -8.108833879502317e-02
1 13 -1.934548288090387e-02
1 14 3.963055707113157e-02
1 15 -4.360522943874613e-03
1 16 -2.383468761167499e-02
1 17 -1.130981914556010e-02
1 18 -6.608998355542497e-04
1 145 6.559061877940150e-04
1 146 9.942562460241651e-03
1 147 1.662768741732000e-02
1 148 2.189690916089127e-03
1 149 -1.300883063495634e-02
1 150 3.684009202837277e-03
1 151 7.370407434919079e-03
1 152 -9.903211170919062e-03
1 153 4.320187133485827e-03
2 10 -1.946603400966420e-01
2 11 8.194556018114637e-01
2 12 8.453519213002958e-01
2 13 8.941016994555676e-02
2 14 -1.509472923848867e-01
2 15 1.531926222076541e-02
2 16 8.043313241304531e-02
2 17 3.738448385480556e-02
2 18 2.165125410075797e-03
2 145 -2.146531909365995e-03
2 146 -3.228741036227865e-02
2 147 -5.333825339575225e-02
2 148 -6.933037876038517e-03
2 149 4.071918096306302e-02
2 150 -1.142812838892234e-02
2 151 -2.271675331676659e-02
2 152 3.039815995453323e-02
2 153 -1.323457091334373e-02
3 10 1.077898942356713e-01
3 11 -2.889109156923248e-01
3 12 3.299673359533300e-01
3 13 9.980348603289079e-01
3 14 5.879695423797844e-01
3 15 -4.002974318365059e-02
3 16 -1.820905196773940e-01
3 17 -7.934326425256337e-02
3 18 -4.475936270564448e-03
3 145 4.424225860598829e-03
3 146 6.510554638922857e-02
3 147 1.040152149855680e-01
3 148 1.306870827771027e-02
3 149 -7.459286110187001e-02
3 150 2.048688777259693e-02
3 151 4.011304269704104e-02
3 152 -5.317155405934341e-02
3 153 2.304476016308864e-02
4 10 -7.107467396218857e-02
4 11 1.739602865291659e-01
4 12 -1.504395625967402e-01
4 13 -1.006522569631177e-01
4 14 6.690128883233533e-01
4 15 9.933317053474532e-01
4 16 6.265934279351885e-01
4 17 2.023782023491814e-01
4 18 1.037216001587786e-02
4 145 -1.014809266520458e-02
4 146 -1.391183040317297e-01
4 147 -2.017600458799609e-01
4 148 -2.324486740935293e-02
4 149 1.242615554319795e-01
4 150 -3.260165948376758e-02
4 151 -6.193432351704962e-02
4 152 8.061353422324739e-02
4 153 -3.464021496124542e-02
5 10 4.956823738510598e-02
5 11 -1.172434297766254e-01
5 12 9.337627083999379e-02
5 13 5.241160046681225e-02
5 14 -2.230447400475990e-01
5 15 5.065880465089875e-02
5 16 6.333540438136608e-01
5 17 9.472480027386746e-01
5 18 9.998140432063428e-01
5 145 9.998140432063428e-01
5 146 9.472480027386744e-01
5 147 6.333540438136602e-01
5 148 5.065880465089870e-02
5 149 -2.230447400475984e-01
5 150 5.241160046681314e-02
5 151 9.337627083999406e-02
5 152 -1.172434297766255e-01
5 153 4.956823738510606e-02
6 10 -3.464021496124541e-02
6 11 8.061353422324735e-02
6 12 -6.193432351704951e-02
6 13 -3.260165948376707e-02
6 14 1.242615554319800e-01
6 15 -2.324486740935298e-02
6 16 -2.017600458799613e-01
6 17 -1.391183040317298e-01
6 18 -1.014809266520460e-02
6 145 1.037216001587787e-02
6 146 2.023782023491816e-01
6 147 6.265934279351886e-01
6 148 9.933317053474532e-01
6 149 6.690128883233522e-01
6 150 -1.006522569631195e-01
6 151 -1.504395625967409e-01
6 152 1.739602865291664e-01
6 153 -7.107467396218876e-02
7 10 2.304476016308861e-02
7 11 -5.317155405934335e-02
7 12 4.011304269704094e-02
7 13 2.048688777259659e-02
7 14 -7.459286110187024e-02
7 15 1.306870827771029e-02
7 16 1.040152149855682e-01
7 17 6.510554638922862e-02
7 18 4.424225860598831e-03
7 145 -4.475936270564451e-03
7 146 -7.934326425256341e-02
7 147 -1.820905196773940e-01
7 148 -4.002974318365060e-02
7 149 5.879695423797846e-01
7 150 9.980348603289083e-01
7 151 3.299673359533302e-01
7 152 -2.889109156923248e-01
7 153 1.077898942356713e-01
8 10 -1.323457091334368e-02
8 11 3.039815995453312e-02
8 12 -2.271675331676647e-02
8 13 -1.142812838892212e-02
8 14 4.071918096306303e-02
8 15 -6.933037876038508e-03
8 16 -5.333825339575216e-02
8 17 -3.228741036227857e-02
8 18 -2.146531909365989e-03
8 145 2.165125410075791e-03
8 146 3.738448385480546e-02
8 147 8.043313241304505e-02
8 148 1.531926222076535e-02
8 149 -1.509472923848859e-01
8 150 8.941016994555802e-02
8 151 8.453519213002961e-01
8 152 8.194556018114629e-01
8 153 -1.946603400966418e-01
9 10 4.320187133485814e-03
9 11 -9.903211170919033e-03
9 12 7.370407434919046e-03
9 13 3.684009202837210e-03
9 14 -1.300883063495635e-02
9 15 2.189690916089126e-03
9 16 1.662768741731999e-02
9 17 9.942562460241638e-03
9 18 6.559061877940140e-04
9 145 -6.608998355542487e-04
9 146 -1.130981914556008e-02
9 147 -2.383468761167493e-02
9 148 -4.360522943874602e-03
9 149 3.963055707113140e-02
9 150 -1.934548288090417e-02
9 151 -8.108833879502329e-02
9 152 3.648015281808027e-01
9 153 1.128886721016068e+00
