820 0
1 0.000000e+00 0.000000e+00 0
2 1.000000e+00 0.000000e+00 0
3 1.000000e+00 1.000000e+00 0
4 0.000000e+00 1.000000e+00 0
5 5.000000e-01 5.000000e-01 0
6 0.000000e+00 5.000000e-01 0
7 4.098906e-01 2.172433e-01 0
8 2.500000e-01 5.000000e-01 0
9 2.232361e-01 5.896946e-01 0
10 4.129900e-01 3.919525e-01 0
11 1.875000e-01 4.375000e-01 0
12 1.525325e-01 4.413781e-01 0
13 4.842296e-01 3.754970e-01 0
14 4.844705e-01 4.387168e-01 0
15 2.343750e-01 4.531250e-01 0
16 4.421285e-01 4.650544e-01 0
17 2.656250e-01 4.687500e-01 0
18 3.798828e-01 5.063477e-01 0
19 3.144755e-01 5.127065e-01 0
20 2.839897e-01 4.974636e-01 0
21 1.234657e-01 4.631897e-01 0
22 1.015625e-01 4.921875e-01 0
23 1.668929e-01 4.112762e-01 0
24 1.615275e-01 3.783588e-01 0
25 0.000000e+00 2.500000e-01 0
26 1.832593e-01 5.042407e-01 0
27 1.204336e-01 4.269760e-01 0
28 1.728837e-01 4.700764e-01 0
29 2.081562e-01 4.780219e-01 0
30 1.424457e-01 4.979779e-01 0
31 9.676416e-02 5.667563e-01 0
32 4.369288e-02 5.451822e-01 0
33 0.000000e+00 6.250000e-01 0
34 1.178424e-01 5.244663e-01 0
35 1.612216e-01 5.488665e-01 0
36 8.412850e-02 5.212252e-01 0
37 2.196704e-01 5.499761e-01 0
38 2.754499e-01 5.526504e-01 0
39 0.000000e+00 7.500000e-01 0
40 1.907070e-01 5.356730e-01 0
41 2.173065e-01 5.127719e-01 0
42 3.073085e-01 4.328851e-01 0
43 0.000000e+00 5.625000e-01 0
44 7.314621e-02 5.487918e-01 0
45 1.289238e-02 5.312500e-01 0
46 5.413228e-02 4.993565e-01 0
47 1.285453e-01 5.561988e-01 0
48 9.224249e-02 6.137913e-01 0
49 3.766449e-02 5.937500e-01 0
50 5.868279e-03 5.937500e-01 0
51 2.738549e-02 5.678161e-01 0
52 7.074818e-02 5.879901e-01 0
53 4.937708e-02 6.461896e-01 0
54 3.010823e-02 6.229655e-01 0
55 2.484268e-01 5.332366e-01 0
56 3.569580e-01 5.696469e-01 0
57 7.511684e-02 4.777066e-01 0
58 5.000000e-01 0.000000e+00 0
59 2.168413e-01 2.868133e-01 0
60 1.050443e-01 2.744325e-01 0
61 2.544521e-01 3.929509e-01 0
62 4.737117e-01 4.686248e-01 0
63 2.198015e-01 3.267681e-01 0
64 3.260017e-01 3.972089e-01 0
65 4.402476e-01 1.860441e-01 0
66 4.101290e-01 2.871831e-01 0
67 4.553165e-01 2.749998e-01 0
68 2.955794e-01 3.152487e-01 0
69 2.213491e-01 3.896922e-01 0
70 2.324685e-01 6.500636e-01 0
71 1.562442e-01 6.031622e-01 0
72 1.216538e-01 5.928839e-01 0
73 2.414042e-03 6.875000e-01 0
74 1.623083e-01 6.723332e-01 0
75 3.009039e-01 5.384830e-01 0
76 3.181942e-01 5.994974e-01 0
77 2.467811e-01 5.675615e-01 0
78 3.285005e-01 6.300502e-01 0
79 0.000000e+00 3.750000e-01 0
80 2.057708e-01 6.200967e-01 0
81 2.712523e-01 6.603884e-01 0
82 3.697798e-01 6.168622e-01 0
83 1.295204e-01 6.791330e-01 0
84 1.898870e-01 5.788704e-01 0
85 4.103059e-01 7.649906e-01 0
86 1.658558e-01 6.390361e-01 0
87 1.607098e-02 6.556759e-01 0
88 2.559743e-01 6.022461e-01 0
89 1.071263e-01 7.158771e-01 0
90 4.410050e-01 7.833831e-01 0
91 7.642601e-02 3.289833e-01 0
92 9.201251e-02 6.580432e-01 0
93 1.288322e-01 6.361080e-01 0
94 5.000000e-01 1.000000e+00 0
95 2.578200e-01 6.328395e-01 0
96 3.490360e-01 6.549095e-01 0
97 2.133587e-01 7.301160e-01 0
98 4.699861e-01 6.262726e-01 0
99 4.035046e-01 7.267338e-01 0
100 3.109449e-01 6.690167e-01 0
101 3.475666e-01 5.975458e-01 0
102 4.044191e-01 6.233301e-01 0
103 3.532159e-01 7.246747e-01 0
104 7.617243e-01 2.475307e-01 0
105 3.814415e-01 6.947485e-01 0
106 5.955472e-02 7.103105e-01 0
107 3.711463e-02 6.835489e-01 0
108 6.875142e-02 6.798099e-01 0
109 4.747563e-01 5.339501e-01 0
110 2.850123e-01 3.532450e-01 0
111 3.927248e-01 5.467995e-01 0
112 3.756336e-01 6.447323e-01 0
113 4.316904e-01 7.166440e-01 0
114 3.405320e-01 6.904268e-01 0
115 4.611761e-01 7.021636e-01 0
116 4.375166e-01 6.397350e-01 0
117 3.227059e-01 5.652618e-01 0
118 4.094981e-01 5.192102e-01 0
119 4.497411e-01 6.745937e-01 0
120 5.354841e-01 6.920617e-01 0
121 6.795881e-01 3.765346e-01 0
122 1.944052e-01 6.627902e-01 0
123 1.161252e-01 3.082763e-01 0
124 7.019713e-02 2.477829e-01 0
125 1.347546e-01 3.489918e-01 0
126 1.225027e-01 3.870489e-01 0
127 5.901358e-02 4.037759e-01 0
128 9.891282e-02 3.584538e-01 0
129 8.941554e-02 3.903165e-01 0
130 5.982422e-02 3.645415e-01 0
131 3.232958e-02 3.835990e-01 0
132 1.048485e-02 4.402219e-01 0
133 3.967693e-02 4.643506e-01 0
134 8.786035e-03 4.070413e-01 0
135 4.206418e-02 4.317390e-01 0
136 8.169150e-02 4.366402e-01 0
137 4.837513e-01 2.500000e-01 0
138 3.978891e-01 1.704244e-01 0
139 7.427444e-02 2.923601e-01 0
140 1.545273e-02 3.141906e-01 0
141 3.483107e-02 2.752237e-01 0
142 4.820055e-02 3.122668e-01 0
143 2.794387e-02 3.479094e-01 0
144 4.022458e-01 5.881592e-01 0
145 4.402726e-01 5.094404e-01 0
146 4.172824e-01 6.904018e-01 0
147 4.739257e-01 6.563247e-01 0
148 2.962746e-01 6.311389e-01 0
149 7.123158e-01 2.659714e-01 0
150 4.006370e-01 6.583645e-01 0
151 6.939817e-01 9.085413e-01 0
152 4.715918e-01 8.019621e-01 0
153 4.434099e-01 6.032681e-01 0
154 0.000000e+00 8.750000e-01 0
155 4.910059e-01 7.011398e-01 0
156 4.575162e-01 7.317857e-01 0
157 5.017897e-01 6.113048e-01 0
158 5.127679e-01 8.605058e-01 0
159 3.422009e-02 7.368216e-01 0
160 7.709744e-03 7.190012e-01 0
161 6.855420e-02 7.442714e-01 0
162 4.397750e-01 5.577443e-01 0
163 4.779382e-01 5.762392e-01 0
164 2.864085e-01 5.855755e-01 0
165 5.042034e-01 6.577053e-01 0
166 1.547027e-01 7.214030e-01 0
167 4.719412e-01 7.653922e-01 0
168 4.898637e-01 7.335132e-01 0
169 5.117322e-01 7.574111e-01 0
170 1.806384e-01 8.056335e-01 0
171 4.731643e-01 8.420342e-01 0
172 1.510122e-01 7.652953e-01 0
173 7.823590e-01 8.356703e-01 0
174 2.747921e-01 7.397167e-01 0
175 3.038436e-01 7.099789e-01 0
176 2.300233e-01 7.060346e-01 0
177 3.176858e-01 7.525610e-01 0
178 2.205095e-01 6.775800e-01 0
179 1.902791e-01 7.035054e-01 0
180 2.671887e-01 7.032294e-01 0
181 2.495952e-01 6.799474e-01 0
182 2.275081e-01 8.231868e-01 0
183 4.400977e-01 8.193440e-01 0
184 2.500000e-01 1.000000e+00 0
185 1.066760e-01 7.669700e-01 0
186 2.806590e-01 7.981679e-01 0
187 1.847737e-01 7.715479e-01 0
188 3.621380e-01 7.726200e-01 0
189 2.294194e-01 7.546044e-01 0
190 1.550425e-01 8.272585e-01 0
191 1.282845e-01 7.412831e-01 0
192 4.850885e-01 9.137575e-01 0
193 1.306066e-01 8.043308e-01 0
194 2.611651e-01 9.636653e-01 0
195 1.849463e-01 7.372128e-01 0
196 5.145472e-01 8.997840e-01 0
197 4.796845e-01 8.816036e-01 0
198 2.466489e-01 7.305299e-01 0
199 4.505965e-01 9.262857e-01 0
200 2.167716e-01 7.885698e-01 0
201 0.000000e+00 8.125000e-01 0
202 2.504570e-01 7.817757e-01 0
203 3.775724e-01 7.449450e-01 0
204 3.927405e-01 8.099597e-01 0
205 2.897726e-01 7.677331e-01 0
206 3.247699e-01 7.961463e-01 0
207 3.578896e-01 8.073121e-01 0
208 4.297212e-01 9.564664e-01 0
209 3.711196e-01 8.638602e-01 0
210 3.344890e-01 9.135640e-01 0
211 3.055497e-01 8.590223e-01 0
212 3.309825e-01 8.324211e-01 0
213 2.981809e-01 8.265187e-01 0
214 2.615691e-01 8.519060e-01 0
215 4.340750e-01 8.635602e-01 0
216 9.082973e-02 8.034644e-01 0
217 2.782997e-01 8.879702e-01 0
218 1.541703e-01 8.607553e-01 0
219 1.008708e-01 8.560230e-01 0
220 1.102150e-01 8.269994e-01 0
221 3.883650e-01 7.823354e-01 0
222 2.587804e-01 8.206555e-01 0
223 2.719496e-01 9.272158e-01 0
224 4.501506e-01 8.895917e-01 0
225 3.750000e-01 1.000000e+00 0
226 4.008697e-01 8.445072e-01 0
227 1.891167e-01 8.416292e-01 0
228 3.168212e-02 7.812500e-01 0
229 6.740657e-02 8.568445e-01 0
230 3.976068e-01 9.119437e-01 0
231 8.600660e-02 9.325245e-01 0
232 3.125000e-01 9.993226e-01 0
233 1.250000e-01 1.000000e+00 0
234 8.502748e-02 8.926395e-01 0
235 2.071911e-01 8.738919e-01 0
236 0.000000e+00 9.375000e-01 0
237 3.013522e-01 9.118368e-01 0
238 1.248785e-01 8.881465e-01 0
239 2.386358e-01 9.016889e-01 0
240 2.376871e-01 8.710781e-01 0
241 3.157441e-01 9.544560e-01 0
242 4.176784e-02 9.136560e-01 0
243 2.432865e-01 9.301209e-01 0
244 4.818984e-01 9.587195e-01 0
245 2.811419e-01 9.896867e-01 0
246 4.034737e-01 8.784304e-01 0
247 6.630848e-02 7.789044e-01 0
248 5.157034e-02 8.180898e-01 0
249 2.935556e-02 8.497803e-01 0
250 4.338992e-02 8.801970e-01 0
251 9.850140e-03 9.062500e-01 0
252 3.646580e-01 9.521357e-01 0
253 5.049257e-01 9.377591e-01 0
254 4.541735e-01 9.954860e-01 0
255 3.439451e-01 9.816606e-01 0
256 3.662293e-01 9.198224e-01 0
257 3.977638e-01 9.456739e-01 0
258 4.143324e-01 9.932816e-01 0
259 4.548990e-01 3.128594e-01 0
260 5.240189e-01 8.088403e-01 0
261 5.023379e-01 8.311767e-01 0
262 1.439356e-01 9.440526e-01 0
263 1.917691e-01 9.239514e-01 0
264 1.875000e-01 1.000000e+00 0
265 1.622366e-01 8.987390e-01 0
266 2.101639e-01 9.022130e-01 0
267 2.159977e-01 9.398133e-01 0
268 1.793656e-01 9.613992e-01 0
269 1.562500e-01 9.864279e-01 0
270 3.371726e-01 8.771918e-01 0
271 2.677386e-01 4.254603e-01 0
272 4.694086e-01 5.001166e-01 0
273 2.871214e-01 3.866947e-01 0
274 2.350104e-01 4.199407e-01 0
275 2.409027e-01 3.608252e-01 0
276 3.708759e-01 3.732655e-01 0
277 5.001729e-01 7.873550e-01 0
278 1.000000e+00 8.750000e-01 0
279 6.250000e-02 1.000000e+00 0
280 4.034022e-02 9.596598e-01 0
281 5.787773e-02 9.371800e-01 0
282 3.125000e-02 9.909098e-01 0
283 1.182937e-01 9.215922e-01 0
284 1.305853e-01 2.496163e-01 0
285 1.399445e-02 1.562500e-01 0
286 4.090116e-01 2.580556e-01 0
287 4.250254e-01 3.130786e-01 0
288 3.866645e-01 4.118172e-01 0
289 1.433475e-01 1.794330e-01 0
290 3.688600e-01 2.811529e-01 0
291 4.481405e-01 3.816930e-01 0
292 3.853051e-01 3.128389e-01 0
293 3.419974e-01 4.533201e-01 0
294 4.098177e-01 3.387924e-01 0
295 2.049966e-01 3.586133e-01 0
296 3.084990e-01 2.250784e-01 0
297 3.847107e-01 4.685035e-01 0
298 3.156379e-01 4.722745e-01 0
299 3.501861e-01 4.847373e-01 0
300 4.071586e-01 4.376558e-01 0
301 0.000000e+00 1.250000e-01 0
302 1.771160e-01 3.372598e-01 0
303 2.595977e-01 3.313949e-01 0
304 4.460081e-01 4.240867e-01 0
305 3.182319e-01 3.487962e-01 0
306 3.560357e-01 4.240452e-01 0
307 3.992597e-01 3.660972e-01 0
308 2.612830e-01 2.869848e-01 0
309 0.000000e+00 1.875000e-01 0
310 3.843943e-01 2.424466e-01 0
311 4.609672e-01 3.482038e-01 0
312 7.411558e-01 7.908887e-01 0
313 7.755775e-01 7.679382e-01 0
314 7.851214e-01 8.707495e-01 0
315 5.647785e-01 7.719203e-01 0
316 1.099112e-01 9.637150e-01 0
317 9.375000e-02 9.917153e-01 0
318 3.271640e-01 1.846590e-01 0
319 2.476789e-01 1.833850e-01 0
320 3.535780e-01 3.341930e-01 0
321 5.854609e-01 5.630002e-01 0
322 1.812198e-01 1.605905e-01 0
323 3.451220e-02 1.906532e-01 0
324 4.693543e-01 1.678087e-01 0
325 2.916777e-01 8.274688e-02 0
326 7.333212e-02 2.088614e-01 0
327 4.342782e-01 2.435210e-01 0
328 3.788871e-01 2.113773e-01 0
329 3.567047e-01 1.889370e-01 0
330 2.778562e-01 2.506661e-01 0
331 3.158415e-01 2.650136e-01 0
332 1.912240e-01 2.749425e-01 0
333 4.205637e-01 1.222782e-01 0
334 2.224516e-01 1.511415e-01 0
335 4.388964e-01 1.515402e-01 0
336 1.340757e-01 2.139990e-01 0
337 1.068975e-01 1.907156e-01 0
338 1.660118e-01 2.876509e-01 0
339 4.814058e-02 1.587894e-01 0
340 3.327077e-01 3.019496e-01 0
341 3.589634e-03 2.187500e-01 0
342 5.342781e-01 7.792071e-01 0
343 5.468648e-01 7.331893e-01 0
344 5.182825e-01 7.189601e-01 0
345 5.864978e-01 2.040057e-01 0
346 6.202080e-01 7.659446e-01 0
347 5.847629e-01 6.893089e-01 0
348 6.330332e-01 8.335756e-01 0
349 7.541001e-01 3.326786e-01 0
350 6.247994e-01 8.959152e-01 0
351 5.564872e-01 8.037260e-01 0
352 8.169668e-01 7.780386e-01 0
353 5.528878e-01 8.783678e-01 0
354 5.333449e-01 8.379290e-01 0
355 4.744661e-01 4.071445e-01 0
356 3.357044e-01 1.015635e-01 0
357 3.435373e-02 2.253088e-01 0
358 2.389164e-01 1.270869e-01 0
359 3.604423e-02 1.248352e-01 0
360 1.007568e-01 2.366571e-01 0
361 3.465927e-01 2.331244e-01 0
362 3.541356e-01 1.281545e-01 0
363 2.469071e-01 9.181934e-02 0
364 2.111438e-01 1.904886e-01 0
365 9.793787e-02 1.567603e-01 0
366 1.779012e-01 2.072280e-01 0
367 1.445637e-01 1.343959e-01 0
368 2.675303e-01 1.215235e-01 0
369 2.550434e-01 1.516323e-01 0
370 9.560759e-02 9.898157e-02 0
371 1.639486e-01 2.540567e-01 0
372 2.722270e-01 2.127828e-01 0
373 2.920315e-01 2.846138e-01 0
374 7.186167e-02 1.288756e-01 0
375 1.430967e-01 6.598758e-02 0
376 2.500000e-01 0.000000e+00 0
377 1.917677e-01 3.079330e-01 0
378 2.988142e-01 1.939995e-01 0
379 7.063447e-02 1.788456e-01 0
380 2.391640e-01 2.604960e-01 0
381 1.969186e-01 2.472887e-01 0
382 2.327893e-01 2.207665e-01 0
383 3.403495e-01 3.700763e-01 0
384 1.491356e-01 3.174756e-01 0
385 1.250000e-01 0.000000e+00 0
386 2.146379e-01 1.109542e-01 0
387 3.454755e-01 2.628185e-01 0
388 3.034336e-01 1.617761e-01 0
389 4.636771e-01 2.111597e-01 0
390 4.145344e-01 4.853364e-01 0
391 4.809196e-01 1.095104e-01 0
392 1.799280e-01 1.236531e-01 0
393 2.371203e-01 5.700736e-02 0
394 3.353071e-01 6.921182e-02 0
395 3.878572e-01 1.309539e-01 0
396 1.264618e-01 1.564421e-01 0
397 3.179318e-01 1.285991e-01 0
398 3.352678e-01 1.559312e-01 0
399 3.750000e-01 0.000000e+00 0
400 2.517138e-01 3.034584e-02 0
401 3.675659e-01 1.580324e-01 0
402 3.125000e-01 1.169150e-02 0
403 1.534246e-01 9.998599e-02 0
404 3.847587e-01 8.478273e-02 0
405 4.522081e-01 1.228266e-01 0
406 5.464436e-02 4.648984e-02 0
407 5.771130e-02 9.353887e-02 0
408 0.000000e+00 6.250000e-02 0
409 9.453561e-01 3.402910e-01 0
410 9.375000e-02 2.015042e-02 0
411 1.787959e-02 9.375000e-02 0
412 6.250000e-02 0.000000e+00 0
413 3.048183e-01 4.801904e-02 0
414 2.727566e-01 5.573732e-02 0
415 2.831643e-01 2.446422e-02 0
416 2.946355e-01 1.114957e-01 0
417 3.705927e-01 4.346027e-02 0
418 3.374403e-01 3.508427e-02 0
419 4.375000e-01 2.829169e-02 0
420 4.475358e-01 7.514192e-02 0
421 4.014992e-01 2.464088e-02 0
422 1.140630e-01 7.487173e-02 0
423 3.125000e-02 1.862814e-02 0
424 1.279873e-01 3.465601e-02 0
425 1.875000e-01 1.206941e-02 0
426 1.545359e-01 1.491083e-02 0
427 4.175790e-01 8.928522e-02 0
428 4.051442e-01 5.805626e-02 0
429 4.819350e-01 4.327322e-02 0
430 4.677541e-01 1.194588e-02 0
431 4.806444e-01 7.637979e-02 0
432 1.908621e-01 6.938741e-02 0
433 1.686027e-01 4.488061e-02 0
434 2.076873e-01 3.964290e-02 0
435 3.492728e-01 5.310627e-01 0
436 6.297368e-01 2.431913e-01 0
437 6.608783e-01 7.932636e-01 0
438 6.521737e-01 7.450491e-01 0
439 8.449106e-01 1.955413e-01 0
440 6.800912e-01 6.741848e-01 0
441 2.187500e-01 9.779565e-01 0
442 8.214804e-01 2.628033e-01 0
443 7.354080e-01 1.262250e-01 0
444 1.000000e+00 5.000000e-01 0
445 5.020333e-01 3.367626e-01 0
446 4.960920e-01 2.927071e-01 0
447 6.078056e-01 1.457673e-01 0
448 6.190524e-01 2.733993e-01 0
449 6.250000e-01 0.000000e+00 0
450 9.313819e-01 4.080251e-01 0
451 5.572605e-01 1.767076e-01 0
452 5.159278e-01 2.087621e-01 0
453 4.903539e-01 2.219798e-01 0
454 7.762428e-01 3.059570e-01 0
455 5.546320e-01 1.419913e-01 0
456 7.429281e-01 5.772539e-01 0
457 5.198175e-01 1.422825e-01 0
458 7.936269e-01 6.182128e-02 0
459 5.101943e-01 1.142340e-01 0
460 7.016206e-01 8.402143e-02 0
461 5.881955e-01 1.704878e-01 0
462 5.235008e-01 1.758516e-01 0
463 4.875421e-01 1.411205e-01 0
464 5.350223e-01 2.645403e-01 0
465 5.557296e-01 2.174091e-01 0
466 7.500000e-01 0.000000e+00 0
467 5.311296e-01 2.347155e-01 0
468 6.399872e-01 6.247507e-02 0
469 5.858813e-01 7.386518e-01 0
470 1.000000e+00 3.750000e-01 0
471 5.609667e-01 6.314895e-01 0
472 7.793302e-01 3.561231e-02 0
473 5.823991e-01 9.730834e-01 0
474 5.132588e-01 5.362187e-01 0
475 7.500000e-01 1.000000e+00 0
476 6.293474e-01 6.623357e-01 0
477 5.146245e-01 3.660088e-01 0
478 5.861187e-01 2.451523e-01 0
479 6.903428e-01 7.462951e-01 0
480 5.288136e-01 6.364314e-01 0
481 8.071659e-01 2.276938e-01 0
482 6.300780e-01 6.928158e-01 0
483 6.484077e-01 2.862422e-01 0
484 5.469957e-01 5.549111e-01 0
485 6.459958e-01 1.659175e-01 0
486 5.654060e-01 2.675902e-01 0
487 5.067738e-01 2.664839e-01 0
488 7.494833e-01 3.629890e-02 0
489 5.896561e-01 2.861483e-01 0
490 6.595163e-01 2.069262e-01 0
491 8.099657e-01 2.977651e-01 0
492 5.933951e-01 7.772972e-01 0
493 7.220005e-01 1.963134e-01 0
494 8.171410e-01 6.500041e-01 0
495 6.649320e-01 6.329781e-01 0
496 5.933230e-01 6.509784e-01 0
497 9.254040e-01 5.619339e-01 0
498 1.000000e+00 4.375000e-01 0
499 9.154237e-01 2.800828e-01 0
500 7.097191e-01 1.121645e-01 0
501 7.443089e-01 2.923715e-01 0
502 8.543911e-01 3.983533e-01 0
503 5.268511e-01 3.109874e-01 0
504 6.400881e-01 5.967762e-01 0
505 7.320138e-01 6.832105e-01 0
506 5.568446e-01 3.304984e-01 0
507 5.563829e-01 2.983989e-01 0
508 6.861914e-01 5.334814e-01 0
509 8.416940e-01 2.888378e-01 0
510 6.222114e-01 6.221583e-01 0
511 7.636815e-01 6.267828e-02 0
512 6.574700e-01 7.062043e-01 0
513 8.126413e-01 4.267801e-01 0
514 7.175079e-01 2.285859e-01 0
515 9.776860e-01 3.437500e-01 0
516 8.716803e-01 6.185159e-01 0
517 8.177461e-01 5.475139e-01 0
518 6.875000e-01 0.000000e+00 0
519 5.354062e-01 6.193611e-02 0
520 6.592961e-01 1.237525e-01 0
521 6.297646e-01 1.259042e-01 0
522 9.194455e-01 8.051714e-01 0
523 7.968642e-01 3.553049e-01 0
524 7.840798e-01 6.978841e-01 0
525 7.028742e-01 3.433473e-01 0
526 7.391359e-01 5.235127e-01 0
527 1.000000e+00 7.500000e-01 0
528 8.846486e-01 5.018445e-01 0
529 7.087637e-01 6.402450e-01 0
530 7.524618e-01 6.482764e-01 0
531 9.117244e-01 3.819514e-01 0
532 6.931237e-01 4.077454e-01 0
533 8.448997e-01 3.610761e-01 0
534 6.957825e-01 1.379209e-01 0
535 7.804310e-01 4.890357e-01 0
536 7.769821e-01 2.205164e-01 0
537 6.922703e-01 2.076938e-01 0
538 8.281713e-01 4.724021e-01 0
539 6.164916e-01 3.077596e-01 0
540 7.267149e-01 5.513936e-01 0
541 7.017987e-01 6.055055e-01 0
542 8.460592e-01 5.171522e-01 0
543 7.732196e-01 8.016902e-01 0
544 7.859771e-01 2.725211e-01 0
545 8.806851e-01 3.718114e-01 0
546 7.010785e-01 5.679585e-01 0
547 5.647337e-01 5.296511e-01 0
548 6.454076e-01 5.520790e-01 0
549 7.864188e-01 6.005908e-01 0
550 7.550868e-01 7.010503e-01 0
551 8.921039e-01 4.094188e-01 0
552 6.875000e-01 9.899198e-01 0
553 7.724697e-01 5.232187e-01 0
554 6.189426e-01 3.421278e-01 0
555 8.511803e-01 5.503100e-01 0
556 5.555100e-01 4.147050e-01 0
557 7.896928e-01 4.543673e-01 0
558 9.156871e-01 8.497810e-01 0
559 7.255249e-01 3.237896e-01 0
560 8.101819e-01 7.452641e-01 0
561 9.518437e-01 3.721516e-01 0
562 7.364082e-01 7.234497e-01 0
563 7.434252e-01 4.045797e-01 0
564 8.348424e-01 3.253321e-01 0
565 5.878865e-01 4.739351e-01 0
566 5.826488e-01 5.037880e-01 0
567 6.157279e-01 5.530037e-01 0
568 5.905352e-01 9.406138e-01 0
569 8.060939e-01 8.096928e-01 0
570 7.857585e-01 7.278392e-01 0
571 7.787718e-01 3.892986e-01 0
572 8.639989e-01 8.074957e-01 0
573 5.587560e-01 6.662058e-01 0
574 8.172668e-01 3.882802e-01 0
575 8.652579e-01 3.360610e-01 0
576 7.488661e-01 3.686445e-01 0
577 6.702431e-01 5.893938e-01 0
578 7.642459e-01 1.191934e-01 0
579 9.368648e-01 6.014806e-01 0
580 9.483304e-01 2.548023e-01 0
581 6.194057e-01 1.974175e-01 0
582 6.722950e-01 8.725785e-02 0
583 6.776466e-01 2.510487e-01 0
584 9.262164e-01 2.360279e-01 0
585 7.244466e-01 1.645737e-01 0
586 8.752678e-01 2.146491e-01 0
587 7.829492e-01 5.548638e-01 0
588 7.001095e-01 7.081228e-01 0
589 7.078201e-01 6.685291e-01 0
590 9.105177e-01 3.493201e-01 0
591 5.896479e-01 3.269455e-01 0
592 7.536064e-01 2.001166e-01 0
593 8.585147e-01 4.484407e-01 0
594 8.564487e-01 4.870490e-01 0
595 7.152921e-01 3.819406e-01 0
596 9.423113e-01 5.001071e-01 0
597 7.642489e-01 4.316203e-01 0
598 5.568540e-01 4.704224e-01 0
599 6.880309e-01 4.413815e-01 0
600 5.458801e-01 3.603162e-01 0
601 5.896620e-01 4.291649e-01 0
602 5.369355e-01 3.899468e-01 0
603 5.265142e-01 4.891322e-01 0
604 5.272459e-01 4.604865e-01 0
605 9.597428e-01 6.531632e-01 0
606 7.739003e-01 1.808430e-01 0
607 8.070285e-01 5.769717e-01 0
608 8.332806e-01 5.941021e-01 0
609 8.017817e-01 1.832805e-01 0
610 1.000000e+00 1.250000e-01 0
611 8.347065e-01 1.604145e-01 0
612 6.406098e-01 9.511372e-02 0
613 5.750312e-01 5.946844e-01 0
614 9.054521e-01 5.891501e-01 0
615 6.216388e-01 7.221134e-01 0
616 8.515235e-01 2.415354e-01 0
617 5.916427e-01 6.204056e-01 0
618 6.853996e-01 1.756593e-01 0
619 6.798348e-01 2.826093e-01 0
620 5.369899e-01 6.049451e-01 0
621 9.126078e-01 4.330964e-01 0
622 5.610420e-01 7.071278e-01 0
623 9.702583e-01 7.603631e-01 0
624 5.157396e-01 5.761714e-01 0
625 5.832638e-01 9.222017e-02 0
626 7.879861e-01 9.512081e-02 0
627 5.471288e-01 1.045539e-01 0
628 5.115923e-01 8.268188e-02 0
629 7.041688e-01 3.028260e-01 0
630 5.625000e-01 0.000000e+00 0
631 8.994338e-01 4.615127e-01 0
632 8.757177e-01 5.731918e-01 0
633 6.053986e-01 3.945574e-01 0
634 5.836828e-01 8.470577e-01 0
635 5.158533e-01 3.202552e-02 0
636 5.312500e-01 4.467225e-03 0
637 6.245719e-01 4.166453e-01 0
638 8.203671e-01 1.074752e-01 0
639 8.875353e-01 1.631895e-01 0
640 8.491359e-01 1.268018e-01 0
641 6.823689e-01 4.405958e-02 0
642 7.187500e-01 1.770828e-02 0
643 6.498017e-01 2.708548e-02 0
644 7.174957e-01 5.275322e-02 0
645 5.825639e-01 1.249386e-01 0
646 5.799366e-01 4.452170e-02 0
647 6.145382e-01 3.447764e-02 0
648 5.937500e-01 9.343661e-03 0
649 6.064204e-01 6.742157e-02 0
650 5.640711e-01 6.959367e-02 0
651 5.493852e-01 3.204040e-02 0
652 5.763635e-01 3.945018e-01 0
653 8.739821e-01 2.822145e-01 0
654 7.629250e-01 1.550970e-01 0
655 1.000000e+00 2.500000e-01 0
656 8.046323e-01 5.144553e-01 0
657 9.267811e-01 3.136047e-01 0
658 8.959030e-01 3.044797e-01 0
659 9.131315e-01 4.894101e-01 0
660 8.287930e-01 6.100554e-02 0
661 7.990052e-01 1.315793e-02 0
662 7.544434e-01 9.117596e-02 0
663 7.361157e-01 6.143195e-01 0
664 6.447799e-01 4.966852e-01 0
665 5.524390e-01 5.013395e-01 0
666 5.955603e-01 5.312091e-01 0
667 5.149159e-01 4.116982e-01 0
668 1.000000e+00 3.125000e-01 0
669 8.417164e-01 4.246102e-01 0
670 8.530356e-01 9.936651e-03 0
671 7.552840e-01 4.645513e-01 0
672 6.125080e-01 5.825227e-01 0
673 7.203827e-01 9.848368e-01 0
674 8.979286e-01 2.424547e-01 0
675 8.268751e-01 2.588232e-02 0
676 6.573466e-01 5.242433e-01 0
677 7.850891e-01 6.383689e-01 0
678 8.052854e-01 1.386794e-01 0
679 5.834083e-01 9.094159e-01 0
680 6.194759e-01 4.774510e-01 0
681 8.894635e-01 7.024590e-01 0
682 5.772275e-01 3.654795e-01 0
683 6.227889e-01 4.458397e-01 0
684 6.609670e-01 3.387059e-01 0
685 6.537271e-01 4.189840e-01 0
686 8.127735e-01 6.184623e-01 0
687 9.713448e-01 6.054222e-01 0
688 8.520633e-01 6.779398e-01 0
689 9.861149e-01 5.657736e-01 0
690 1.000000e+00 6.875000e-01 0
691 8.928958e-01 6.578767e-01 0
692 9.202636e-01 6.824070e-01 0
693 1.000000e+00 6.250000e-01 0
694 9.067995e-01 7.622271e-01 0
695 9.540068e-01 5.365305e-01 0
696 9.093594e-01 6.253742e-01 0
697 8.502623e-01 6.443953e-01 0
698 8.493133e-01 7.229181e-01 0
699 8.173685e-01 6.855156e-01 0
700 8.750000e-01 1.000000e+00 0
701 6.151228e-01 9.660383e-01 0
702 8.818152e-01 7.370757e-01 0
703 8.424591e-01 7.563511e-01 0
704 8.194586e-01 7.160735e-01 0
705 9.390985e-01 7.649484e-01 0
706 7.264355e-01 4.390975e-01 0
707 7.121025e-01 4.844170e-01 0
708 6.796911e-01 4.974098e-01 0
709 7.420342e-01 4.926145e-01 0
710 7.100691e-01 5.147172e-01 0
711 6.400646e-01 3.755484e-01 0
712 6.566244e-01 4.613840e-01 0
713 9.146876e-01 7.049158e-02 0
714 9.128757e-01 1.964225e-01 0
715 9.444406e-01 1.460765e-01 0
716 9.777796e-01 1.593318e-01 0
717 9.192021e-01 1.653210e-01 0
718 1.000000e+00 1.875000e-01 0
719 9.643019e-01 2.135788e-01 0
720 9.557720e-01 4.458541e-01 0
721 9.722257e-01 4.075496e-01 0
722 9.829997e-01 4.687500e-01 0
723 8.912716e-01 5.389061e-01 0
724 9.182238e-01 5.213908e-01 0
725 9.550690e-01 5.747709e-01 0
726 9.164986e-01 7.276077e-01 0
727 9.711758e-01 5.109282e-01 0
728 8.716815e-01 7.662007e-01 0
729 6.894493e-01 8.254943e-01 0
730 7.433223e-01 7.568496e-01 0
731 8.910459e-01 7.902003e-01 0
732 6.602480e-01 8.226011e-01 0
733 7.325188e-01 8.258593e-01 0
734 7.148699e-01 7.614243e-01 0
735 7.373663e-01 8.874171e-01 0
736 6.601889e-01 8.978539e-01 0
737 9.672169e-01 7.917113e-01 0
738 8.596085e-01 8.461979e-01 0
739 8.047506e-01 9.010116e-01 0
740 7.008552e-01 7.866048e-01 0
741 9.572192e-01 8.644779e-01 0
742 8.355722e-01 8.224538e-01 0
743 8.862739e-01 8.694917e-01 0
744 7.401380e-01 9.226144e-01 0
745 7.171793e-01 8.584513e-01 0
746 6.785266e-01 8.628292e-01 0
747 8.925200e-01 8.253660e-01 0
748 6.441886e-01 8.662286e-01 0
749 6.270600e-01 7.996768e-01 0
750 1.000000e+00 9.375000e-01 0
751 8.125000e-01 1.000000e+00 0
752 8.362992e-01 9.184985e-01 0
753 9.331747e-01 8.991531e-01 0
754 8.196967e-01 8.503784e-01 0
755 8.733820e-01 5.088363e-02 0
756 8.781141e-01 9.422578e-02 0
757 9.079558e-01 1.243999e-01 0
758 8.788833e-01 1.338648e-01 0
759 9.460734e-01 1.017854e-01 0
760 8.463346e-01 8.818491e-02 0
761 9.798309e-01 9.146902e-02 0
762 9.681370e-01 1.247744e-01 0
763 1.000000e+00 6.250000e-02 0
764 9.194599e-01 2.459218e-03 0
765 9.337024e-01 3.608448e-02 0
766 9.003299e-01 3.039098e-02 0
767 9.598506e-01 5.180041e-03 0
768 9.954544e-01 2.187500e-01 0
769 9.730762e-01 2.406840e-01 0
770 7.527707e-01 8.556486e-01 0
771 5.457203e-01 9.278885e-01 0
772 5.939755e-01 8.129344e-01 0
773 6.250000e-01 1.000000e+00 0
774 6.981354e-01 9.498195e-01 0
775 5.625000e-01 1.000000e+00 0
776 7.440391e-01 9.614384e-01 0
777 5.597452e-01 9.539875e-01 0
778 8.811184e-01 9.580699e-01 0
779 6.550682e-01 9.876323e-01 0
780 6.560834e-01 9.551358e-01 0
781 5.339859e-01 9.686270e-01 0
782 6.503944e-01 9.259400e-01 0
783 7.812500e-01 9.754278e-01 0
784 9.613165e-01 9.305943e-01 0
785 8.507489e-01 8.832493e-01 0
786 6.211149e-01 9.311808e-01 0
787 9.850016e-01 8.437500e-01 0
788 9.507963e-01 8.268861e-01 0
789 1.000000e+00 8.125000e-01 0
790 6.119653e-01 8.628619e-01 0
791 9.921622e-01 9.062500e-01 0
792 9.193652e-01 9.398284e-01 0
793 8.837730e-01 9.157790e-01 0
794 7.686849e-01 9.004030e-01 0
795 9.636424e-01 8.946060e-01 0
796 7.710367e-01 9.328761e-01 0
797 9.375000e-01 1.000000e+00 0
798 8.082416e-01 9.464477e-01 0
799 9.125272e-01 9.747078e-01 0
800 9.744631e-01 9.687500e-01 0
801 9.536949e-01 6.633516e-02 0
802 9.836230e-01 3.125000e-02 0
803 9.504344e-01 1.813357e-01 0
804 3.164836e-01 8.562129e-02 0
805 8.778596e-02 5.349513e-02 0
806 9.768465e-01 2.812500e-01 0
807 9.646614e-01 3.126693e-01 0
808 9.968336e-01 7.812500e-01 0
809 3.781951e-01 6.697802e-01 0
810 9.426069e-01 9.624948e-01 0
811 8.437500e-01 9.740286e-01 0
812 8.610927e-01 9.355842e-01 0
813 8.225842e-01 8.787533e-01 0
814 9.038245e-01 8.936512e-01 0
815 9.586367e-01 7.083604e-01 0
816 9.455767e-01 7.355181e-01 0
817 9.918821e-01 6.562500e-01 0
818 9.278627e-01 6.513953e-01 0
819 9.494713e-01 6.805670e-01 0
820 9.898182e-01 7.187500e-01 0
0 0
0 0.000000e+00 0.000000e+00 0
0 0.000000e+00 0.000000e+00 0
0 0.000000e+00 0.000000e+00 0
0 0.000000e+00 0.000000e+00 0
0 0.000000e+00 0.000000e+00 0
0 0.000000e+00 0.000000e+00 0
0 0.000000e+00 0.000000e+00 0
0 0.000000e+00 0.000000e+00 0
0 0.000000e+00 0.000000e+00 0
0 0.000000e+00 0.000000e+00 0
0 0.000000e+00 0.000000e+00 0
0 0.000000e+00 0.000000e+00 0
0 0.000000e+00 0.000000e+00 0
0 0.000000e+00 0.000000e+00 0
0 0.000000e+00 0.000000e+00 0
0 0.000000e+00 0.000000e+00 0
0 0.000000e+00 0.000000e+00 0
0 0.000000e+00 0.000000e+00 0
0 0.000000e+00 0.000000e+00 0
0 0.000000e+00 0.000000e+00 0
0 0.000000e+00 0.000000e+00 0
0 0.000000e+00 0.000000e+00 0
0 0.000000e+00 0.000000e+00 0
0 0.000000e+00 0.000000e+00 0
0 0.000000e+00 0.000000e+00 0
0 0.000000e+00 0.000000e+00 0
0 0.000000e+00 0.000000e+00 0
0 0.000000e+00 0.000000e+00 0
0 0.000000e+00 0.000000e+00 0
0 0.000000e+00 0.000000e+00 0
0 0.000000e+00 0.000000e+00 0
0 0.000000e+00 0.000000e+00 0
0 0.000000e+00 0.000000e+00 0
0 0.000000e+00 0.000000e+00 0
0 0.000000e+00 0.000000e+00 0
0 0.000000e+00 0.000000e+00 0
0 0.000000e+00 0.000000e+00 0
0 0.000000e+00 0.000000e+00 0
0 0.000000e+00 0.000000e+00 0
0 0.000000e+00 0.000000e+00 0
0 0.000000e+00 0.000000e+00 0
0 0.000000e+00 0.000000e+00 0
0 0.000000e+00 0.000000e+00 0
0 0.000000e+00 0.000000e+00 0
0 0.000000e+00 0.000000e+00 0
0 0.000000e+00 0.000000e+00 0
0 0.000000e+00 0.000000e+00 0
0 0.000000e+00 0.000000e+00 0
0 0.000000e+00 0.000000e+00 0
0 0.000000e+00 0.000000e+00 0
0 0.000000e+00 0.000000e+00 0
0 0.000000e+00 0.000000e+00 0
0 0.000000e+00 0.000000e+00 0
0 0.000000e+00 0.000000e+00 0
0 0.000000e+00 0.000000e+00 0
0 0.000000e+00 0.000000e+00 0
0 0.000000e+00 0.000000e+00 0
0 0.000000e+00 0.000000e+00 0
0 0.000000e+00 0.000000e+00 0
0 0.000000e+00 0.000000e+00 0
0 0.000000e+00 0.000000e+00 0
0 0.000000e+00 0.000000e+00 0
0 0.000000e+00 0.000000e+00 0
0 0.000000e+00 0.000000e+00 0
0 0.000000e+00 0.000000e+00 0
0 0.000000e+00 0.000000e+00 0
0 0.000000e+00 0.000000e+00 0
0 0.000000e+00 0.000000e+00 0
0 0.000000e+00 0.000000e+00 0
0 0.000000e+00 0.000000e+00 0
0 0.000000e+00 0.000000e+00 0
0 0.000000e+00 0.000000e+00 0
0 0.000000e+00 0.000000e+00 0
0 0.000000e+00 0.000000e+00 0
0 0.000000e+00 0.000000e+00 0
0 0.000000e+00 0.000000e+00 0
0 0.000000e+00 0.000000e+00 0
0 0.000000e+00 0.000000e+00 0
0 0.000000e+00 0.000000e+00 0
0 0.000000e+00 0.000000e+00 0
0 0.000000e+00 0.000000e+00 0
0 0.000000e+00 0.000000e+00 0
0 0.000000e+00 0.000000e+00 0
0 0.000000e+00 0.000000e+00 0
0 0.000000e+00 0.000000e+00 0
0 0.000000e+00 0.000000e+00 0
0 0.000000e+00 0.000000e+00 0
0 0.000000e+00 0.000000e+00 0
0 0.000000e+00 0.000000e+00 0
0 0.000000e+00 0.000000e+00 0
0 0.000000e+00 0.000000e+00 0
0 0.000000e+00 0.000000e+00 0
0 0.000000e+00 0.000000e+00 0
0 0.000000e+00 0.000000e+00 0
0 0.000000e+00 0.000000e+00 0
0 0.000000e+00 0.000000e+00 0
0 0.000000e+00 0.000000e+00 0
0 0.000000e+00 0.000000e+00 0
0 0.000000e+00 0.000000e+00 0
0 0.000000e+00 0.000000e+00 0
0 0.000000e+00 0.000000e+00 0
0 0.000000e+00 0.000000e+00 0
0 0.000000e+00 0.000000e+00 0
0 0.000000e+00 0.000000e+00 0
0 0.000000e+00 0.000000e+00 0
0 0.000000e+00 0.000000e+00 0
0 0.000000e+00 0.000000e+00 0
0 0.000000e+00 0.000000e+00 0
0 0.000000e+00 0.000000e+00 0
0 0.000000e+00 0.000000e+00 0
0 0.000000e+00 0.000000e+00 0
0 0.000000e+00 0.000000e+00 0
0 0.000000e+00 0.000000e+00 0
0 0.000000e+00 0.000000e+00 0
0 0.000000e+00 0.000000e+00 0
0 0.000000e+00 0.000000e+00 0
0 0.000000e+00 0.000000e+00 0
0 0.000000e+00 0.000000e+00 0
0 0.000000e+00 0.000000e+00 0
0 0.000000e+00 0.000000e+00 0
0 0.000000e+00 0.000000e+00 0
0 0.000000e+00 0.000000e+00 0
0 0.000000e+00 0.000000e+00 0
0 0.000000e+00 0.000000e+00 0
0 0.000000e+00 0.000000e+00 0
0 0.000000e+00 0.000000e+00 0
0 0.000000e+00 0.000000e+00 0
0 0.000000e+00 0.000000e+00 0
0 0.000000e+00 0.000000e+00 0
0 0.000000e+00 0.000000e+00 0
0 0.000000e+00 0.000000e+00 0
0 0.000000e+00 0.000000e+00 0
0 0.000000e+00 0.000000e+00 0
0 0.000000e+00 0.000000e+00 0
0 0.000000e+00 0.000000e+00 0
0 0.000000e+00 0.000000e+00 0
0 0.000000e+00 0.000000e+00 0
0 0.000000e+00 0.000000e+00 0
0 0.000000e+00 0.000000e+00 0
0 0.000000e+00 0.000000e+00 0
0 0.000000e+00 0.000000e+00 0
0 0.000000e+00 0.000000e+00 0
0 0.000000e+00 0.000000e+00 0
0 0.000000e+00 0.000000e+00 0
0 0.000000e+00 0.000000e+00 0
0 0.000000e+00 0.000000e+00 0
0 0.000000e+00 0.000000e+00 0
0 0.000000e+00 0.000000e+00 0
0 0.000000e+00 0.000000e+00 0
0 0.000000e+00 0.000000e+00 0
0 0.000000e+00 0.000000e+00 0
0 0.000000e+00 0.000000e+00 0
0 0.000000e+00 0.000000e+00 0
0 0.000000e+00 0.000000e+00 0
0 0.000000e+00 0.000000e+00 0
0 0.000000e+00 0.000000e+00 0
0 0.000000e+00 0.000000e+00 0
0 0.000000e+00 0.000000e+00 0
0 0.000000e+00 0.000000e+00 0
0 0.000000e+00 0.000000e+00 0
0 0.000000e+00 0.000000e+00 0
0 0.000000e+00 0.000000e+00 0
0 0.000000e+00 0.000000e+00 0
0 0.000000e+00 0.000000e+00 0
0 0.000000e+00 0.000000e+00 0
0 0.000000e+00 0.000000e+00 0
0 0.000000e+00 0.000000e+00 0
0 0.000000e+00 0.000000e+00 0
0 0.000000e+00 0.000000e+00 0
0 0.000000e+00 0.000000e+00 0
0 0.000000e+00 0.000000e+00 0
0 0.000000e+00 0.000000e+00 0
0 0.000000e+00 0.000000e+00 0
0 0.000000e+00 0.000000e+00 0
0 0.000000e+00 0.000000e+00 0
0 0.000000e+00 0.000000e+00 0
0 0.000000e+00 0.000000e+00 0
0 0.000000e+00 0.000000e+00 0
0 0.000000e+00 0.000000e+00 0
0 0.000000e+00 0.000000e+00 0
0 0.000000e+00 0.000000e+00 0
0 0.000000e+00 0.000000e+00 0
0 0.000000e+00 0.000000e+00 0
0 0.000000e+00 0.000000e+00 0
0 0.000000e+00 0.000000e+00 0
0 0.000000e+00 0.000000e+00 0
0 0.000000e+00 0.000000e+00 0
0 0.000000e+00 0.000000e+00 0
0 0.000000e+00 0.000000e+00 0
0 0.000000e+00 0.000000e+00 0
0 0.000000e+00 0.000000e+00 0
0 0.000000e+00 0.000000e+00 0
0 0.000000e+00 0.000000e+00 0
0 0.000000e+00 0.000000e+00 0
0 0.000000e+00 0.000000e+00 0
0 0.000000e+00 0.000000e+00 0
0 0.000000e+00 0.000000e+00 0
0 0.000000e+00 0.000000e+00 0
0 0.000000e+00 0.000000e+00 0
0 0.000000e+00 0.000000e+00 0
0 0.000000e+00 0.000000e+00 0
0 0.000000e+00 0.000000e+00 0
0 0.000000e+00 0.000000e+00 0
0 0.000000e+00 0.000000e+00 0
0 0.000000e+00 0.000000e+00 0
0 0.000000e+00 0.000000e+00 0
0 0.000000e+00 0.000000e+00 0
0 0.000000e+00 0.000000e+00 0
0 0.000000e+00 0.000000e+00 0
0 0.000000e+00 0.000000e+00 0
0 0.000000e+00 0.000000e+00 0
0 0.000000e+00 0.000000e+00 0
0 0.000000e+00 0.000000e+00 0
0 0.000000e+00 0.000000e+00 0
0 0.000000e+00 0.000000e+00 0
0 0.000000e+00 0.000000e+00 0
0 0.000000e+00 0.000000e+00 0
0 0.000000e+00 0.000000e+00 0
0 0.000000e+00 0.000000e+00 0
0 0.000000e+00 0.000000e+00 0
0 0.000000e+00 0.000000e+00 0
0 0.000000e+00 0.000000e+00 0
0 0.000000e+00 0.000000e+00 0
0 0.000000e+00 0.000000e+00 0
0 0.000000e+00 0.000000e+00 0
0 0.000000e+00 0.000000e+00 0
0 0.000000e+00 0.000000e+00 0
0 0.000000e+00 0.000000e+00 0
0 0.000000e+00 0.000000e+00 0
0 0.000000e+00 0.000000e+00 0
0 0.000000e+00 0.000000e+00 0
0 0.000000e+00 0.000000e+00 0
0 0.000000e+00 0.000000e+00 0
0 0.000000e+00 0.000000e+00 0
0 0.000000e+00 0.000000e+00 0
0 0.000000e+00 0.000000e+00 0
0 0.000000e+00 0.000000e+00 0
0 0.000000e+00 0.000000e+00 0
0 0.000000e+00 0.000000e+00 0
0 0.000000e+00 0.000000e+00 0
0 0.000000e+00 0.000000e+00 0
0 0.000000e+00 0.000000e+00 0
0 0.000000e+00 0.000000e+00 0
0 0.000000e+00 0.000000e+00 0
0 0.000000e+00 0.000000e+00 0
0 0.000000e+00 0.000000e+00 0
0 0.000000e+00 0.000000e+00 0
0 0.000000e+00 0.000000e+00 0
0 0.000000e+00 0.000000e+00 0
0 0.000000e+00 0.000000e+00 0
0 0.000000e+00 0.000000e+00 0
0 0.000000e+00 0.000000e+00 0
0 0.000000e+00 0.000000e+00 0
0 0.000000e+00 0.000000e+00 0
0 0.000000e+00 0.000000e+00 0
0 0.000000e+00 0.000000e+00 0
0 0.000000e+00 0.000000e+00 0
0 0.000000e+00 0.000000e+00 0
0 0.000000e+00 0.000000e+00 0
0 0.000000e+00 0.000000e+00 0
0 0.000000e+00 0.000000e+00 0
0 0.000000e+00 0.000000e+00 0
0 0.000000e+00 0.000000e+00 0
0 0.000000e+00 0.000000e+00 0
0 0.000000e+00 0.000000e+00 0
0 0.000000e+00 0.000000e+00 0
0 0.000000e+00 0.000000e+00 0
0 0.000000e+00 0.000000e+00 0
0 0.000000e+00 0.000000e+00 0
0 0.000000e+00 0.000000e+00 0
0 0.000000e+00 0.000000e+00 0
0 0.000000e+00 0.000000e+00 0
0 0.000000e+00 0.000000e+00 0
0 0.000000e+00 0.000000e+00 0
0 0.000000e+00 0.000000e+00 0
0 0.000000e+00 0.000000e+00 0
0 0.000000e+00 0.000000e+00 0
0 0.000000e+00 0.000000e+00 0
0 0.000000e+00 0.000000e+00 0
0 0.000000e+00 0.000000e+00 0
0 0.000000e+00 0.000000e+00 0
0 0.000000e+00 0.000000e+00 0
0 0.000000e+00 0.000000e+00 0
0 0.000000e+00 0.000000e+00 0
0 0.000000e+00 0.000000e+00 0
0 0.000000e+00 0.000000e+00 0
0 0.000000e+00 0.000000e+00 0
0 0.000000e+00 0.000000e+00 0
0 0.000000e+00 0.000000e+00 0
0 0.000000e+00 0.000000e+00 0
0 0.000000e+00 0.000000e+00 0
0 0.000000e+00 0.000000e+00 0
0 0.000000e+00 0.000000e+00 0
0 0.000000e+00 0.000000e+00 0
0 0.000000e+00 0.000000e+00 0
0 0.000000e+00 0.000000e+00 0
0 0.000000e+00 0.000000e+00 0
0 0.000000e+00 0.000000e+00 0
0 0.000000e+00 0.000000e+00 0
0 0.000000e+00 0.000000e+00 0
0 0.000000e+00 0.000000e+00 0
0 0.000000e+00 0.000000e+00 0
0 0.000000e+00 0.000000e+00 0
0 0.000000e+00 0.000000e+00 0
0 0.000000e+00 0.000000e+00 0
0 0.000000e+00 0.000000e+00 0
0 0.000000e+00 0.000000e+00 0
0 0.000000e+00 0.000000e+00 0
0 0.000000e+00 0.000000e+00 0
0 0.000000e+00 0.000000e+00 0
0 0.000000e+00 0.000000e+00 0
0 0.000000e+00 0.000000e+00 0
0 0.000000e+00 0.000000e+00 0
0 0.000000e+00 0.000000e+00 0
0 0.000000e+00 0.000000e+00 0
0 0.000000e+00 0.000000e+00 0
0 0.000000e+00 0.000000e+00 0
0 0.000000e+00 0.000000e+00 0
0 0.000000e+00 0.000000e+00 0
0 0.000000e+00 0.000000e+00 0
0 0.000000e+00 0.000000e+00 0
0 0.000000e+00 0.000000e+00 0
0 0.000000e+00 0.000000e+00 0
0 0.000000e+00 0.000000e+00 0
0 0.000000e+00 0.000000e+00 0
0 0.000000e+00 0.000000e+00 0
0 0.000000e+00 0.000000e+00 0
0 0.000000e+00 0.000000e+00 0
0 0.000000e+00 0.000000e+00 0
0 0.000000e+00 0.000000e+00 0
0 0.000000e+00 0.000000e+00 0
0 0.000000e+00 0.000000e+00 0
0 0.000000e+00 0.000000e+00 0
0 0.000000e+00 0.000000e+00 0
0 0.000000e+00 0.000000e+00 0
0 0.000000e+00 0.000000e+00 0
0 0.000000e+00 0.000000e+00 0
0 0.000000e+00 0.000000e+00 0
0 0.000000e+00 0.000000e+00 0
0 0.000000e+00 0.000000e+00 0
0 0.000000e+00 0.000000e+00 0
0 0.000000e+00 0.000000e+00 0
0 0.000000e+00 0.000000e+00 0
0 0.000000e+00 0.000000e+00 0
0 0.000000e+00 0.000000e+00 0
0 0.000000e+00 0.000000e+00 0
0 0.000000e+00 0.000000e+00 0
0 0.000000e+00 0.000000e+00 0
0 0.000000e+00 0.000000e+00 0
0 0.000000e+00 0.000000e+00 0
0 0.000000e+00 0.000000e+00 0
0 0.000000e+00 0.000000e+00 0
0 0.000000e+00 0.000000e+00 0
0 0.000000e+00 0.000000e+00 0
0 0.000000e+00 0.000000e+00 0
0 0.000000e+00 0.000000e+00 0
0 0.000000e+00 0.000000e+00 0
0 0.000000e+00 0.000000e+00 0
0 0.000000e+00 0.000000e+00 0
0 0.000000e+00 0.000000e+00 0
0 0.000000e+00 0.000000e+00 0
0 0.000000e+00 0.000000e+00 0
0 0.000000e+00 0.000000e+00 0
0 0.000000e+00 0.000000e+00 0
0 0.000000e+00 0.000000e+00 0
0 0.000000e+00 0.000000e+00 0
0 0.000000e+00 0.000000e+00 0
0 0.000000e+00 0.000000e+00 0
0 0.000000e+00 0.000000e+00 0
0 0.000000e+00 0.000000e+00 0
0 0.000000e+00 0.000000e+00 0
0 0.000000e+00 0.000000e+00 0
0 0.000000e+00 0.000000e+00 0
0 0.000000e+00 0.000000e+00 0
0 0.000000e+00 0.000000e+00 0
0 0.000000e+00 0.000000e+00 0
0 0.000000e+00 0.000000e+00 0
0 0.000000e+00 0.000000e+00 0
0 0.000000e+00 0.000000e+00 0
0 0.000000e+00 0.000000e+00 0
0 0.000000e+00 0.000000e+00 0
0 0.000000e+00 0.000000e+00 0
0 0.000000e+00 0.000000e+00 0
0 0.000000e+00 0.000000e+00 0
0 0.000000e+00 0.000000e+00 0
0 0.000000e+00 0.000000e+00 0
0 0.000000e+00 0.000000e+00 0
0 0.000000e+00 0.000000e+00 0
0 0.000000e+00 0.000000e+00 0
0 0.000000e+00 0.000000e+00 0
0 0.000000e+00 0.000000e+00 0
0 0.000000e+00 0.000000e+00 0
0 0.000000e+00 0.000000e+00 0
0 0.000000e+00 0.000000e+00 0
0 0.000000e+00 0.000000e+00 0
0 0.000000e+00 0.000000e+00 0
0 0.000000e+00 0.000000e+00 0
0 0.000000e+00 0.000000e+00 0
0 0.000000e+00 0.000000e+00 0
0 0.000000e+00 0.000000e+00 0
0 0.000000e+00 0.000000e+00 0
0 0.000000e+00 0.000000e+00 0
0 0.000000e+00 0.000000e+00 0
0 0.000000e+00 0.000000e+00 0
0 0.000000e+00 0.000000e+00 0
0 0.000000e+00 0.000000e+00 0
0 0.000000e+00 0.000000e+00 0
0 0.000000e+00 0.000000e+00 0
0 0.000000e+00 0.000000e+00 0
0 0.000000e+00 0.000000e+00 0
0 0.000000e+00 0.000000e+00 0
0 0.000000e+00 0.000000e+00 0
0 0.000000e+00 0.000000e+00 0
0 0.000000e+00 0.000000e+00 0
0 0.000000e+00 0.000000e+00 0
0 0.000000e+00 0.000000e+00 0
0 0.000000e+00 0.000000e+00 0
0 0.000000e+00 0.000000e+00 0
0 0.000000e+00 0.000000e+00 0
0 0.000000e+00 0.000000e+00 0
0 0.000000e+00 0.000000e+00 0
0 0.000000e+00 0.000000e+00 0
0 0.000000e+00 0.000000e+00 0
0 0.000000e+00 0.000000e+00 0
0 0.000000e+00 0.000000e+00 0
0 0.000000e+00 0.000000e+00 0
0 0.000000e+00 0.000000e+00 0
0 0.000000e+00 0.000000e+00 0
0 0.000000e+00 0.000000e+00 0
0 0.000000e+00 0.000000e+00 0
0 0.000000e+00 0.000000e+00 0
0 0.000000e+00 0.000000e+00 0
0 0.000000e+00 0.000000e+00 0
0 0.000000e+00 0.000000e+00 0
0 0.000000e+00 0.000000e+00 0
0 0.000000e+00 0.000000e+00 0
0 0.000000e+00 0.000000e+00 0
0 0.000000e+00 0.000000e+00 0
0 0.000000e+00 0.000000e+00 0
0 0.000000e+00 0.000000e+00 0
0 0.000000e+00 0.000000e+00 0
0 0.000000e+00 0.000000e+00 0
0 0.000000e+00 0.000000e+00 0
0 0.000000e+00 0.000000e+00 0
0 0.000000e+00 0.000000e+00 0
0 0.000000e+00 0.000000e+00 0
0 0.000000e+00 0.000000e+00 0
0 0.000000e+00 0.000000e+00 0
0 0.000000e+00 0.000000e+00 0
0 0.000000e+00 0.000000e+00 0
0 0.000000e+00 0.000000e+00 0
0 0.000000e+00 0.000000e+00 0
0 0.000000e+00 0.000000e+00 0
0 0.000000e+00 0.000000e+00 0
0 0.000000e+00 0.000000e+00 0
0 0.000000e+00 0.000000e+00 0
0 0.000000e+00 0.000000e+00 0
0 0.000000e+00 0.000000e+00 0
0 0.000000e+00 0.000000e+00 0
0 0.000000e+00 0.000000e+00 0
0 0.000000e+00 0.000000e+00 0
0 0.000000e+00 0.000000e+00 0
0 0.000000e+00 0.000000e+00 0
0 0.000000e+00 0.000000e+00 0
0 0.000000e+00 0.000000e+00 0
0 0.000000e+00 0.000000e+00 0
0 0.000000e+00 0.000000e+00 0
0 0.000000e+00 0.000000e+00 0
0 0.000000e+00 0.000000e+00 0
0 0.000000e+00 0.000000e+00 0
0 0.000000e+00 0.000000e+00 0
0 0.000000e+00 0.000000e+00 0
0 0.000000e+00 0.000000e+00 0
0 0.000000e+00 0.000000e+00 0
0 0.000000e+00 0.000000e+00 0
0 0.000000e+00 0.000000e+00 0
0 0.000000e+00 0.000000e+00 0
0 0.000000e+00 0.000000e+00 0
0 0.000000e+00 0.000000e+00 0
0 0.000000e+00 0.000000e+00 0
0 0.000000e+00 0.000000e+00 0
0 0.000000e+00 0.000000e+00 0
0 0.000000e+00 0.000000e+00 0
0 0.000000e+00 0.000000e+00 0
0 0.000000e+00 0.000000e+00 0
0 0.000000e+00 0.000000e+00 0
0 0.000000e+00 0.000000e+00 0
0 0.000000e+00 0.000000e+00 0
0 0.000000e+00 0.000000e+00 0
0 0.000000e+00 0.000000e+00 0
0 0.000000e+00 0.000000e+00 0
0 0.000000e+00 0.000000e+00 0
0 0.000000e+00 0.000000e+00 0
0 0.000000e+00 0.000000e+00 0
0 0.000000e+00 0.000000e+00 0
0 0.000000e+00 0.000000e+00 0
0 0.000000e+00 0.000000e+00 0
0 0.000000e+00 0.000000e+00 0
0 0.000000e+00 0.000000e+00 0
0 0.000000e+00 0.000000e+00 0
0 0.000000e+00 0.000000e+00 0
0 0.000000e+00 0.000000e+00 0
0 0.000000e+00 0.000000e+00 0
0 0.000000e+00 0.000000e+00 0
0 0.000000e+00 0.000000e+00 0
0 0.000000e+00 0.000000e+00 0
0 0.000000e+00 0.000000e+00 0
0 0.000000e+00 0.000000e+00 0
0 0.000000e+00 0.000000e+00 0
0 0.000000e+00 0.000000e+00 0
0 0.000000e+00 0.000000e+00 0
0 0.000000e+00 0.000000e+00 0
0 0.000000e+00 0.000000e+00 0
0 0.000000e+00 0.000000e+00 0
0 0.000000e+00 0.000000e+00 0
0 0.000000e+00 0.000000e+00 0
0 0.000000e+00 0.000000e+00 0
0 0.000000e+00 0.000000e+00 0
0 0.000000e+00 0.000000e+00 0
0 0.000000e+00 0.000000e+00 0
0 0.000000e+00 0.000000e+00 0
0 0.000000e+00 0.000000e+00 0
0 0.000000e+00 0.000000e+00 0
0 0.000000e+00 0.000000e+00 0
0 0.000000e+00 0.000000e+00 0
0 0.000000e+00 0.000000e+00 0
0 0.000000e+00 0.000000e+00 0
0 0.000000e+00 0.000000e+00 0
0 0.000000e+00 0.000000e+00 0
0 0.000000e+00 0.000000e+00 0
0 0.000000e+00 0.000000e+00 0
0 0.000000e+00 0.000000e+00 0
0 0.000000e+00 0.000000e+00 0
0 0.000000e+00 0.000000e+00 0
0 0.000000e+00 0.000000e+00 0
0 0.000000e+00 0.000000e+00 0
0 0.000000e+00 0.000000e+00 0
0 0.000000e+00 0.000000e+00 0
0 0.000000e+00 0.000000e+00 0
0 0.000000e+00 0.000000e+00 0
0 0.000000e+00 0.000000e+00 0
0 0.000000e+00 0.000000e+00 0
0 0.000000e+00 0.000000e+00 0
0 0.000000e+00 0.000000e+00 0
0 0.000000e+00 0.000000e+00 0
0 0.000000e+00 0.000000e+00 0
0 0.000000e+00 0.000000e+00 0
0 0.000000e+00 0.000000e+00 0
0 0.000000e+00 0.000000e+00 0
0 0.000000e+00 0.000000e+00 0
0 0.000000e+00 0.000000e+00 0
0 0.000000e+00 0.000000e+00 0
0 0.000000e+00 0.000000e+00 0
0 0.000000e+00 0.000000e+00 0
0 0.000000e+00 0.000000e+00 0
0 0.000000e+00 0.000000e+00 0
0 0.000000e+00 0.000000e+00 0
0 0.000000e+00 0.000000e+00 0
0 0.000000e+00 0.000000e+00 0
0 0.000000e+00 0.000000e+00 0
0 0.000000e+00 0.000000e+00 0
0 0.000000e+00 0.000000e+00 0
0 0.000000e+00 0.000000e+00 0
0 0.000000e+00 0.000000e+00 0
0 0.000000e+00 0.000000e+00 0
0 0.000000e+00 0.000000e+00 0
0 0.000000e+00 0.000000e+00 0
0 0.000000e+00 0.000000e+00 0
0 0.000000e+00 0.000000e+00 0
0 0.000000e+00 0.000000e+00 0
0 0.000000e+00 0.000000e+00 0
0 0.000000e+00 0.000000e+00 0
0 0.000000e+00 0.000000e+00 0
0 0.000000e+00 0.000000e+00 0
0 0.000000e+00 0.000000e+00 0
0 0.000000e+00 0.000000e+00 0
0 0.000000e+00 0.000000e+00 0
0 0.000000e+00 0.000000e+00 0
0 0.000000e+00 0.000000e+00 0
0 0.000000e+00 0.000000e+00 0
0 0.000000e+00 0.000000e+00 0
0 0.000000e+00 0.000000e+00 0
0 0.000000e+00 0.000000e+00 0
0 0.000000e+00 0.000000e+00 0
0 0.000000e+00 0.000000e+00 0
0 0.000000e+00 0.000000e+00 0
0 0.000000e+00 0.000000e+00 0
0 0.000000e+00 0.000000e+00 0
0 0.000000e+00 0.000000e+00 0
0 0.000000e+00 0.000000e+00 0
0 0.000000e+00 0.000000e+00 0
0 0.000000e+00 0.000000e+00 0
0 0.000000e+00 0.000000e+00 0
0 0.000000e+00 0.000000e+00 0
0 0.000000e+00 0.000000e+00 0
0 0.000000e+00 0.000000e+00 0
0 0.000000e+00 0.000000e+00 0
0 0.000000e+00 0.000000e+00 0
0 0.000000e+00 0.000000e+00 0
0 0.000000e+00 0.000000e+00 0
0 0.000000e+00 0.000000e+00 0
0 0.000000e+00 0.000000e+00 0
0 0.000000e+00 0.000000e+00 0
0 0.000000e+00 0.000000e+00 0
0 0.000000e+00 0.000000e+00 0
0 0.000000e+00 0.000000e+00 0
0 0.000000e+00 0.000000e+00 0
0 0.000000e+00 0.000000e+00 0
0 0.000000e+00 0.000000e+00 0
0 0.000000e+00 0.000000e+00 0
0 0.000000e+00 0.000000e+00 0
0 0.000000e+00 0.000000e+00 0
0 0.000000e+00 0.000000e+00 0
0 0.000000e+00 0.000000e+00 0
0 0.000000e+00 0.000000e+00 0
0 0.000000e+00 0.000000e+00 0
0 0.000000e+00 0.000000e+00 0
0 0.000000e+00 0.000000e+00 0
0 0.000000e+00 0.000000e+00 0
0 0.000000e+00 0.000000e+00 0
0 0.000000e+00 0.000000e+00 0
0 0.000000e+00 0.000000e+00 0
0 0.000000e+00 0.000000e+00 0
0 0.000000e+00 0.000000e+00 0
0 0.000000e+00 0.000000e+00 0
0 0.000000e+00 0.000000e+00 0
0 0.000000e+00 0.000000e+00 0
0 0.000000e+00 0.000000e+00 0
0 0.000000e+00 0.000000e+00 0
0 0.000000e+00 0.000000e+00 0
0 0.000000e+00 0.000000e+00 0
0 0.000000e+00 0.000000e+00 0
0 0.000000e+00 0.000000e+00 0
0 0.000000e+00 0.000000e+00 0
0 0.000000e+00 0.000000e+00 0
0 0.000000e+00 0.000000e+00 0
0 0.000000e+00 0.000000e+00 0
0 0.000000e+00 0.000000e+00 0
0 0.000000e+00 0.000000e+00 0
0 0.000000e+00 0.000000e+00 0
0 0.000000e+00 0.000000e+00 0
0 0.000000e+00 0.000000e+00 0
0 0.000000e+00 0.000000e+00 0
0 0.000000e+00 0.000000e+00 0
0 0.000000e+00 0.000000e+00 0
0 0.000000e+00 0.000000e+00 0
0 0.000000e+00 0.000000e+00 0
0 0.000000e+00 0.000000e+00 0
0 0.000000e+00 0.000000e+00 0
0 0.000000e+00 0.000000e+00 0
0 0.000000e+00 0.000000e+00 0
0 0.000000e+00 0.000000e+00 0
0 0.000000e+00 0.000000e+00 0
0 0.000000e+00 0.000000e+00 0
0 0.000000e+00 0.000000e+00 0
0 0.000000e+00 0.000000e+00 0
0 0.000000e+00 0.000000e+00 0
0 0.000000e+00 0.000000e+00 0
0 0.000000e+00 0.000000e+00 0
0 0.000000e+00 0.000000e+00 0
0 0.000000e+00 0.000000e+00 0
0 0.000000e+00 0.000000e+00 0
0 0.000000e+00 0.000000e+00 0
0 0.000000e+00 0.000000e+00 0
0 0.000000e+00 0.000000e+00 0
0 0.000000e+00 0.000000e+00 0
0 0.000000e+00 0.000000e+00 0
0 0.000000e+00 0.000000e+00 0
0 0.000000e+00 0.000000e+00 0
0 0.000000e+00 0.000000e+00 0
0 0.000000e+00 0.000000e+00 0
0 0.000000e+00 0.000000e+00 0
0 0.000000e+00 0.000000e+00 0
0 0.000000e+00 0.000000e+00 0
0 0.000000e+00 0.000000e+00 0
0 0.000000e+00 0.000000e+00 0
0 0.000000e+00 0.000000e+00 0
0 0.000000e+00 0.000000e+00 0
0 0.000000e+00 0.000000e+00 0
0 0.000000e+00 0.000000e+00 0
0 0.000000e+00 0.000000e+00 0
0 0.000000e+00 0.000000e+00 0
0 0.000000e+00 0.000000e+00 0
0 0.000000e+00 0.000000e+00 0
0 0.000000e+00 0.000000e+00 0
0 0.000000e+00 0.000000e+00 0
0 0.000000e+00 0.000000e+00 0
0 0.000000e+00 0.000000e+00 0
0 0.000000e+00 0.000000e+00 0
0 0.000000e+00 0.000000e+00 0
0 0.000000e+00 0.000000e+00 0
0 0.000000e+00 0.000000e+00 0
0 0.000000e+00 0.000000e+00 0
0 0.000000e+00 0.000000e+00 0
0 0.000000e+00 0.000000e+00 0
0 0.000000e+00 0.000000e+00 0
0 0.000000e+00 0.000000e+00 0
0 0.000000e+00 0.000000e+00 0
0 0.000000e+00 0.000000e+00 0
0 0.000000e+00 0.000000e+00 0
0 0.000000e+00 0.000000e+00 0
0 0.000000e+00 0.000000e+00 0
0 0.000000e+00 0.000000e+00 0
0 0.000000e+00 0.000000e+00 0
0 0.000000e+00 0.000000e+00 0
0 0.000000e+00 0.000000e+00 0
0 0.000000e+00 0.000000e+00 0
0 0.000000e+00 0.000000e+00 0
0 0.000000e+00 0.000000e+00 0
0 0.000000e+00 0.000000e+00 0
0 0.000000e+00 0.000000e+00 0
0 0.000000e+00 0.000000e+00 0
0 0.000000e+00 0.000000e+00 0
0 0.000000e+00 0.000000e+00 0
0 0.000000e+00 0.000000e+00 0
0 0.000000e+00 0.000000e+00 0
0 0.000000e+00 0.000000e+00 0
0 0.000000e+00 0.000000e+00 0
0 0.000000e+00 0.000000e+00 0
0 0.000000e+00 0.000000e+00 0
0 0.000000e+00 0.000000e+00 0
0 0.000000e+00 0.000000e+00 0
0 0.000000e+00 0.000000e+00 0
0 0.000000e+00 0.000000e+00 0
0 0.000000e+00 0.000000e+00 0
0 0.000000e+00 0.000000e+00 0
0 0.000000e+00 0.000000e+00 0
0 0.000000e+00 0.000000e+00 0
0 0.000000e+00 0.000000e+00 0
0 0.000000e+00 0.000000e+00 0
0 0.000000e+00 0.000000e+00 0
0 0.000000e+00 0.000000e+00 0
0 0.000000e+00 0.000000e+00 0
0 0.000000e+00 0.000000e+00 0
0 0.000000e+00 0.000000e+00 0
0 0.000000e+00 0.000000e+00 0
0 0.000000e+00 0.000000e+00 0
0 0.000000e+00 0.000000e+00 0
0 0.000000e+00 0.000000e+00 0
0 0.000000e+00 0.000000e+00 0
0 0.000000e+00 0.000000e+00 0
0 0.000000e+00 0.000000e+00 0
0 0.000000e+00 0.000000e+00 0
0 0.000000e+00 0.000000e+00 0
0 0.000000e+00 0.000000e+00 0
0 0.000000e+00 0.000000e+00 0
0 0.000000e+00 0.000000e+00 0
0 0.000000e+00 0.000000e+00 0
0 0.000000e+00 0.000000e+00 0
0 0.000000e+00 0.000000e+00 0
0 0.000000e+00 0.000000e+00 0
0 0.000000e+00 0.000000e+00 0
0 0.000000e+00 0.000000e+00 0
0 0.000000e+00 0.000000e+00 0
0 0.000000e+00 0.000000e+00 0
0 0.000000e+00 0.000000e+00 0
0 0.000000e+00 0.000000e+00 0
0 0.000000e+00 0.000000e+00 0
0 0.000000e+00 0.000000e+00 0
0 0.000000e+00 0.000000e+00 0
0 0.000000e+00 0.000000e+00 0
0 0.000000e+00 0.000000e+00 0
0 0.000000e+00 0.000000e+00 0
0 0.000000e+00 0.000000e+00 0
0 0.000000e+00 0.000000e+00 0
0 0.000000e+00 0.000000e+00 0
0 0.000000e+00 0.000000e+00 0
0 0.000000e+00 0.000000e+00 0
0 0.000000e+00 0.000000e+00 0
0 0.000000e+00 0.000000e+00 0
0 0.000000e+00 0.000000e+00 0
0 0.000000e+00 0.000000e+00 0
0 0.000000e+00 0.000000e+00 0
0 0.000000e+00 0.000000e+00 0
0 0.000000e+00 0.000000e+00 0
0 0.000000e+00 0.000000e+00 0
0 0.000000e+00 0.000000e+00 0
0 0.000000e+00 0.000000e+00 0
0 0.000000e+00 0.000000e+00 0
0 0.000000e+00 0.000000e+00 0
0 0.000000e+00 0.000000e+00 0
0 0.000000e+00 0.000000e+00 0
0 0.000000e+00 0.000000e+00 0
0 0.000000e+00 0.000000e+00 0
0 0.000000e+00 0.000000e+00 0
0 0.000000e+00 0.000000e+00 0
0 0.000000e+00 0.000000e+00 0
0 0.000000e+00 0.000000e+00 0
0 0.000000e+00 0.000000e+00 0
0 0.000000e+00 0.000000e+00 0
0 0.000000e+00 0.000000e+00 0
0 0.000000e+00 0.000000e+00 0
0 0.000000e+00 0.000000e+00 0
0 0.000000e+00 0.000000e+00 0
0 0.000000e+00 0.000000e+00 0
0 0.000000e+00 0.000000e+00 0
0 0.000000e+00 0.000000e+00 0
0 0.000000e+00 0.000000e+00 0
0 0.000000e+00 0.000000e+00 0
0 0.000000e+00 0.000000e+00 0
0 0.000000e+00 0.000000e+00 0
0 0.000000e+00 0.000000e+00 0
0 0.000000e+00 0.000000e+00 0
0 0.000000e+00 0.000000e+00 0
0 0.000000e+00 0.000000e+00 0
0 0.000000e+00 0.000000e+00 0
0 0.000000e+00 0.000000e+00 0
0 0.000000e+00 0.000000e+00 0
0 0.000000e+00 0.000000e+00 0
0 0.000000e+00 0.000000e+00 0
0 0.000000e+00 0.000000e+00 0
0 0.000000e+00 0.000000e+00 0
0 0.000000e+00 0.000000e+00 0
0 0.000000e+00 0.000000e+00 0
0 0.000000e+00 0.000000e+00 0
0 0.000000e+00 0.000000e+00 0
0 0.000000e+00 0.000000e+00 0
0 0.000000e+00 0.000000e+00 0
0 0.000000e+00 0.000000e+00 0
0 0.000000e+00 0.000000e+00 0
1587
28 12 11
52 51 32
353 158 354
463 459 457
22 30 34
63 377 59
274 271 15
69 275 61
17 8 15
291 10 307
126 23 27
14 304 355
304 16 300
128 123 125
29 8 41
21 12 28
367 370 403
575 545 533
12 23 11
340 292 320
20 298 19
118 390 145
23 24 69
370 422 403
445 477 13
275 303 110
306 42 64
84 37 9
8 17 20
180 176 181
71 72 47
17 15 271
19 75 20
285 339 323
66 287 292
30 22 21
22 57 21
22 34 36
27 23 12
27 12 21
91 128 130
29 28 11
100 78 96
32 46 36
75 117 38
22 36 57
21 28 30
29 11 15
30 28 26
8 29 15
26 28 29
50 54 33
21 57 136
43 45 51
96 809 114
51 50 43
117 76 164
30 35 34
31 48 52
35 30 26
36 34 31
40 41 37
35 71 47
26 40 35
43 6 45
55 20 38
108 89 106
179 74 122
45 46 32
77 55 38
49 54 50
41 40 26
84 40 37
29 41 26
41 8 55
290 286 66
42 293 298
34 35 47
44 32 36
52 32 44
132 133 6
80 71 84
47 31 34
52 53 54
36 46 57
36 31 44
33 43 50
35 40 84
84 71 35
44 31 52
32 51 45
50 51 49
53 52 48
52 49 51
92 48 93
107 53 108
52 54 49
87 54 53
41 55 37
20 55 8
735 745 770
107 73 87
134 131 135
14 16 304
383 276 64
126 125 24
401 395 138
364 322 334
137 446 67
139 123 91
123 139 60
298 17 42
292 287 294
302 295 24
323 379 326
398 388 397
141 357 124
300 288 10
334 386 358
373 330 331
380 59 381
335 324 65
366 364 382
372 378 296
362 398 397
306 300 297
61 275 110
153 163 98
92 53 48
80 86 71
31 72 48
47 72 31
93 72 71
39 33 73
54 87 33
80 9 88
164 88 77
20 75 38
299 435 19
103 114 105
81 148 100
93 86 74
248 201 228
141 124 139
172 185 191
6 46 45
175 174 180
90 183 204
80 95 70
77 9 37
153 162 163
9 80 84
101 56 82
85 113 156
88 9 77
166 89 83
113 85 99
96 78 82
101 78 76
95 81 70
92 108 53
73 33 87
111 144 56
117 75 435
240 182 214
109 145 272
78 101 82
162 144 111
11 274 15
91 142 139
48 72 93
92 83 89
83 93 74
203 85 221
80 88 95
148 95 88
295 275 69
56 435 111
161 106 89
112 96 82
115 113 146
185 89 191
114 175 100
165 98 157
166 83 74
148 78 100
76 78 148
99 146 113
150 102 116
158 197 171
88 164 148
355 291 13
809 150 105
102 82 144
435 75 19
472 511 488
115 146 119
208 244 254
86 122 74
160 107 106
53 107 87
160 106 159
122 80 70
106 107 108
144 153 102
116 119 150
82 56 144
205 174 177
147 119 116
147 155 115
146 150 119
117 101 76
153 98 116
112 150 809
105 99 203
56 101 117
300 306 288
216 193 220
155 168 115
276 306 64
118 162 111
477 600 602
162 118 145
162 153 144
100 96 114
102 112 82
436 483 448
90 167 152
711 633 554
679 790 350
95 148 81
122 86 80
11 23 69
319 388 378
384 125 123
271 42 17
24 23 126
128 91 123
136 129 27
125 126 128
135 127 136
57 46 133
126 129 128
128 129 130
27 129 126
129 127 130
127 131 130
130 131 143
135 136 133
143 79 140
6 79 132
79 131 134
6 133 46
135 133 132
135 131 127
132 79 134
134 135 132
129 136 127
21 136 27
133 136 57
390 18 297
311 287 259
124 360 60
293 297 299
142 91 143
357 341 323
79 25 140
124 357 326
142 141 139
140 25 141
143 91 130
141 142 140
79 143 131
142 143 140
103 188 177
166 172 191
113 115 156
167 90 156
146 105 150
18 118 111
155 147 165
106 161 159
188 103 203
159 161 228
98 165 147
334 322 392
474 109 5
71 86 93
547 321 484
482 440 512
169 344 343
147 115 119
102 153 116
77 38 164
195 166 179
216 247 185
117 164 38
344 155 120
109 162 145
105 146 99
169 167 168
157 98 163
451 345 465
274 61 271
160 159 39
89 108 92
39 73 160
107 160 73
150 112 102
195 172 166
162 109 163
158 171 261
148 164 76
624 163 474
116 98 147
277 260 261
544 501 104
165 120 155
83 92 93
55 77 37
198 97 176
115 168 156
512 479 438
156 90 85
169 277 167
156 168 167
183 90 152
312 734 730
189 187 195
270 210 237
204 226 207
180 100 175
348 772 749
70 178 122
103 175 114
198 180 174
206 212 213
178 179 122
174 175 177
103 177 175
181 70 81
179 178 176
200 202 182
179 166 74
181 176 178
100 180 81
70 181 178
81 180 181
196 192 197
216 185 193
197 224 215
183 152 171
89 185 161
184 194 245
188 206 177
182 170 200
199 244 208
97 189 195
170 187 200
205 202 174
209 270 212
221 204 207
220 190 218
166 191 89
214 182 222
204 85 90
265 235 266
277 261 152
267 268 263
231 317 281
198 189 97
172 193 185
173 754 314
179 97 195
97 179 176
170 193 172
170 172 187
193 170 190
197 158 196
187 172 195
201 39 228
174 202 189
351 634 354
202 200 189
187 189 200
174 189 198
105 203 103
180 198 176
209 226 246
202 186 222
85 203 99
246 226 215
206 186 205
206 205 177
202 205 186
207 188 221
206 188 207
171 215 183
207 212 206
225 184 232
239 266 240
226 183 215
214 222 213
236 251 242
234 238 283
223 241 194
243 223 194
209 212 207
213 212 211
213 211 214
206 213 186
217 214 211
233 316 269
197 215 171
192 199 224
220 218 219
247 216 248
228 39 159
218 227 235
227 182 235
229 216 220
154 249 250
240 266 235
220 193 190
220 219 229
203 221 188
85 204 221
202 222 182
213 222 186
270 237 211
223 243 239
192 224 197
237 241 223
255 252 225
209 207 226
183 226 204
224 230 246
182 227 170
217 223 239
201 248 249
234 229 219
241 210 252
283 231 234
232 184 245
227 190 170
238 219 218
232 245 241
241 237 210
211 237 217
241 252 255
250 234 242
218 190 227
209 230 256
217 239 240
317 280 281
161 247 228
236 242 280
199 208 230
234 219 238
224 199 230
253 244 192
266 243 267
182 240 235
217 240 214
241 245 194
244 199 192
262 263 268
244 94 254
223 217 237
281 234 231
257 225 252
224 246 215
209 246 230
185 247 161
248 216 229
248 229 249
228 247 248
250 249 229
201 249 154
234 250 229
250 242 251
236 154 251
250 251 154
210 256 252
252 256 257
196 253 192
728 572 703
94 225 254
257 258 225
225 232 255
241 255 232
256 210 270
257 256 230
230 208 257
257 208 258
208 254 258
254 225 258
16 272 145
294 307 320
347 622 573
260 277 342
152 261 171
354 261 260
238 218 265
441 264 268
441 194 184
265 262 283
269 262 268
268 267 441
235 265 218
262 265 263
243 266 239
265 266 263
266 267 263
194 267 243
269 268 264
264 233 269
281 280 242
212 270 211
256 270 209
288 276 10
25 357 141
109 272 5
18 299 297
302 63 295
291 355 304
390 300 16
60 338 123
68 340 305
63 303 275
300 390 297
297 293 306
167 277 152
342 277 169
495 504 577
742 352 572
282 236 280
269 316 262
282 280 279
234 281 242
231 316 317
279 4 282
236 282 4
265 283 238
316 283 262
336 360 337
24 295 69
121 532 685
276 288 306
67 327 137
302 24 125
124 60 139
272 62 5
60 360 284
287 66 67
359 374 339
366 371 336
331 330 296
340 320 305
291 307 294
305 64 273
340 290 292
25 309 341
67 446 259
271 61 273
124 326 360
306 293 42
68 303 308
272 16 62
13 291 311
42 273 64
299 19 298
67 66 286
17 298 20
293 299 298
308 63 59
299 18 435
271 273 42
14 62 16
300 10 304
311 291 294
63 302 377
381 59 332
61 274 69
307 276 320
467 465 486
10 276 307
305 110 68
110 273 61
274 11 69
345 478 465
331 361 387
389 7 65
64 305 383
396 365 370
275 295 63
382 364 319
405 324 335
389 137 327
304 10 291
59 380 308
692 819 815
492 772 351
354 634 353
312 733 740
158 261 354
173 770 733
315 342 343
492 351 315
317 316 233
283 316 231
233 279 317
317 279 280
327 286 7
328 138 7
320 383 305
462 324 463
67 259 287
110 303 68
591 506 507
583 483 436
335 138 333
374 379 339
308 303 63
7 286 310
373 68 308
337 289 336
328 7 310
18 390 118
328 329 138
420 428 419
320 276 383
389 65 324
138 335 65
25 341 357
360 336 284
289 367 322
7 389 327
377 332 59
110 305 273
399 421 417
285 323 309
125 384 302
366 382 381
145 390 16
406 410 805
376 399 402
7 138 65
361 328 310
338 377 384
340 373 331
360 326 337
382 319 372
369 358 368
331 387 340
433 424 426
285 301 359
286 290 310
330 308 380
323 326 357
379 323 339
343 342 169
351 342 315
344 169 168
550 530 524
155 344 168
120 343 344
505 550 562
506 503 507
314 770 173
346 438 437
620 480 157
489 539 591
542 723 555
437 732 749
347 615 469
773 775 473
747 738 572
492 346 749
342 351 260
469 315 343
703 352 560
728 703 702
475 552 673
568 777 771
351 354 260
244 781 94
296 378 318
480 620 471
367 396 370
394 417 404
366 381 371
287 311 294
386 334 392
323 341 309
485 581 447
398 362 401
329 401 138
338 60 284
380 381 382
373 340 68
301 408 411
417 418 399
356 362 397
318 329 361
388 319 369
403 432 392
334 369 319
365 396 337
364 366 322
388 398 318
388 369 368
374 370 365
358 369 334
322 367 392
371 284 336
388 318 378
329 318 398
424 805 410
332 371 381
379 374 365
309 301 285
406 411 408
359 407 374
420 391 405
329 398 401
413 402 418
414 415 413
472 466 661
361 296 318
335 333 405
332 377 338
372 296 330
330 373 308
123 338 384
365 337 379
326 379 337
329 328 361
363 325 368
384 377 302
319 364 334
361 331 296
382 330 380
292 294 320
286 327 67
336 289 366
333 395 427
392 367 403
319 378 372
387 310 290
382 372 330
340 387 290
337 396 289
289 322 366
396 367 289
338 371 332
66 292 290
446 445 259
338 284 371
414 393 400
432 393 363
356 394 404
358 363 368
301 411 359
504 495 510
434 432 433
400 393 434
395 401 362
402 415 376
138 395 333
310 387 361
395 404 427
405 391 463
359 339 285
432 363 386
403 375 432
386 363 358
515 807 668
406 412 410
356 804 394
397 388 416
805 422 370
499 807 657
356 397 416
404 395 362
412 406 423
363 393 414
416 388 368
356 404 362
385 424 410
423 408 1
422 805 424
408 423 406
411 407 359
407 370 374
411 406 407
412 423 1
804 413 394
414 413 325
414 325 363
415 414 400
376 415 400
402 413 415
368 325 416
416 325 804
418 417 394
533 574 523
413 418 394
399 418 402
419 429 420
421 428 417
427 405 333
419 430 429
399 419 421
420 427 428
403 422 375
805 370 407
655 668 806
385 410 412
424 385 426
422 424 375
385 376 425
376 400 434
385 425 426
434 433 425
428 427 404
405 427 420
417 428 404
419 428 421
429 430 58
391 420 431
419 399 430
399 58 430
420 429 431
511 472 458
432 386 392
432 375 433
424 433 375
425 433 426
434 425 376
393 432 434
111 435 18
117 435 56
436 345 581
443 578 654
438 346 615
578 678 654
482 512 615
440 482 476
504 510 672
570 562 550
624 157 163
475 773 552
194 441 267
184 264 441
491 509 564
720 621 450
445 13 311
705 694 726
463 457 462
522 558 747
259 445 311
729 437 740
662 460 644
506 600 503
521 625 612
589 588 440
706 532 563
447 521 485
391 628 459
451 462 455
501 149 104
447 645 521
443 662 578
389 453 137
452 453 324
462 465 452
324 453 389
453 452 467
622 469 343
456 663 541
675 472 661
493 618 585
157 480 165
549 456 587
455 461 451
455 462 457
646 650 651
436 581 490
628 391 431
590 561 531
660 458 675
457 627 455
714 674 586
627 457 459
465 462 451
324 462 452
405 463 324
459 463 391
446 137 487
137 453 467
649 650 646
486 465 478
349 559 501
451 461 345
464 487 467
452 465 467
461 645 447
58 635 429
469 615 346
686 549 607
512 440 588
533 523 564
479 437 438
729 733 745
491 564 523
486 478 489
349 454 523
13 477 667
461 447 581
511 644 488
774 673 552
347 482 615
347 573 496
471 613 617
104 149 514
732 748 348
559 576 525
62 14 604
573 622 120
781 253 771
548 504 672
514 592 104
561 721 450
533 564 575
548 672 567
469 492 315
461 581 345
440 495 529
667 602 556
618 537 490
736 350 748
672 617 613
436 478 345
489 507 486
467 487 137
503 487 464
627 519 650
573 165 480
731 728 694
530 505 589
624 474 484
539 489 448
503 464 507
637 711 685
460 662 500
552 780 774
534 618 485
595 532 121
629 619 149
439 481 609
489 591 507
583 537 514
480 471 573
669 502 551
443 534 500
534 585 618
657 409 590
456 541 546
654 585 443
593 621 631
514 537 493
502 574 533
443 585 534
495 440 476
349 501 454
490 583 436
653 658 575
662 443 500
618 493 537
481 442 544
461 455 645
499 658 653
507 464 486
481 544 104
483 684 539
535 656 553
467 486 464
446 503 445
560 313 570
478 448 489
487 503 446
627 459 628
466 472 488
703 698 702
674 653 616
545 590 531
515 470 561
681 726 702
678 609 606
535 557 538
659 720 596
481 616 442
470 721 561
607 587 517
711 684 121
642 644 641
460 582 641
468 582 612
720 631 621
645 627 625
649 612 625
612 520 521
640 678 638
558 741 753
616 481 439
490 581 485
572 352 703
513 571 574
450 721 720
608 517 555
725 579 497
557 535 671
499 657 658
688 494 697
538 542 656
587 526 553
508 710 540
588 589 505
529 530 589
542 538 594
491 454 544
744 151 735
616 509 442
567 676 548
806 580 769
577 541 495
631 528 594
695 724 596
715 716 803
781 244 253
538 593 594
591 539 554
491 442 509
481 104 536
576 523 571
599 712 685
312 740 734
530 550 505
708 599 707
569 742 754
629 525 684
663 549 677
720 659 631
538 557 513
551 545 531
495 541 529
608 632 516
779 780 552
678 626 638
722 720 498
684 619 629
541 663 529
558 522 788
664 680 712
576 559 349
676 666 664
567 321 666
542 555 517
663 530 529
553 656 587
684 525 121
704 524 699
313 352 543
526 709 553
601 556 652
813 314 754
597 557 671
665 547 474
669 513 574
524 530 677
517 608 607
598 556 601
591 682 506
658 590 575
549 663 456
706 597 671
706 707 599
682 591 554
798 783 796
666 566 680
508 540 546
512 588 479
149 619 583
594 528 542
551 531 450
768 719 718
574 571 523
575 564 509
586 674 616
547 566 666
652 556 602
708 676 664
680 664 666
559 525 629
604 667 556
677 549 686
439 639 586
469 622 347
771 196 353
754 742 738
682 554 633
514 493 592
496 573 471
756 760 755
347 496 476
606 592 654
573 120 165
496 617 510
790 348 748
543 733 312
537 583 490
500 534 520
561 450 531
586 616 439
620 613 471
499 584 580
629 149 501
669 574 502
551 621 593
583 514 149
509 616 653
653 674 499
478 436 448
562 588 505
545 575 590
503 600 445
580 806 499
592 585 654
557 597 513
476 510 495
576 571 563
584 499 674
479 588 562
353 196 158
550 524 570
533 545 502
692 681 691
586 639 714
669 538 513
523 576 349
773 473 701
680 565 683
686 607 608
723 542 528
626 578 662
538 669 593
789 278 787
535 553 709
456 540 587
565 566 598
525 595 121
685 532 599
551 502 545
522 731 694
684 483 619
667 14 355
566 547 665
598 601 565
707 706 671
685 683 637
667 355 13
600 682 652
474 547 484
712 680 683
678 606 654
321 547 666
445 600 477
484 321 613
601 683 565
312 313 543
676 508 548
614 632 497
677 686 494
652 602 600
760 638 660
598 604 556
587 607 549
611 678 640
458 638 626
609 678 611
536 606 609
555 632 608
677 530 663
806 769 655
512 438 615
644 511 662
820 815 690
641 643 518
520 582 500
612 582 520
697 516 691
485 618 490
548 577 504
815 819 690
672 510 617
582 460 500
510 476 496
624 620 157
483 583 619
468 643 641
546 548 508
575 509 653
659 596 724
626 511 458
484 620 624
536 609 481
538 656 535
491 544 442
622 343 120
594 593 631
474 163 109
456 546 540
471 617 496
429 628 431
651 635 636
643 647 449
468 641 582
440 529 589
627 628 519
635 628 429
593 669 551
605 819 818
688 697 691
321 567 672
687 693 605
626 678 578
563 532 595
636 635 58
628 635 519
58 630 636
630 646 651
539 684 554
566 565 680
609 611 439
536 592 606
686 608 697
639 439 611
601 652 633
714 584 674
642 466 488
641 518 642
518 466 642
468 649 647
518 643 449
641 644 460
488 644 642
627 645 455
521 645 625
646 648 647
646 647 649
468 647 643
648 646 630
630 449 648
449 647 648
612 649 468
649 625 650
627 650 625
651 650 519
635 651 519
630 651 636
450 621 551
497 579 614
511 626 662
458 472 675
458 660 638
521 520 485
585 592 493
534 485 520
590 409 561
604 5 62
409 807 515
577 546 541
740 733 729
454 491 523
321 672 613
590 658 657
544 454 501
469 346 492
670 755 675
543 352 569
592 536 104
595 525 576
668 470 515
513 597 571
660 675 755
761 801 763
497 723 724
587 540 526
348 749 732
601 637 683
603 598 665
567 666 676
5 603 474
499 806 807
656 542 517
517 587 656
661 466 670
801 761 759
548 546 577
483 539 448
758 611 640
482 347 476
313 730 570
444 693 689
528 631 659
484 613 620
661 670 675
563 595 576
677 494 699
637 633 711
687 689 693
516 696 691
652 682 633
598 566 665
474 603 665
506 682 600
695 727 689
477 602 667
756 757 758
698 688 681
633 637 601
597 706 563
604 14 667
603 604 598
571 597 563
501 559 629
5 604 603
698 560 704
697 608 516
677 699 524
689 727 444
725 497 695
817 605 693
694 702 726
726 681 692
815 726 692
689 687 725
516 632 614
818 579 605
569 173 543
788 787 741
696 614 579
579 725 687
689 725 695
497 724 695
686 697 494
516 614 696
698 681 702
524 704 570
494 688 699
704 688 698
782 780 786
352 313 560
784 791 750
730 313 312
681 688 691
522 694 705
562 730 734
560 698 703
570 704 560
688 704 699
816 705 726
794 770 314
707 671 709
532 706 599
710 707 709
508 676 708
708 664 712
708 707 710
535 709 671
710 709 526
540 710 526
708 710 508
684 711 554
711 121 685
685 712 683
708 712 599
2 802 767
759 715 757
639 717 714
719 580 584
717 757 715
610 761 763
762 716 715
755 766 713
639 758 757
610 716 762
718 803 716
714 719 584
717 803 714
803 718 719
721 470 498
722 596 720
720 721 498
498 444 722
632 723 497
555 723 632
724 528 659
579 687 605
724 723 528
816 623 705
722 727 596
727 722 444
727 695 596
818 691 696
623 737 705
570 730 562
350 786 679
151 746 745
733 770 745
569 754 173
750 800 784
743 747 558
787 278 741
738 742 572
746 748 732
734 740 479
351 772 634
572 728 731
736 782 350
353 679 771
746 151 736
776 796 783
731 747 572
701 779 773
776 783 475
743 785 738
679 786 568
543 173 733
735 770 794
346 437 749
348 634 772
739 796 794
747 731 522
735 151 745
738 747 743
437 479 740
776 475 673
751 811 700
790 679 634
437 729 732
492 749 772
746 732 729
562 734 479
752 798 739
729 745 746
475 783 751
774 776 673
784 795 791
741 795 753
352 742 569
808 737 623
808 623 527
350 790 748
278 795 741
795 784 753
795 278 791
800 750 3
814 558 753
670 764 766
756 755 713
759 757 713
640 638 760
639 757 717
713 757 756
611 758 639
756 758 640
713 765 801
762 759 761
755 760 660
640 760 756
766 765 713
761 610 762
670 466 764
715 759 762
719 768 769
716 610 718
466 2 764
801 765 802
767 765 764
670 766 755
764 765 766
764 2 767
713 801 759
718 655 768
769 768 655
409 515 561
580 719 769
780 779 701
694 728 702
777 568 473
774 780 782
473 568 701
788 789 787
774 744 776
350 782 786
746 736 748
701 568 786
783 798 751
775 781 777
568 771 679
771 253 196
700 799 797
797 810 800
775 777 473
701 786 780
777 781 771
151 782 736
552 773 779
94 781 775
739 794 314
799 700 778
794 744 735
812 752 793
796 744 794
743 814 793
353 634 679
774 151 744
558 788 741
522 705 737
623 816 820
527 789 808
737 788 522
789 788 737
348 790 634
782 151 774
278 750 791
785 743 793
798 812 811
753 784 792
752 785 793
799 778 792
813 785 752
700 811 778
3 797 800
810 784 800
793 814 792
739 798 796
752 739 813
738 785 754
797 799 810
751 798 811
776 744 796
784 810 792
810 799 792
793 792 778
765 767 802
2 763 802
801 802 763
714 803 719
715 803 717
416 804 356
413 804 325
805 407 406
657 807 409
668 807 806
789 737 808
114 809 105
96 112 809
812 798 752
793 778 812
811 812 778
314 813 739
754 785 813
558 814 743
792 814 753
726 815 816
816 815 820
693 690 817
819 817 690
691 818 692
579 818 696
818 819 692
819 605 817
690 527 820
623 820 527
51
2 466 2
3 750 2
4 279 2
1 408 2
6 43 2
39 201 2
33 39 2
43 33 2
25 79 2
79 6 2
94 775 2
154 236 2
184 225 2
201 154 2
233 264 2
236 4 2
225 94 2
264 184 2
279 233 2
58 399 2
301 309 2
309 25 2
376 385 2
385 412 2
399 376 2
466 518 2
449 630 2
630 58 2
518 449 2
444 498 2
655 718 2
527 690 2
610 763 2
470 668 2
498 470 2
278 789 2
718 610 2
475 751 2
750 278 2
763 2 2
408 301 2
412 1 2
668 655 2
789 527 2
700 797 2
751 700 2
797 3 2
693 444 2
690 693 2
773 475 2
775 773 2
