5 1
1 0.000000000000000e+00 0.000000000000000e+00 1
2 1.000000000000000e+00 0.000000000000000e+00 2
5 5.000000000000000e-01 5.000000000000000e-01 2
6 0.000000000000000e+00 5.000000000000000e-01 1
7 5.000000000000000e-01 0.000000000000000e+00 1
4 0.000000000000000e+00 1.000000000000000e+00 2
3 3
1 0.000000000000000e+00 0.000000000000000e+00 1
6 0.000000000000000e+00 5.000000000000000e-01 1
7 5.000000000000000e-01 0.000000000000000e+00 1
2 1.000000000000000e+00 0.000000000000000e+00 2
4 0.000000000000000e+00 1.000000000000000e+00 2
5 5.000000000000000e-01 5.000000000000000e-01 2
4
6 1 5
7 2 5
5 4 6
5 1 7
4
6 1 2
7 2 2
4 6 2
1 7 2
