4 2
3 1.000000000000000e+00 1.000000000000000e+00 1
4 0.000000000000000e+00 1.000000000000000e+00 2
8 1.000000000000000e+00 5.000000000000000e-01 1
9 5.000000000000000e-01 1.000000000000000e+00 1
2 1.000000000000000e+00 0.000000000000000e+00 2
5 5.000000000000000e-01 5.000000000000000e-01 2
3 3
3 1.000000000000000e+00 1.000000000000000e+00 1
8 1.000000000000000e+00 5.000000000000000e-01 1
9 5.000000000000000e-01 1.000000000000000e+00 1
2 1.000000000000000e+00 0.000000000000000e+00 2
4 0.000000000000000e+00 1.000000000000000e+00 2
5 5.000000000000000e-01 5.000000000000000e-01 2
4
5 9 4
8 3 5
5 2 8
5 3 9
4
9 4 2
8 3 2
2 8 2
3 9 2
