%%MatrixMarket matrix array real general
%
1023 1
-5.0982387562780243e-04
4.6873684714200149e-03
2.6746469788944075e-03
2.2845684575314067e-03
2.1391026961559388e-03
2.0700810938943121e-03
2.0324165247740424e-03
2.0098526381508858e-03
1.9953897986481981e-03
1.9856232008304726e-03
1.9787463550577939e-03
1.9737421169684476e-03
1.9700115623393216e-03
1.9671779031252522e-03
1.9649737158593493e-03
1.9632055207484244e-03
1.9618017765220932e-03
1.9606443740764357e-03
1.9597070362743600e-03
1.9589292558812605e-03
1.9582629058930920e-03
1.9576879691282044e-03
1.9571998099695807e-03
1.9567921606484118e-03
1.9564489536537423e-03
1.9561483256411143e-03
1.9558741677297171e-03
1.9556255282977275e-03
1.9554135530985266e-03
1.9552420625208958e-03
1.9550855879125577e-03
1.9549150871738322e-03
1.9547969077706416e-03
1.9546706018623485e-03
1.9545636121961665e-03
1.9544715055204512e-03
1.9543831997213545e-03
1.9542975919008866e-03
1.9542215366096551e-03
1.9541597576414223e-03
1.9541079250493219e-03
1.9540549106583857e-03
1.9539928739494283e-03
1.9539271939261783e-03
1.9538753379034525e-03
1.9538482094493582e-03
1.9538250170670034e-03
1.9537723622106012e-03
1.9537466176317436e-03
1.9537175352903474e-03
1.9536925445541309e-03
1.9536701148064953e-03
1.9536434044168383e-03
1.9536118537067798e-03
1.9535828092759437e-03
1.9535635361342014e-03
1.9535532432371425e-03
1.9535429356726357e-03
1.9535239436154102e-03
1.9534982879728900e-03
1.9534795599120899e-03
1.9534764617483470e-03
1.9534692529422776e-03
1.9534328798616503e-03
1.9534357407404064e-03
1.9534258025698838e-03
1.9534122553201104e-03
1.9534019306109394e-03
1.9533917284854582e-03
1.9533789382933063e-03
1.9533674658622074e-03
1.9533626190042681e-03
1.9533632383319337e-03
1.9533606016074144e-03
1.9533466190785019e-03
1.9533249105560084e-03
1.9533123968427206e-03
1.9533214992827029e-03
1.9533317630168225e-03
1.9533068815274779e-03
1.9533069651522968e-03
1.9533075546777842e-03
1.9533008058647897e-03
1.9532949112074233e-03
1.9532881975663913e-03
1.9532770350644095e-03
1.9532650672439214e-03
1.9532593697000403e-03
1.9532615003465224e-03
1.9532644060722103e-03
1.9532593529162021e-03
1.9532472489252571e-03
1.9532415782485928e-03
1.9532520539659211e-03
1.9532576234231221e-03
1.9532282850740906e-03
1.9532359616908496e-03
1.9532401821165390e-03
1.9532340129652589e-03
1.9532300973582641e-03
1.9532291469095964e-03
1.9532259485069044e-03
1.9532215779599210e-03
1.9532213907718053e-03
1.9532261251557770e-03
1.9532283061159325e-03
1.9532193160437562e-03
1.9532016285833988e-03
1.9531923723961515e-03
1.9532055128333378e-03
1.9532201715346184e-03
1.9531967346422471e-03
1.9531999363324240e-03
1.9532088898063724e-03
1.9532036540942758e-03
1.9531998363073941e-03
1.9531994026763880e-03
1.9531958881294914e-03
1.9531896914182639e-03
1.9531873917474629e-03
1.9531919158627606e-03
1.9531971652332371e-03
1.9531939184403262e-03
1.9531822152406147e-03
1.9531760836197093e-03
1.9531871722954230e-03
1.9531948445403388e-03
1.9531676909959328e-03
1.9531776290368300e-03
1.9531885607485672e-03
1.9531820369486572e-03
1.9531766177267387e-03
1.9531768008762204e-03
1.9531757172226785e-03
1.9531723856075558e-03
1.9531723235158872e-03
1.9531777627828616e-03
1.9531820258285662e-03
1.9531757887663037e-03
1.9531604023723184e-03
1.9531531051855885e-03
1.9531690147243860e-03
1.9531864532638527e-03
1.9531625102781960e-03
1.9531662027086547e-03
1.9531793120228375e-03
1.9531717463784140e-03
1.9531654731504144e-03
1.9531656979536183e-03
1.9531638639368742e-03
1.9531580642939764e-03
1.9531549435064938e-03
1.9531590164627646e-03
1.9531652959601797e-03
1.9531642822352493e-03
1.9531551798333269e-03
1.9531519796152433e-03
1.9531667629151955e-03
1.9531769337661278e-03
1.9531463213225270e-03
1.9531537912588492e-03
1.9531689419036019e-03
1.9531618799582470e-03
1.9531555817029062e-03
1.9531572771729899e-03
1.9531583222703458e-03
1.9531557655446535e-03
1.9531551616540355e-03
1.9531599835453384e-03
1.9531642465746638e-03
1.9531580985490127e-03
1.9531420983520537e-03
1.9531338312025540e-03
1.9531496548709434e-03
1.9531673417824899e-03
1.9531412187368605e-03
1.9531443382643163e-03
1.9531608046920723e-03
1.9531517637255968e-03
1.9531446259902843e-03
1.9531472273350142e-03
1.9531489322945836e-03
1.9531454974407933e-03
1.9531432250416633e-03
1.9531475767280079e-03
1.9531541339679395e-03
1.9531529056292171e-03
1.9531424124952304e-03
1.9531371108636938e-03
1.9531505920252767e-03
1.9531605510860056e-03
1.9531298917288345e-03
1.9531383063315644e-03
1.9531568831213098e-03
1.9531486259946607e-03
1.9531406706365870e-03
1.9531428746011603e-03
1.9531452344485195e-03
1.9531432189241887e-03
1.9531425007888389e-03
1.9531476620313626e-03
1.9531532877695504e-03
1.9531489748275122e-03
1.9531344570624110e-03
1.9531274549809755e-03
1.9531452134843724e-03
1.9531648055171186e-03
1.9531379302632490e-03
1.9531410193204465e-03
1.9531600973261773e-03
1.9531485783947852e-03
1.9531386990344832e-03
1.9531407579352761e-03
1.9531425520981430e-03
1.9531381354696009e-03
1.9531339288317295e-03
1.9531366760848004e-03
1.9531428762958603e-03
1.9531423954049013e-03
1.9531331818975692e-03
1.9531297057952257e-03
1.9531458720890779e-03
1.9531577657080842e-03
1.9531244407599638e-03
1.9531320628045148e-03
1.9531530995798435e-03
1.9531423794181338e-03
1.9531327325825604e-03
1.9531364261618292e-03
1.9531415112448436e-03
1.9531411644957627e-03
1.9531405000931534e-03
1.9531448149644540e-03
1.9531493315022158e-03
1.9531435845365208e-03
1.9531271365733557e-03
1.9531183680696826e-03
1.9531357345166020e-03
1.9531559672720938e-03
1.9531285132383183e-03
1.9531361259316968e-03
1.9531410671475014e-03
1.9531432901467999e-03
1.9531506730286058e-03
1.9531485944689064e-03
1.9531309925983412e-03
1.9531145373081621e-03
1.9531195102984664e-03
1.9531447132022650e-03
1.9531640830335456e-03
1.9531516609883962e-03
1.9531152685072356e-03
1.9531016580331823e-03
1.9531438153942773e-03
1.9531784861765572e-03
1.9531082107578160e-03
1.9531294705021351e-03
1.9531441493304894e-03
1.9531364092840037e-03
1.9531318141533319e-03
1.9531352521237125e-03
1.9531366432432098e-03
1.9531343626879097e-03
1.9531346705999250e-03
1.9531390657005002e-03
1.9531399823126128e-03
1.9531316136051080e-03
1.9531232865611647e-03
1.9531323182732652e-03
1.9531488755380674e-03
1.9531317186827976e-03
1.9531225198854002e-03
1.9531810735112648e-03
1.9531408282938770e-03
1.9531008593770202e-03
1.9531141860613666e-03
1.9531470181900698e-03
1.9531576695664063e-03
1.9531411839347063e-03
1.9531207153724792e-03
1.9531166388375154e-03
1.9531275762714115e-03
1.9531377119112805e-03
1.9531389294878201e-03
1.9531394452194858e-03
1.9531403344758766e-03
1.9531230017230117e-03
1.9531190320109804e-03
1.9531486771866002e-03
1.9531417348740976e-03
1.9531311660134915e-03
1.9531330236298161e-03
1.9531355189549710e-03
1.9531317066918616e-03
1.9531281931971095e-03
1.9531322325280001e-03
1.9531394772196314e-03
1.9531378293499713e-03
1.9531246613569697e-03
1.9531176650596505e-03
1.9531361317314186e-03
1.9531560845770027e-03
1.9531240672348155e-03
1.9531244813837667e-03
1.9531487365365974e-03
1.9531326212998343e-03
1.9531196772037129e-03
1.9531257147970063e-03
1.9531342179491679e-03
1.9531341914631462e-03
1.9531310667116261e-03
1.9531334480737614e-03
1.9531392447894938e-03
1.9531378043359110e-03
1.9531261760646762e-03
1.9531200472079624e-03
1.9531362405079966e-03
1.9531504361086430e-03
1.9531164111546290e-03
1.9531190975809326e-03
1.9531471785112497e-03
1.9531361436249117e-03
1.9531243448949673e-03
1.9531288146977174e-03
1.9531351952144366e-03
1.9531339828331509e-03
1.9531309895910801e-03
1.9531341176411282e-03
1.9531399563091564e-03
1.9531368840069036e-03
1.9531224246068304e-03
1.9531146718268083e-03
1.9531335750819848e-03
1.9531549521690297e-03
1.9531238834995107e-03
1.9531256819218176e-03
1.9531527938092610e-03
1.9531359148896726e-03
1.9531212788964081e-03
1.9531262592662677e-03
1.9531336424409573e-03
1.9531317295694225e-03
1.9531263984016167e-03
1.9531274111127678e-03
1.9531334917219298e-03
1.9531338346852681e-03
1.9531245938750261e-03
1.9531205177721819e-03
1.9531377715110917e-03
1.9531511934424706e-03
1.9531140629819449e-03
1.9531170604085643e-03
1.9531480851538094e-03
1.9531359996383391e-03
1.9531222717345670e-03
1.9531259491655517e-03
1.9531322521645841e-03
1.9531308447927331e-03
1.9531274738421034e-03
1.9531305365156487e-03
1.9531369216535602e-03
1.9531347213058783e-03
1.9531209081119633e-03
1.9531134071640588e-03
1.9531325148575487e-03
1.9531540427826025e-03
1.9531222803084169e-03
1.9531236392021367e-03
1.9531520724544171e-03
1.9531342569944557e-03
1.9531189540559074e-03
1.9531248592583733e-03
1.9531338344452032e-03
1.9531329937015479e-03
1.9531279075314933e-03
1.9531287212164808e-03
1.9531344948142404e-03
1.9531342944033372e-03
1.9531239451900870e-03
1.9531183003495337e-03
1.9531343197258036e-03
1.9531477273221978e-03
1.9531125006449351e-03
1.9531153716651622e-03
1.9531465532238168e-03
1.9531341427365054e-03
1.9531204579476408e-03
1.9531252265483218e-03
1.9531327660364736e-03
1.9531318126405350e-03
1.9531280769496534e-03
1.9531305708776550e-03
1.9531367185618917e-03
1.9531346236445687e-03
1.9531209227999641e-03
1.9531133891045535e-03
1.9531325630226734e-03
1.9531543135980350e-03
1.9531223455239721e-03
1.9531235393602242e-03
1.9531531635222019e-03
1.9531343286203970e-03
1.9531178893506182e-03
1.9531237189483533e-03
1.9531329974936049e-03
1.9531319716186296e-03
1.9531261629143204e-03
1.9531263422946782e-03
1.9531321902660354e-03
1.9531329002749481e-03
1.9531239813170079e-03
1.9531199162984916e-03
1.9531373819447542e-03
1.9531513256402649e-03
1.9531138098792256e-03
1.9531156759393098e-03
1.9531497700117362e-03
1.9531367830457613e-03
1.9531215308984870e-03
1.9531254406076684e-03
1.9531326472633434e-03
1.9531312729281214e-03
1.9531269322122721e-03
1.9531290116504979e-03
1.9531352447283157e-03
1.9531336031440028e-03
1.9531202648934431e-03
1.9531126815146987e-03
1.9531315150993211e-03
1.9531528847250290e-03
1.9531203542512421e-03
1.9531209447504472e-03
1.9531513638495063e-03
1.9531318272001247e-03
1.9531149930030120e-03
1.9531217434380008e-03
1.9531325926093746e-03
1.9531328190439817e-03
1.9531275783826255e-03
1.9531278491618648e-03
1.9531335845066958e-03
1.9531339274388299e-03
1.9531240863236779e-03
1.9531184510343108e-03
1.9531342306353186e-03
1.9531474437367025e-03
1.9531113228758307e-03
1.9531128191170727e-03
1.9531467990870216e-03
1.9531339603655121e-03
1.9531192580529780e-03
1.9531244291235914e-03
1.9531328982444127e-03
1.9531320487104764e-03
1.9531274229010881e-03
1.9531289120425580e-03
1.9531348066091705e-03
1.9531332473856147e-03
1.9531201620850078e-03
1.9531126864714698e-03
1.9531314913404929e-03
1.9531529962692196e-03
1.9531208069253347e-03
1.9531214305271855e-03
1.9531528193257736e-03
1.9531326777353086e-03
1.9531150409198422e-03
1.9531216576566049e-03
1.9531326050243117e-03
1.9531325065945890e-03
1.9531264274913751e-03
1.9531258382894726e-03
1.9531313097630315e-03
1.9531322647911575e-03
1.9531237136896015e-03
1.9531195911892466e-03
1.9531367022848009e-03
1.9531506416174821e-03
1.9531133833242953e-03
1.9531139975001444e-03
1.9531500963376192e-03
1.9531364661585712e-03
1.9531200934291074e-03
1.9531241752749409e-03
1.9531321802102181e-03
1.9531310451539122e-03
1.9531261354827842e-03
1.9531275531405948e-03
1.9531338613292953e-03
1.9531331661267401e-03
1.9531209656542189e-03
1.9531138661584499e-03
1.9531323993455182e-03
1.9531534702143111e-03
1.9531211711863172e-03
1.9531211747131766e-03
1.9531528405819787e-03
1.9531320256188436e-03
1.9531139044069168e-03
1.9531209697725566e-03
1.9531329042142206e-03
1.9531335966850027e-03
1.9531277290406601e-03
1.9531268715432745e-03
1.9531318834535225e-03
1.9531322928190570e-03
1.9531229113156079e-03
1.9531174603418730e-03
1.9531331009592021e-03
1.9531467686214887e-03
1.9531121350730291e-03
1.9531121634846077e-03
1.9531467426271570e-03
1.9531330552101933e-03
1.9531174119646333e-03
1.9531228571494572e-03
1.9531322320909053e-03
1.9531318270263470e-03
1.9531268344120042e-03
1.9531277173883352e-03
1.9531336021066104e-03
1.9531329107210435e-03
1.9531209691542456e-03
1.9531139067243686e-03
1.9531320498491350e-03
1.9531528847786112e-03
1.9531212080735466e-03
1.9531212149300342e-03
1.9531535044692433e-03
1.9531324409298584e-03
1.9531139136034284e-03
1.9531210012624298e-03
1.9531331781830127e-03
1.9531338544047025e-03
1.9531275416408631e-03
1.9531261297594388e-03
1.9531310426706486e-03
1.9531321694408882e-03
1.9531241496689999e-03
1.9531200624635925e-03
1.9531364466580589e-03
1.9531500822077275e-03
1.9531139579060525e-03
1.9531133628114261e-03
1.9531506110477548e-03
1.9531366759223331e-03
1.9531195759048964e-03
1.9531237019464118e-03
1.9531322500776840e-03
1.9531312964197606e-03
1.9531258372531141e-03
1.9531264441878804e-03
1.9531325327263385e-03
1.9531326234986934e-03
1.9531216591070974e-03
1.9531150378834725e-03
1.9531326958409298e-03
1.9531528592135333e-03
1.9531214537305552e-03
1.9531208426863678e-03
1.9531530322798307e-03
1.9531315363347790e-03
1.9531127404970663e-03
1.9531202124887515e-03
1.9531332832159534e-03
1.9531348297008033e-03
1.9531289343817509e-03
1.9531274539539220e-03
1.9531320846670058e-03
1.9531329240084494e-03
1.9531244336139786e-03
1.9531192491140034e-03
1.9531339571803794e-03
1.9531467950145154e-03
1.9531127764670364e-03
1.9531112950477991e-03
1.9531474036561525e-03
1.9531341799085139e-03
1.9531183945895661e-03
1.9531240203444003e-03
1.9531338470119841e-03
1.9531334938124173e-03
1.9531277603404978e-03
1.9531274999407197e-03
1.9531327454481162e-03
1.9531325071953792e-03
1.9531216363241136e-03
1.9531148792603648e-03
1.9531317386944774e-03
1.9531513028958614e-03
1.9531208638889491e-03
1.9531202898724620e-03
1.9531528311240443e-03
1.9531314725127966e-03
1.9531126515059880e-03
1.9531202404114989e-03
1.9531335752966117e-03
1.9531352147918041e-03
1.9531289922651712e-03
1.9531269357217496e-03
1.9531312984754565e-03
1.9531326805781110e-03
1.9531254701688205e-03
1.9531215661237333e-03
1.9531368466666824e-03
1.9531498523053803e-03
1.9531157241918923e-03
1.9531138802561937e-03
1.9531513987489646e-03
1.9531374508963348e-03
1.9531199840779542e-03
1.9531240449386020e-03
1.9531329518493526e-03
1.9531322283823441e-03
1.9531263745995384e-03
1.9531261955566676e-03
1.9531319967738131e-03
1.9531329945322792e-03
1.9531236740841992e-03
1.9531178179821168e-03
1.9531342677908126e-03
1.9531531170309188e-03
1.9531234512054074e-03
1.9531222611182952e-03
1.9531542362002385e-03
1.9531324872530328e-03
1.9531133212154286e-03
1.9531208644390716e-03
1.9531345706286576e-03
1.9531366736355721e-03
1.9531305481524444e-03
1.9531280908771098e-03
1.9531318624269739e-03
1.9531328328237438e-03
1.9531252903097554e-03
1.9531205188731762e-03
1.9531342135666804e-03
1.9531466048654661e-03
1.9531153178817817e-03
1.9531123541799700e-03
1.9531474215756309e-03
1.9531340467264999e-03
1.9531181575647913e-03
1.9531239541247178e-03
1.9531344244919230e-03
1.9531346977765471e-03
1.9531289528228329e-03
1.9531281281192636e-03
1.9531331596564019e-03
1.9531339005129031e-03
1.9531248004706972e-03
1.9531187909820960e-03
1.9531340463946056e-03
1.9531518403379661e-03
1.9531233444655127e-03
1.9531220014766537e-03
1.9531538128870832e-03
1.9531323386187266e-03
1.9531133046438651e-03
1.9531208911427594e-03
1.9531347845418573e-03
1.9531370567089715e-03
1.9531307413047441e-03
1.9531277440821004e-03
1.9531311581740263e-03
1.9531325658523405e-03
1.9531262205767161e-03
1.9531224864082972e-03
1.9531361663581714e-03
1.9531481752708482e-03
1.9531169897214762e-03
1.9531139043767326e-03
1.9531509380717044e-03
1.9531374058103512e-03
1.9531200676533300e-03
1.9531240941869574e-03
1.9531333126502071e-03
1.9531329778568543e-03
1.9531269466855142e-03
1.9531260242538762e-03
1.9531314668648977e-03
1.9531334881216986e-03
1.9531262071184816e-03
1.9531213486474186e-03
1.9531361443021200e-03
1.9531531646900593e-03
1.9531260807693074e-03
1.9531243234366530e-03
1.9531553939543395e-03
1.9531339377236931e-03
1.9531149090831826e-03
1.9531225032011004e-03
1.9531367747765635e-03
1.9531396563366027e-03
1.9531336678753827e-03
1.9531304682229023e-03
1.9531334828122304e-03
1.9531348080540356e-03
1.9531286313091770e-03
1.9531244529520098e-03
1.9531365719736432e-03
1.9531477555494933e-03
1.9531193312678496e-03
1.9531147107480842e-03
1.9531496678333732e-03
1.9531372979732439e-03
1.9531218375657064e-03
1.9531274131485490e-03
1.9531377805697414e-03
1.9531379950368730e-03
1.9531315649023578e-03
1.9531293611844414e-03
1.9531333540464060e-03
1.9531345903409103e-03
1.9531272227795646e-03
1.9531219034769134e-03
1.9531349382069310e-03
1.9531504193537677e-03
1.9531248681591493e-03
1.9531229888013132e-03
1.9531536843982594e-03
1.9531330035212763e-03
1.9531146514373404e-03
1.9531226075667485e-03
1.9531373672366792e-03
1.9531408272210268e-03
1.9531350462820077e-03
1.9531315222285767e-03
1.9531342070002872e-03
1.9531359519517413e-03
1.9531309780211267e-03
1.9531277087767654e-03
1.9531394268533508e-03
1.9531501116592034e-03
1.9531228637503437e-03
1.9531183658073326e-03
1.9531539384132976e-03
1.9531409736072147e-03
1.9531239189523250e-03
1.9531275668987491e-03
1.9531366679026649e-03
1.9531364922400138e-03
1.9531300993529885e-03
1.9531280765072295e-03
1.9531327340360782e-03
1.9531356216372850e-03
1.9531305717492078e-03
1.9531267423381488e-03
1.9531391870575357e-03
1.9531536377522946e-03
1.9531299113300579e-03
1.9531274436938445e-03
1.9531567710144651e-03
1.9531360122144875e-03
1.9531174630071924e-03
1.9531249044480031e-03
1.9531394767411878e-03
1.9531431310789021e-03
1.9531373607887884e-03
1.9531333207267951e-03
1.9531353613877339e-03
1.9531370362894721e-03
1.9531325519336618e-03
1.9531292042685375e-03
1.9531394419154274e-03
1.9531493185636975e-03
1.9531252223981763e-03
1.9531194123556320e-03
1.9531512803563841e-03
1.9531392026524361e-03
1.9531242913629759e-03
1.9531298630236990e-03
1.9531406638893523e-03
1.9531417846971044e-03
1.9531357606020483e-03
1.9531330749085751e-03
1.9531367808526059e-03
1.9531394256168885e-03
1.9531348985771038e-03
1.9531309955380313e-03
1.9531415441317659e-03
1.9531542056342999e-03
1.9531325339433511e-03
1.9531299051051346e-03
1.9531584495658949e-03
1.9531386866422987e-03
1.9531210043377545e-03
1.9531287352556187e-03
1.9531437016869491e-03
1.9531479499241972e-03
1.9531423827564773e-03
1.9531378294913929e-03
1.9531391890469305e-03
1.9531409389485499e-03
1.9531373768825119e-03
1.9531345107804687e-03
1.9531436073322167e-03
1.9531525220368440e-03
1.9531304321574947e-03
1.9531244877599857e-03
1.9531579411547970e-03
1.9531461537743086e-03
1.9531300660615772e-03
1.9531335891231835e-03
1.9531428158192990e-03
1.9531432760441572e-03
1.9531370233727349e-03
1.9531341960697321e-03
1.9531383012381526e-03
1.9531426027701720e-03
1.9531406888768296e-03
1.9531385152649766e-03
1.9531482945082737e-03
1.9531597367178841e-03
1.9531406126564732e-03
1.9531375131853768e-03
1.9531644156864092e-03
1.9531448870690818e-03
1.9531272228129823e-03
1.9531343407232782e-03
1.9531489830103277e-03
1.9531534134283671e-03
1.9531478807789798e-03
1.9531427712896829e-03
1.9531434859943950e-03
1.9531454358077890e-03
1.9531429522177193e-03
1.9531405879491051e-03
1.9531483922064982e-03
1.9531565860827771e-03
1.9531381556449554e-03
1.9531298941654410e-03
1.9531605656243622e-03
1.9531506178636429e-03
1.9531371470602951e-03
1.9531424579741288e-03
1.9531529591999483e-03
1.9531541943440187e-03
1.9531476425288588e-03
1.9531432948415098e-03
1.9531455697583897e-03
1.9531490056240927e-03
1.9531473001848099e-03
1.9531446968922353e-03
1.9531518312517621e-03
1.9531608674889442e-03
1.9531443950826025e-03
1.9531412684391444e-03
1.9531673833686133e-03
1.9531496875025631e-03
1.9531338542125506e-03
1.9531421112617409e-03
1.9531581010739027e-03
1.9531642386549572e-03
1.9531599653189388e-03
1.9531551334788788e-03
1.9531557279789738e-03
1.9531582760865182e-03
1.9531572233334113e-03
1.9531555213496976e-03
1.9531618143768803e-03
1.9531688725207691e-03
1.9531537196070606e-03
1.9531462490052359e-03
1.9531768624139814e-03
1.9531666941781309e-03
1.9531519150848553e-03
1.9531551210306558e-03
1.9531642305444241e-03
1.9531652525938137e-03
1.9531589824220430e-03
1.9531549195492687e-03
1.9531580508691318e-03
1.9531638611684984e-03
1.9531657056251553e-03
1.9531654906574658e-03
1.9531717727382727e-03
1.9531793458651067e-03
1.9531662422960644e-03
1.9531625535275654e-03
1.9531864978052718e-03
1.9531690579564637e-03
1.9531531443750597e-03
1.9531604347827747e-03
1.9531758117890333e-03
1.9531820371764125e-03
1.9531777607075355e-03
1.9531723070643735e-03
1.9531723549240827e-03
1.9531756739150988e-03
1.9531767484082599e-03
1.9531765619028862e-03
1.9531819864153782e-03
1.9531885276113381e-03
1.9531776295243081e-03
1.9531676886176200e-03
1.9531948432368329e-03
1.9531871720392877e-03
1.9531760843908563e-03
1.9531822170070767e-03
1.9531939211716413e-03
1.9531971688909362e-03
1.9531919204028511e-03
1.9531873971290088e-03
1.9531896975944624e-03
1.9531958950527416e-03
1.9531994102934373e-03
1.9531998445622527e-03
1.9532036629337814e-03
1.9532088991714401e-03
1.9531999461687224e-03
1.9531967448837978e-03
1.9532201821224199e-03
1.9532055237015122e-03
1.9531923834860548e-03
1.9532016398323832e-03
1.9532193273775894e-03
1.9532283174817679e-03
1.9532261364823104e-03
1.9532214020020061e-03
1.9532215890236404e-03
1.9532259593590152e-03
1.9532291574753356e-03
1.9532301075869327e-03
1.9532340228054605e-03
1.9532401915022743e-03
1.9532359705834723e-03
1.9532282934208792e-03
1.9532576311831265e-03
1.9532520610966581e-03
1.9532415847110692e-03
1.9532472546868705e-03
1.9532593579408113e-03
1.9532644103345612e-03
1.9532615038217113e-03
1.9532593723735718e-03
1.9532650690981604e-03
1.9532770360911784e-03
1.9532881977636397e-03
1.9532949105708942e-03
1.9533008044000238e-03
1.9533075523854686e-03
1.9533069620543027e-03
1.9533068776399001e-03
1.9533317583615116e-03
1.9533214938878621e-03
1.9533123907342007e-03
1.9533249037762580e-03
1.9533466116626631e-03
1.9533605935973253e-03
1.9533632297819639e-03
1.9533626099604746e-03
1.9533674563764480e-03
1.9533789284245859e-03
1.9533917182983224e-03
1.9534019201674462e-03
1.9534122446843473e-03
1.9534257918052203e-03
1.9534357299241731e-03
1.9534328690622195e-03
1.9534692422159376e-03
1.9534764511748119e-03
1.9534795495606723e-03
1.9534982779157092e-03
1.9535239339200754e-03
1.9535429264047437e-03
1.9535532344605311e-03
1.9535635279122540e-03
1.9535828016723732e-03
1.9536118467740858e-03
1.9536433982063652e-03
1.9536701093695388e-03
1.9536925399302116e-03
1.9537175315170914e-03
1.9537466147428184e-03
1.9537723602303311e-03
1.9538250160147652e-03
1.9538482093342940e-03
1.9538753387306207e-03
1.9539271956926993e-03
1.9539928766447202e-03
1.9540549142604037e-03
1.9541079295322533e-03
1.9541597629665064e-03
1.9542215427321517e-03
1.9542975987657720e-03
1.9543832072685431e-03
1.9544715136768781e-03
1.9545636208859150e-03
1.9546706109950050e-03
1.9547969172581496e-03
1.9549150969108593e-03
1.9550855977863470e-03
1.9552420724184595e-03
1.9554135629091928e-03
1.9556255378964070e-03
1.9558741769937840e-03
1.9561483344428532e-03
1.9564489618698593e-03
1.9567921681558076e-03
1.9571998166484500e-03
1.9576879748666540e-03
1.9582629105835189e-03
1.9589292594296443e-03
1.9597070385988825e-03
1.9606443751121281e-03
1.9618017762206893e-03
1.9632055190859799e-03
1.9649737128374350e-03
1.9671778987753394e-03
1.9700115567274270e-03
1.9737421102003078e-03
1.9787463472810858e-03
1.9856231922424205e-03
1.9953897895016483e-03
2.0098526287573391e-03
2.0324165155121213e-03
2.0700810852159988e-03
2.1391026885942323e-03
2.2845684517061524e-03
2.6746469755211510e-03
4.6873684713194426e-03
-5.0982387152213003e-04
