729
2    0 0    1 1 
2    2 0    3 1 
2    4 0    5 1 
2    6 0    7 1 
2    8 0    9 1 
2    10 0    11 1 
2    12 0    13 1 
2    14 0    15 1 
2    16 0    17 1 
2    18 0    19 1 
2    20 0    21 1 
2    22 0    23 1 
2    24 0    25 1 
2    26 0    27 1 
2    28 0    29 1 
2    30 0    31 1 
2    32 0    33 1 
2    34 0    35 1 
2    36 0    37 1 
2    38 0    39 1 
2    40 0    41 1 
2    42 0    43 1 
2    44 0    45 1 
2    46 0    47 1 
2    48 0    49 1 
2    50 0    51 1 
2    52 0    53 1 
2    54 0    55 1 
2    56 0    57 1 
2    58 0    59 1 
2    60 0    61 1 
2    62 0    63 1 
2    64 0    65 1 
2    66 0    67 1 
2    68 0    69 1 
2    70 0    71 1 
2    72 0    73 1 
2    74 0    75 1 
2    76 0    77 1 
2    78 0    79 1 
2    80 0    81 1 
2    82 0    83 1 
2    84 0    85 1 
2    86 0    87 1 
2    88 0    89 1 
2    90 0    91 1 
2    92 0    93 1 
2    94 0    95 1 
2    96 0    97 1 
2    98 0    99 1 
2    100 0    101 1 
2    102 0    103 1 
2    104 0    105 1 
2    106 0    107 1 
2    108 0    109 1 
2    110 0    111 1 
2    112 0    113 1 
2    114 0    115 1 
2    116 0    117 1 
2    118 0    119 1 
2    120 0    121 1 
2    122 0    123 1 
2    124 0    125 1 
2    126 0    127 1 
2    128 0    129 1 
2    130 0    131 1 
2    132 0    133 1 
2    134 0    135 1 
2    136 0    137 1 
2    138 0    139 1 
2    140 0    141 1 
2    142 0    143 1 
2    144 0    145 1 
2    146 0    147 1 
2    148 0    149 1 
2    150 0    151 1 
2    152 0    153 1 
2    154 0    155 1 
2    156 0    157 1 
2    158 0    159 1 
2    160 0    161 1 
2    162 0    163 1 
2    164 0    165 1 
2    166 0    167 1 
2    168 0    169 1 
2    170 0    171 1 
2    172 0    173 1 
2    174 0    175 1 
2    176 0    177 1 
2    178 0    179 1 
2    180 0    181 1 
2    182 0    183 1 
2    184 0    185 1 
2    186 0    187 1 
2    188 0    189 1 
2    190 0    191 1 
2    192 0    193 1 
2    194 0    195 1 
2    196 0    197 1 
2    198 0    199 1 
2    200 0    201 1 
2    202 0    203 1 
2    204 0    205 1 
2    206 0    207 1 
2    208 0    209 1 
2    210 0    211 1 
2    212 0    213 1 
2    214 0    215 1 
2    216 0    217 1 
2    218 0    219 1 
2    220 0    221 1 
2    222 0    223 1 
2    224 0    225 1 
2    226 0    227 1 
2    228 0    229 1 
2    230 0    231 1 
2    232 0    233 1 
2    234 0    235 1 
2    236 0    237 1 
2    238 0    239 1 
2    240 0    241 1 
2    242 0    243 1 
2    244 0    245 1 
2    246 0    247 1 
2    248 0    249 1 
2    250 0    251 1 
2    252 0    253 1 
2    254 0    255 1 
2    256 0    257 1 
2    258 0    259 1 
2    260 0    261 1 
2    262 0    263 1 
2    264 0    265 1 
2    266 0    267 1 
2    268 0    269 1 
2    270 0    271 1 
2    272 0    273 1 
2    274 0    275 1 
2    276 0    277 1 
2    278 0    279 1 
2    280 0    281 1 
2    282 0    283 1 
2    284 0    285 1 
2    286 0    287 1 
2    288 0    289 1 
2    290 0    291 1 
2    292 0    293 1 
2    294 0    295 1 
2    296 0    297 1 
2    298 0    299 1 
2    300 0    301 1 
2    302 0    303 1 
2    304 0    305 1 
2    306 0    307 1 
2    308 0    309 1 
2    310 0    311 1 
2    312 0    313 1 
2    314 0    315 1 
2    316 0    317 1 
2    318 0    319 1 
2    320 0    321 1 
2    322 0    323 1 
2    324 0    325 1 
2    326 0    327 1 
2    328 0    329 1 
2    330 0    331 1 
2    332 0    333 1 
2    334 0    335 1 
2    336 0    337 1 
2    338 0    339 1 
2    340 0    341 1 
2    342 0    343 1 
2    344 0    345 1 
2    346 0    347 1 
2    348 0    349 1 
2    350 0    351 1 
2    352 0    353 1 
2    354 0    355 1 
2    356 0    357 1 
2    358 0    359 1 
2    360 0    361 1 
2    362 0    363 1 
2    364 0    365 1 
2    366 0    367 1 
2    368 0    369 1 
2    370 0    371 1 
2    372 0    373 1 
2    374 0    375 1 
2    376 0    377 1 
2    378 0    379 1 
2    380 0    381 1 
2    382 0    383 1 
2    384 0    385 1 
2    386 0    387 1 
2    388 0    389 1 
2    390 0    391 1 
2    392 0    393 1 
2    394 0    395 1 
2    396 0    397 1 
2    398 0    399 1 
2    400 0    401 1 
2    402 0    403 1 
2    404 0    405 1 
2    406 0    407 1 
2    408 0    409 1 
2    410 0    411 1 
2    412 0    413 1 
2    414 0    415 1 
2    416 0    417 1 
2    418 0    419 1 
2    420 0    421 1 
2    422 0    423 1 
2    424 0    425 1 
2    426 0    427 1 
2    428 0    429 1 
2    430 0    431 1 
2    432 0    433 1 
2    434 0    435 1 
2    436 0    437 1 
2    438 0    439 1 
2    440 0    441 1 
2    442 0    443 1 
2    444 0    445 1 
2    446 0    447 1 
2    448 0    449 1 
2    450 0    451 1 
2    452 0    453 1 
2    454 0    455 1 
2    456 0    457 1 
2    458 0    459 1 
2    460 0    461 1 
2    462 0    463 1 
2    464 0    465 1 
2    466 0    467 1 
2    468 0    469 1 
2    470 0    471 1 
2    472 0    473 1 
2    474 0    475 1 
2    476 0    477 1 
2    478 0    479 1 
2    480 0    481 1 
2    482 0    483 1 
2    484 0    485 1 
2    486 0    487 1 
2    488 0    489 1 
2    490 0    491 1 
2    492 0    493 1 
2    494 0    495 1 
2    496 0    497 1 
2    498 0    499 1 
2    500 0    501 1 
2    502 0    503 1 
2    504 0    505 1 
2    506 0    507 1 
2    508 0    509 1 
2    510 0    511 1 
2    512 0    513 1 
2    514 0    515 1 
2    516 0    517 1 
2    518 0    519 1 
2    520 0    521 1 
2    522 0    523 1 
2    524 0    525 1 
2    526 0    527 1 
2    528 0    529 1 
2    530 0    531 1 
2    532 0    533 1 
2    534 0    535 1 
2    536 0    537 1 
2    538 0    539 1 
2    540 0    541 1 
2    542 0    543 1 
2    544 0    545 1 
2    546 0    547 1 
2    548 0    549 1 
2    550 0    551 1 
2    552 0    553 1 
2    554 0    555 1 
2    556 0    557 1 
2    558 0    559 1 
2    560 0    561 1 
2    562 0    563 1 
2    564 0    565 1 
2    566 0    567 1 
2    568 0    569 1 
2    570 0    571 1 
2    572 0    573 1 
2    574 0    575 1 
2    576 0    577 1 
2    578 0    579 1 
2    580 0    581 1 
2    582 0    583 1 
2    584 0    585 1 
2    586 0    587 1 
2    588 0    589 1 
2    590 0    591 1 
2    592 0    593 1 
2    594 0    595 1 
2    596 0    597 1 
2    598 0    599 1 
2    600 0    601 1 
2    602 0    603 1 
2    604 0    605 1 
2    606 0    607 1 
2    608 0    609 1 
2    610 0    611 1 
2    612 0    613 1 
2    614 0    615 1 
2    616 0    617 1 
2    618 0    619 1 
2    620 0    621 1 
2    622 0    623 1 
2    624 0    625 1 
2    626 0    627 1 
2    628 0    629 1 
2    630 0    631 1 
2    632 0    633 1 
2    634 0    635 1 
2    636 0    637 1 
2    638 0    639 1 
2    640 0    641 1 
2    642 0    643 1 
2    644 0    645 1 
2    646 0    647 1 
2    648 0    649 1 
2    650 0    651 1 
2    652 0    653 1 
2    654 0    655 1 
2    656 0    657 1 
2    658 0    659 1 
2    660 0    661 1 
2    662 0    663 1 
2    664 0    665 1 
2    666 0    667 1 
2    668 0    669 1 
2    670 0    671 1 
2    672 0    673 1 
2    674 0    675 1 
2    676 0    677 1 
2    678 0    679 1 
2    680 0    681 1 
2    682 0    683 1 
2    684 0    685 1 
2    686 0    687 1 
2    688 0    689 1 
2    690 0    691 1 
2    692 0    693 1 
2    694 0    695 1 
2    696 0    697 1 
2    698 0    699 1 
2    700 0    701 1 
2    702 0    703 1 
2    704 0    705 1 
2    706 0    707 1 
2    708 0    709 1 
2    710 0    711 1 
2    712 0    713 1 
2    714 0    715 1 
2    716 0    717 1 
2    718 0    719 1 
2    720 0    721 1 
2    722 0    723 1 
2    724 0    725 1 
2    726 0    727 1 
2    728 0    729 1 
2    730 0    731 1 
2    732 0    733 1 
2    734 0    735 1 
2    736 0    737 1 
2    738 0    739 1 
2    740 0    741 1 
2    742 0    743 1 
2    744 0    745 1 
2    746 0    747 1 
2    748 0    749 1 
2    750 0    751 1 
2    752 0    753 1 
2    754 0    755 1 
2    756 0    757 1 
2    758 0    759 1 
2    760 0    761 1 
2    762 0    763 1 
2    764 0    765 1 
2    766 0    767 1 
2    768 0    769 1 
2    770 0    771 1 
2    772 0    773 1 
2    774 0    775 1 
2    776 0    777 1 
2    778 0    779 1 
2    780 0    781 1 
2    782 0    783 1 
2    784 0    785 1 
2    786 0    787 1 
2    788 0    789 1 
2    790 0    791 1 
2    792 0    793 1 
2    794 0    795 1 
2    796 0    797 1 
2    798 0    799 1 
2    800 0    801 1 
2    802 0    803 1 
2    804 0    805 1 
2    806 0    807 1 
2    808 0    809 1 
2    810 0    811 1 
2    812 0    813 1 
2    814 0    815 1 
2    816 0    817 1 
2    818 0    819 1 
2    820 0    821 1 
2    822 0    823 1 
2    824 0    825 1 
2    826 0    827 1 
2    828 0    829 1 
2    830 0    831 1 
2    832 0    833 1 
2    834 0    835 1 
2    836 0    837 1 
2    838 0    839 1 
2    840 0    841 1 
2    842 0    843 1 
2    844 0    845 1 
2    846 0    847 1 
2    848 0    849 1 
2    850 0    851 1 
2    852 0    853 1 
2    854 0    855 1 
2    856 0    857 1 
2    858 0    859 1 
2    860 0    861 1 
2    862 0    863 1 
2    864 0    865 1 
2    866 0    867 1 
2    868 0    869 1 
2    870 0    871 1 
2    872 0    873 1 
2    874 0    875 1 
2    876 0    877 1 
2    878 0    879 1 
2    880 0    881 1 
2    882 0    883 1 
2    884 0    885 1 
2    886 0    887 1 
2    888 0    889 1 
2    890 0    891 1 
2    892 0    893 1 
2    894 0    895 1 
2    896 0    897 1 
2    898 0    899 1 
2    900 0    901 1 
2    902 0    903 1 
2    904 0    905 1 
2    906 0    907 1 
2    908 0    909 1 
2    910 0    911 1 
2    912 0    913 1 
2    914 0    915 1 
2    916 0    917 1 
2    918 0    919 1 
2    920 0    921 1 
2    922 0    923 1 
2    924 0    925 1 
2    926 0    927 1 
2    928 0    929 1 
2    930 0    931 1 
2    932 0    933 1 
2    934 0    935 1 
2    936 0    937 1 
2    938 0    939 1 
2    940 0    941 1 
2    942 0    943 1 
2    944 0    945 1 
2    946 0    947 1 
2    948 0    949 1 
2    950 0    951 1 
2    952 0    953 1 
2    954 0    955 1 
2    956 0    957 1 
2    958 0    959 1 
2    960 0    961 1 
2    962 0    963 1 
2    964 0    965 1 
2    966 0    967 1 
2    968 0    969 1 
2    970 0    971 1 
2    972 0    973 1 
2    974 0    975 1 
2    976 0    977 1 
2    978 0    979 1 
2    980 0    981 1 
2    982 0    983 1 
2    984 0    985 1 
2    986 0    987 1 
2    988 0    989 1 
2    990 0    991 1 
2    992 0    993 1 
2    994 0    995 1 
2    996 0    997 1 
2    998 0    999 1 
2    1000 0    1001 1 
2    1002 0    1003 1 
2    1004 0    1005 1 
2    1006 0    1007 1 
2    1008 0    1009 1 
2    1010 0    1011 1 
2    1012 0    1013 1 
2    1014 0    1015 1 
2    1016 0    1017 1 
2    1018 0    1019 1 
2    1020 0    1021 1 
2    1022 0    1023 1 
2    1024 0    1025 1 
2    1026 0    1027 1 
2    1028 0    1029 1 
2    1030 0    1031 1 
2    1032 0    1033 1 
2    1034 0    1035 1 
2    1036 0    1037 1 
2    1038 0    1039 1 
2    1040 0    1041 1 
2    1042 0    1043 1 
2    1044 0    1045 1 
2    1046 0    1047 1 
2    1048 0    1049 1 
2    1050 0    1051 1 
2    1052 0    1053 1 
2    1054 0    1055 1 
2    1056 0    1057 1 
2    1058 0    1059 1 
2    1060 0    1061 1 
2    1062 0    1063 1 
2    1064 0    1065 1 
2    1066 0    1067 1 
2    1068 0    1069 1 
2    1070 0    1071 1 
2    1072 0    1073 1 
2    1074 0    1075 1 
2    1076 0    1077 1 
2    1078 0    1079 1 
2    1080 0    1081 1 
2    1082 0    1083 1 
2    1084 0    1085 1 
2    1086 0    1087 1 
2    1088 0    1089 1 
2    1090 0    1091 1 
2    1092 0    1093 1 
2    1094 0    1095 1 
2    1096 0    1097 1 
2    1098 0    1099 1 
2    1100 0    1101 1 
2    1102 0    1103 1 
2    1104 0    1105 1 
2    1106 0    1107 1 
2    1108 0    1109 1 
2    1110 0    1111 1 
2    1112 0    1113 1 
2    1114 0    1115 1 
2    1116 0    1117 1 
2    1118 0    1119 1 
2    1120 0    1121 1 
2    1122 0    1123 1 
2    1124 0    1125 1 
2    1126 0    1127 1 
2    1128 0    1129 1 
2    1130 0    1131 1 
2    1132 0    1133 1 
2    1134 0    1135 1 
2    1136 0    1137 1 
2    1138 0    1139 1 
2    1140 0    1141 1 
2    1142 0    1143 1 
2    1144 0    1145 1 
2    1146 0    1147 1 
2    1148 0    1149 1 
2    1150 0    1151 1 
2    1152 0    1153 1 
2    1154 0    1155 1 
2    1156 0    1157 1 
2    1158 0    1159 1 
2    1160 0    1161 1 
2    1162 0    1163 1 
2    1164 0    1165 1 
2    1166 0    1167 1 
2    1168 0    1169 1 
2    1170 0    1171 1 
2    1172 0    1173 1 
2    1174 0    1175 1 
2    1176 0    1177 1 
2    1178 0    1179 1 
2    1180 0    1181 1 
2    1182 0    1183 1 
2    1184 0    1185 1 
2    1186 0    1187 1 
2    1188 0    1189 1 
2    1190 0    1191 1 
2    1192 0    1193 1 
2    1194 0    1195 1 
2    1196 0    1197 1 
2    1198 0    1199 1 
2    1200 0    1201 1 
2    1202 0    1203 1 
2    1204 0    1205 1 
2    1206 0    1207 1 
2    1208 0    1209 1 
2    1210 0    1211 1 
2    1212 0    1213 1 
2    1214 0    1215 1 
2    1216 0    1217 1 
2    1218 0    1219 1 
2    1220 0    1221 1 
2    1222 0    1223 1 
2    1224 0    1225 1 
2    1226 0    1227 1 
2    1228 0    1229 1 
2    1230 0    1231 1 
2    1232 0    1233 1 
2    1234 0    1235 1 
2    1236 0    1237 1 
2    1238 0    1239 1 
2    1240 0    1241 1 
2    1242 0    1243 1 
2    1244 0    1245 1 
2    1246 0    1247 1 
2    1248 0    1249 1 
2    1250 0    1251 1 
2    1252 0    1253 1 
2    1254 0    1255 1 
2    1256 0    1257 1 
2    1258 0    1259 1 
2    1260 0    1261 1 
2    1262 0    1263 1 
2    1264 0    1265 1 
2    1266 0    1267 1 
2    1268 0    1269 1 
2    1270 0    1271 1 
2    1272 0    1273 1 
2    1274 0    1275 1 
2    1276 0    1277 1 
2    1278 0    1279 1 
2    1280 0    1281 1 
2    1282 0    1283 1 
2    1284 0    1285 1 
2    1286 0    1287 1 
2    1288 0    1289 1 
2    1290 0    1291 1 
2    1292 0    1293 1 
2    1294 0    1295 1 
2    1296 0    1297 1 
2    1298 0    1299 1 
2    1300 0    1301 1 
2    1302 0    1303 1 
2    1304 0    1305 1 
2    1306 0    1307 1 
2    1308 0    1309 1 
2    1310 0    1311 1 
2    1312 0    1313 1 
2    1314 0    1315 1 
2    1316 0    1317 1 
2    1318 0    1319 1 
2    1320 0    1321 1 
2    1322 0    1323 1 
2    1324 0    1325 1 
2    1326 0    1327 1 
2    1328 0    1329 1 
2    1330 0    1331 1 
2    1332 0    1333 1 
2    1334 0    1335 1 
2    1336 0    1337 1 
2    1338 0    1339 1 
2    1340 0    1341 1 
2    1342 0    1343 1 
2    1344 0    1345 1 
2    1346 0    1347 1 
2    1348 0    1349 1 
2    1350 0    1351 1 
2    1352 0    1353 1 
2    1354 0    1355 1 
2    1356 0    1357 1 
2    1358 0    1359 1 
2    1360 0    1361 1 
2    1362 0    1363 1 
2    1364 0    1365 1 
2    1366 0    1367 1 
2    1368 0    1369 1 
2    1370 0    1371 1 
2    1372 0    1373 1 
2    1374 0    1375 1 
2    1376 0    1377 1 
2    1378 0    1379 1 
2    1380 0    1381 1 
2    1382 0    1383 1 
2    1384 0    1385 1 
2    1386 0    1387 1 
2    1388 0    1389 1 
2    1390 0    1391 1 
2    1392 0    1393 1 
2    1394 0    1395 1 
2    1396 0    1397 1 
2    1398 0    1399 1 
2    1400 0    1401 1 
2    1402 0    1403 1 
2    1404 0    1405 1 
2    1406 0    1407 1 
2    1408 0    1409 1 
2    1410 0    1411 1 
2    1412 0    1413 1 
2    1414 0    1415 1 
2    1416 0    1417 1 
2    1418 0    1419 1 
2    1420 0    1421 1 
2    1422 0    1423 1 
2    1424 0    1425 1 
2    1426 0    1427 1 
2    1428 0    1429 1 
2    1430 0    1431 1 
2    1432 0    1433 1 
2    1434 0    1435 1 
2    1436 0    1437 1 
2    1438 0    1439 1 
2    1440 0    1441 1 
2    1442 0    1443 1 
2    1444 0    1445 1 
2    1446 0    1447 1 
2    1448 0    1449 1 
2    1450 0    1451 1 
2    1452 0    1453 1 
2    1454 0    1455 1 
2    1456 0    1457 1 
