1458
0 5.0000000000000022e-01 -1
1 -5.0000000000000000e+00 -1
2 3.7500000000000022e-01 -1
3 -5.0000000000000000e+00 -1
4 5.0000000000000022e-01 -1
5 -4.8750000000000000e+00 -1
6 3.7500000000000261e-01 -1
7 -4.8750000000000000e+00 -1
8 5.0000000000000022e-01 -1
9 -4.7500000000000000e+00 -1
10 2.5000000000000022e-01 -1
11 -5.0000000000000000e+00 -1
12 2.5000000000000921e-01 -1
13 -4.8750000000000000e+00 -1
14 3.7500000000000011e-01 -1
15 -4.7500000000000000e+00 -1
16 2.5000000000000011e-01 -1
17 -4.7500000000000000e+00 -1
18 1.2500000000000022e-01 -1
19 -5.0000000000000000e+00 -1
20 5.0000000000000022e-01 -1
21 -4.6250000000000000e+00 -1
22 1.2500000000001832e-01 -1
23 -4.8750000000000000e+00 -1
24 3.7500000000000261e-01 -1
25 -4.6250000000000000e+00 -1
26 2.5000000000000921e-01 -1
27 -4.6250000000000000e+00 -1
28 1.2500000000000011e-01 -1
29 -4.7500000000000000e+00 -1
30 2.2204460492503131e-16 -1
31 -5.0000000000000000e+00 -1
32 5.0000000000000022e-01 -1
33 -4.5000000000000000e+00 -1
34 2.9032332093947844e-14 -1
35 -4.8750000000000000e+00 -1
36 3.7500000000000033e-01 -1
37 -4.5000000000000000e+00 -1
38 1.2500000000001821e-01 -1
39 -4.6250000000000000e+00 -1
40 1.1102230246251565e-16 -1
41 -4.7500000000000000e+00 -1
42 2.5000000000000022e-01 -1
43 -4.5000000000000000e+00 -1
44 2.9032332093947844e-14 -1
45 -4.6250000000000000e+00 -1
46 1.2500000000000011e-01 -1
47 -4.5000000000000000e+00 -1
48 5.0000000000000022e-01 -1
49 -4.3750000000000000e+00 -1
50 -1.2499999999999978e-01 -1
51 -5.0000000000000000e+00 -1
52 -1.2499999999996070e-01 -1
53 -4.8750000000000000e+00 -1
54 3.7500000000000011e-01 -1
55 -4.3750000000000000e+00 -1
56 2.5000000000000022e-01 -1
57 -4.3750000000000000e+00 -1
58 -1.2500000000000000e-01 -1
59 -4.7500000000000000e+00 -1
60 2.2204460492503131e-16 -1
61 -4.5000000000000000e+00 -1
62 -1.2499999999996070e-01 -1
63 -4.6250000000000000e+00 -1
64 1.2500000000000011e-01 -1
65 -4.3750000000000000e+00 -1
66 5.0000000000000022e-01 -1
67 -4.2500000000000000e+00 -1
68 -2.4999999999999978e-01 -1
69 -5.0000000000000000e+00 -1
70 -2.4999999999995115e-01 -1
71 -4.8750000000000000e+00 -1
72 3.7500000000000011e-01 -1
73 -4.2500000000000000e+00 -1
74 2.5000000000000033e-01 -1
75 -4.2500000000000000e+00 -1
76 -2.4999999999999978e-01 -1
77 -4.7500000000000000e+00 -1
78 2.2204460492503131e-16 -1
79 -4.3750000000000000e+00 -1
80 -1.2499999999999978e-01 -1
81 -4.5000000000000000e+00 -1
82 -2.4999999999995104e-01 -1
83 -4.6250000000000000e+00 -1
84 1.2500000000000011e-01 -1
85 -4.2500000000000000e+00 -1
86 -3.7499999999999978e-01 -1
87 -5.0000000000000000e+00 -1
88 5.0000000000000022e-01 -1
89 -4.1250000000000000e+00 -1
90 -3.7499999999994460e-01 -1
91 -4.8750000000000000e+00 -1
92 3.7500000000000011e-01 -1
93 -4.1250000000000000e+00 -1
94 -1.2500000000000000e-01 -1
95 -4.3750000000000000e+00 -1
96 -2.4999999999999933e-01 -1
97 -4.5000000000000000e+00 -1
98 2.2204460492503131e-16 -1
99 -4.2500000000000000e+00 -1
100 -3.7499999999999978e-01 -1
101 -4.7500000000000000e+00 -1
102 2.5000000000000033e-01 -1
103 -4.1250000000000000e+00 -1
104 -3.7499999999994449e-01 -1
105 -4.6250000000000000e+00 -1
106 1.2500000000000011e-01 -1
107 -4.1250000000000000e+00 -1
108 -2.4999999999999956e-01 -1
109 -4.3750000000000009e+00 -1
110 -1.2499999999999989e-01 -1
111 -4.2500000000000000e+00 -1
112 5.0000000000000022e-01 -1
113 -4.0000000000000000e+00 -1
114 -4.9999999999999978e-01 -1
115 -5.0000000000000000e+00 -1
116 -3.7499999999999956e-01 -1
117 -4.5000000000000000e+00 -1
118 3.3306690738754696e-16 -1
119 -4.1250000000000000e+00 -1
120 3.7500000000000011e-01 -1
121 -4.0000000000000000e+00 -1
122 -4.9999999999999978e-01 -1
123 -4.8750000000000000e+00 -1
124 2.5000000000000011e-01 -1
125 -4.0000000000000000e+00 -1
126 -4.9999999999999978e-01 -1
127 -4.7500000000000000e+00 -1
128 -2.4999999999999956e-01 -1
129 -4.2500000000000009e+00 -1
130 1.2500000000000022e-01 -1
131 -4.0000000000000000e+00 -1
132 -4.9999999999999978e-01 -1
133 -4.6250000000000000e+00 -1
134 -3.7499999999999967e-01 -1
135 -4.3750000000000000e+00 -1
136 -1.2499999999999978e-01 -1
137 -4.1250000000000000e+00 -1
138 2.2204460492503131e-16 -1
139 -4.0000000000000000e+00 -1
140 -4.9999999999999978e-01 -1
141 -4.5000000000000000e+00 -1
142 5.0000000000000022e-01 -1
143 -3.8750000000000000e+00 -1
144 3.7500000000000011e-01 -1
145 -3.8750000000000000e+00 -1
146 -2.4999999999999922e-01 -1
147 -4.1250000000000000e+00 -1
148 2.5000000000000022e-01 -1
149 -3.8750000000000000e+00 -1
150 -3.7499999999999956e-01 -1
151 -4.2500000000000000e+00 -1
152 -1.2500000000000000e-01 -1
153 -4.0000000000000000e+00 -1
154 -4.9999999999999978e-01 -1
155 -4.3750000000000000e+00 -1
156 1.2500000000000022e-01 -1
157 -3.8750000000000000e+00 -1
158 2.2204460492503131e-16 -1
159 -3.8750000000000000e+00 -1
160 -3.7499999999999956e-01 -1
161 -4.1250000000000000e+00 -1
162 -2.4999999999999956e-01 -1
163 -4.0000000000000000e+00 -1
164 -4.9999999999999978e-01 -1
165 -4.2500000000000000e+00 -1
166 5.0000000000000022e-01 -1
167 -3.7500000000000000e+00 -1
168 3.7500000000000011e-01 -1
169 -3.7500000000000000e+00 -1
170 2.5000000000000022e-01 -1
171 -3.7500000000000000e+00 -1
172 -1.2499999999999978e-01 -1
173 -3.8750000000000000e+00 -1
174 1.2500000000000011e-01 -1
175 -3.7500000000000000e+00 -1
176 -3.7499999999999967e-01 -1
177 -4.0000000000000000e+00 -1
178 -4.9999999999999978e-01 -1
179 -4.1250000000000000e+00 -1
180 3.3306690738754696e-16 -1
181 -3.7500000000000000e+00 -1
182 -2.4999999999999944e-01 -1
183 -3.8750000000000000e+00 -1
184 5.0000000000000022e-01 -1
185 -3.6250000000000000e+00 -1
186 3.7500000000000011e-01 -1
187 -3.6250000000000000e+00 -1
188 2.5000000000000022e-01 -1
189 -3.6250000000000000e+00 -1
190 -1.2499999999999978e-01 -1
191 -3.7500000000000000e+00 -1
192 -4.9999999999999978e-01 -1
193 -4.0000000000000000e+00 -1
194 -3.7499999999999956e-01 -1
195 -3.8750000000000000e+00 -1
196 1.2500000000000011e-01 -1
197 -3.6250000000000000e+00 -1
198 -2.4999999999999933e-01 -1
199 -3.7500000000000000e+00 -1
200 1.1102230246251565e-16 -1
201 -3.6250000000000000e+00 -1
202 5.0000000000000022e-01 -1
203 -3.5000000000000000e+00 -1
204 3.7500000000000011e-01 -1
205 -3.5000000000000000e+00 -1
206 -4.9999999999999978e-01 -1
207 -3.8750000000000000e+00 -1
208 -1.2500000000000000e-01 -1
209 -3.6250000000000000e+00 -1
210 2.5000000000000022e-01 -1
211 -3.5000000000000009e+00 -1
212 -3.7499999999999956e-01 -1
213 -3.7500000000000000e+00 -1
214 1.2500000000000011e-01 -1
215 -3.5000000000000000e+00 -1
216 -2.4999999999999956e-01 -1
217 -3.6250000000000000e+00 -1
218 2.2204460492503131e-16 -1
219 -3.5000000000000000e+00 -1
220 -4.9999999999999978e-01 -1
221 -3.7500000000000000e+00 -1
222 -1.2499999999999978e-01 -1
223 -3.5000000000000000e+00 -1
224 5.0000000000000022e-01 -1
225 -3.3750000000000000e+00 -1
226 -3.7499999999999967e-01 -1
227 -3.6250000000000000e+00 -1
228 3.7500000000000011e-01 -1
229 -3.3750000000000000e+00 -1
230 2.5000000000000022e-01 -1
231 -3.3750000000000000e+00 -1
232 1.2500000000000011e-01 -1
233 -3.3750000000000000e+00 -1
234 -2.4999999999999933e-01 -1
235 -3.5000000000000000e+00 -1
236 4.4408920985006262e-16 -1
237 -3.3750000000000000e+00 -1
238 -4.9999999999999978e-01 -1
239 -3.6250000000000000e+00 -1
240 -3.7499999999999956e-01 -1
241 -3.5000000000000000e+00 -1
242 -1.2499999999999978e-01 -1
243 -3.3750000000000000e+00 -1
244 5.0000000000000022e-01 -1
245 -3.2500000000000000e+00 -1
246 3.7500000000000011e-01 -1
247 -3.2500000000000000e+00 -1
248 2.5000000000000011e-01 -1
249 -3.2500000000000000e+00 -1
250 -2.4999999999999933e-01 -1
251 -3.3750000000000000e+00 -1
252 1.2500000000000022e-01 -1
253 -3.2500000000000000e+00 -1
254 -4.9999999999999978e-01 -1
255 -3.5000000000000000e+00 -1
256 1.1102230246251565e-16 -1
257 -3.2500000000000000e+00 -1
258 -3.7499999999999944e-01 -1
259 -3.3750000000000000e+00 -1
260 -1.2500000000000000e-01 -1
261 -3.2500000000000000e+00 -1
262 5.0000000000000022e-01 -1
263 -3.1250000000000000e+00 -1
264 3.7500000000000011e-01 -1
265 -3.1250000000000000e+00 -1
266 2.5000000000000033e-01 -1
267 -3.1250000000000000e+00 -1
268 -2.4999999999999956e-01 -1
269 -3.2500000000000009e+00 -1
270 -4.9999999999999978e-01 -1
271 -3.3750000000000000e+00 -1
272 1.2500000000000011e-01 -1
273 -3.1250000000000000e+00 -1
274 4.4408920985006262e-16 -1
275 -3.1250000000000000e+00 -1
276 -3.7499999999999978e-01 -1
277 -3.2500000000000000e+00 -1
278 -1.2499999999999978e-01 -1
279 -3.1250000000000000e+00 -1
280 5.0000000000000022e-01 -1
281 -3.0000000000000000e+00 -1
282 3.7500000000000011e-01 -1
283 -3.0000000000000000e+00 -1
284 2.5000000000000033e-01 -1
285 -3.0000000000000000e+00 -1
286 -4.9999999999999978e-01 -1
287 -3.2500000000000000e+00 -1
288 -2.4999999999999933e-01 -1
289 -3.1250000000000000e+00 -1
290 1.2500000000000011e-01 -1
291 -3.0000000000000000e+00 -1
292 2.2204460492503131e-16 -1
293 -3.0000000000000000e+00 -1
294 -3.7499999999999944e-01 -1
295 -3.1250000000000000e+00 -1
296 -1.2500000000000000e-01 -1
297 -3.0000000000000000e+00 -1
298 -4.9999999999999978e-01 -1
299 -3.1250000000000000e+00 -1
300 5.0000000000000022e-01 -1
301 -2.8750000000000000e+00 -1
302 3.7500000000000011e-01 -1
303 -2.8750000000000000e+00 -1
304 -2.4999999999999956e-01 -1
305 -3.0000000000000000e+00 -1
306 2.5000000000000033e-01 -1
307 -2.8750000000000000e+00 -1
308 1.2500000000000011e-01 -1
309 -2.8750000000000000e+00 -1
310 2.2204460492503131e-16 -1
311 -2.8750000000000000e+00 -1
312 -3.7499999999999967e-01 -1
313 -3.0000000000000000e+00 -1
314 -1.2499999999999989e-01 -1
315 -2.8750000000000000e+00 -1
316 -4.9999999999999978e-01 -1
317 -3.0000000000000000e+00 -1
318 5.0000000000000022e-01 -1
319 -2.7500000000000000e+00 -1
320 -2.4999999999999933e-01 -1
321 -2.8750000000000000e+00 -1
322 3.7500000000000011e-01 -1
323 -2.7500000000000000e+00 -1
324 2.5000000000000022e-01 -1
325 -2.7500000000000000e+00 -1
326 1.2500000000000022e-01 -1
327 -2.7500000000000000e+00 -1
328 -3.7499999999999967e-01 -1
329 -2.8750000000000000e+00 -1
330 4.4408920985006262e-16 -1
331 -2.7500000000000000e+00 -1
332 -1.2499999999999978e-01 -1
333 -2.7500000000000000e+00 -1
334 -4.9999999999999978e-01 -1
335 -2.8750000000000000e+00 -1
336 -2.4999999999999933e-01 -1
337 -2.7500000000000000e+00 -1
338 5.0000000000000022e-01 -1
339 -2.6250000000000000e+00 -1
340 3.7500000000000011e-01 -1
341 -2.6250000000000000e+00 -1
342 2.5000000000000033e-01 -1
343 -2.6250000000000000e+00 -1
344 1.2500000000000022e-01 -1
345 -2.6250000000000000e+00 -1
346 -3.7499999999999944e-01 -1
347 -2.7500000000000000e+00 -1
348 2.2204460492503131e-16 -1
349 -2.6250000000000000e+00 -1
350 -1.2499999999999989e-01 -1
351 -2.6250000000000009e+00 -1
352 -4.9999999999999978e-01 -1
353 -2.7500000000000000e+00 -1
354 -2.4999999999999956e-01 -1
355 -2.6250000000000000e+00 -1
356 5.0000000000000022e-01 -1
357 -2.5000000000000000e+00 -1
358 3.7500000000000011e-01 -1
359 -2.5000000000000000e+00 -1
360 2.5000000000000033e-01 -1
361 -2.5000000000000000e+00 -1
362 1.2500000000000011e-01 -1
363 -2.5000000000000000e+00 -1
364 -3.7499999999999967e-01 -1
365 -2.6250000000000000e+00 -1
366 2.2204460492503131e-16 -1
367 -2.5000000000000000e+00 -1
368 -1.2499999999999978e-01 -1
369 -2.5000000000000000e+00 -1
370 -4.9999999999999978e-01 -1
371 -2.6250000000000000e+00 -1
372 -2.4999999999999956e-01 -1
373 -2.5000000000000000e+00 -1
374 5.0000000000000022e-01 -1
375 -2.3750000000000000e+00 -1
376 3.7500000000000011e-01 -1
377 -2.3749999999999991e+00 -1
378 2.5000000000000033e-01 -1
379 -2.3750000000000000e+00 -1
380 -3.7499999999999978e-01 -1
381 -2.5000000000000000e+00 -1
382 1.2500000000000011e-01 -1
383 -2.3750000000000000e+00 -1
384 4.4408920985006262e-16 -1
385 -2.3749999999999991e+00 -1
386 -4.9999999999999978e-01 -1
387 -2.5000000000000000e+00 -1
388 -1.2499999999999978e-01 -1
389 -2.3749999999999991e+00 -1
390 -2.4999999999999933e-01 -1
391 -2.3750000000000000e+00 -1
392 5.0000000000000022e-01 -1
393 -2.2500000000000000e+00 -1
394 3.7500000000000011e-01 -1
395 -2.2500000000000000e+00 -1
396 2.5000000000000011e-01 -1
397 -2.2500000000000009e+00 -1
398 -3.7499999999999956e-01 -1
399 -2.3750000000000000e+00 -1
400 1.2500000000000022e-01 -1
401 -2.2500000000000000e+00 -1
402 2.2204460492503131e-16 -1
403 -2.2500000000000009e+00 -1
404 -4.9999999999999978e-01 -1
405 -2.3750000000000000e+00 -1
406 -1.2499999999999989e-01 -1
407 -2.2500000000000009e+00 -1
408 -2.4999999999999956e-01 -1
409 -2.2500000000000009e+00 -1
410 5.0000000000000022e-01 -1
411 -2.1250000000000000e+00 -1
412 3.7500000000000011e-01 -1
413 -2.1250000000000000e+00 -1
414 -3.7499999999999967e-01 -1
415 -2.2500000000000009e+00 -1
416 2.5000000000000033e-01 -1
417 -2.1250000000000000e+00 -1
418 1.2500000000000022e-01 -1
419 -2.1250000000000000e+00 -1
420 2.2204460492503131e-16 -1
421 -2.1250000000000000e+00 -1
422 -4.9999999999999978e-01 -1
423 -2.2500000000000000e+00 -1
424 -1.2499999999999989e-01 -1
425 -2.1250000000000000e+00 -1
426 -2.4999999999999956e-01 -1
427 -2.1250000000000000e+00 -1
428 5.0000000000000022e-01 -1
429 -2.0000000000000000e+00 -1
430 3.7500000000000011e-01 -1
431 -2.0000000000000000e+00 -1
432 -3.7499999999999956e-01 -1
433 -2.1250000000000000e+00 -1
434 2.5000000000000033e-01 -1
435 -2.0000000000000000e+00 -1
436 1.2500000000000011e-01 -1
437 -2.0000000000000000e+00 -1
438 1.1102230246251565e-16 -1
439 -2.0000000000000000e+00 -1
440 -4.9999999999999978e-01 -1
441 -2.1250000000000000e+00 -1
442 -1.2499999999999978e-01 -1
443 -2.0000000000000000e+00 -1
444 -2.4999999999999956e-01 -1
445 -2.0000000000000022e+00 -1
446 -3.7499999999999956e-01 -1
447 -2.0000000000000009e+00 -1
448 5.0000000000000022e-01 -1
449 -1.8750000000000000e+00 -1
450 3.7500000000000011e-01 -1
451 -1.8750000000000009e+00 -1
452 2.5000000000000033e-01 -1
453 -1.8750000000000000e+00 -1
454 1.2500000000000011e-01 -1
455 -1.8750000000000000e+00 -1
456 -4.9999999999999978e-01 -1
457 -2.0000000000000000e+00 -1
458 4.4408920985006262e-16 -1
459 -1.8750000000000009e+00 -1
460 -1.2499999999999978e-01 -1
461 -1.8750000000000009e+00 -1
462 -2.4999999999999956e-01 -1
463 -1.8750000000000000e+00 -1
464 -3.7499999999999956e-01 -1
465 -1.8750000000000009e+00 -1
466 5.0000000000000022e-01 -1
467 -1.7500000000000000e+00 -1
468 3.7500000000000000e-01 -1
469 -1.7500000000000000e+00 -1
470 2.5000000000000033e-01 -1
471 -1.7500000000000009e+00 -1
472 1.2500000000000022e-01 -1
473 -1.7500000000000009e+00 -1
474 -4.9999999999999978e-01 -1
475 -1.8750000000000000e+00 -1
476 2.2204460492503131e-16 -1
477 -1.7500000000000000e+00 -1
478 -1.2499999999999989e-01 -1
479 -1.7500000000000000e+00 -1
480 -2.4999999999999956e-01 -1
481 -1.7500000000000000e+00 -1
482 -3.7499999999999956e-01 -1
483 -1.7500000000000000e+00 -1
484 5.0000000000000022e-01 -1
485 -1.6250000000000000e+00 -1
486 3.7500000000000011e-01 -1
487 -1.6250000000000000e+00 -1
488 2.5000000000000033e-01 -1
489 -1.6250000000000000e+00 -1
490 1.2500000000000011e-01 -1
491 -1.6249999999999991e+00 -1
492 -4.9999999999999978e-01 -1
493 -1.7500000000000000e+00 -1
494 2.2204460492503131e-16 -1
495 -1.6250000000000000e+00 -1
496 -1.2499999999999989e-01 -1
497 -1.6250000000000009e+00 -1
498 -2.4999999999999956e-01 -1
499 -1.6250000000000009e+00 -1
500 -3.7499999999999967e-01 -1
501 -1.6250000000000009e+00 -1
502 5.0000000000000022e-01 -1
503 -1.5000000000000000e+00 -1
504 3.7500000000000011e-01 -1
505 -1.5000000000000000e+00 -1
506 2.5000000000000022e-01 -1
507 -1.5000000000000000e+00 -1
508 1.2500000000000011e-01 -1
509 -1.5000000000000009e+00 -1
510 -4.9999999999999978e-01 -1
511 -1.6250000000000000e+00 -1
512 4.4408920985006262e-16 -1
513 -1.5000000000000000e+00 -1
514 -1.2499999999999978e-01 -1
515 -1.5000000000000000e+00 -1
516 -2.4999999999999933e-01 -1
517 -1.5000000000000000e+00 -1
518 -3.7499999999999956e-01 -1
519 -1.5000000000000000e+00 -1
520 5.0000000000000022e-01 -1
521 -1.3750000000000000e+00 -1
522 3.7500000000000011e-01 -1
523 -1.3750000000000000e+00 -1
524 2.5000000000000033e-01 -1
525 -1.3750000000000000e+00 -1
526 -4.9999999999999978e-01 -1
527 -1.5000000000000000e+00 -1
528 1.2500000000000011e-01 -1
529 -1.3750000000000009e+00 -1
530 2.2204460492503131e-16 -1
531 -1.3750000000000000e+00 -1
532 -1.2499999999999989e-01 -1
533 -1.3750000000000000e+00 -1
534 -2.4999999999999967e-01 -1
535 -1.3750000000000000e+00 -1
536 -3.7499999999999956e-01 -1
537 -1.3750000000000000e+00 -1
538 5.0000000000000022e-01 -1
539 -1.2500000000000000e+00 -1
540 3.7500000000000011e-01 -1
541 -1.2500000000000009e+00 -1
542 2.5000000000000033e-01 -1
543 -1.2499999999999991e+00 -1
544 -4.9999999999999978e-01 -1
545 -1.3750000000000000e+00 -1
546 1.2500000000000011e-01 -1
547 -1.2500000000000009e+00 -1
548 1.1102230246251565e-16 -1
549 -1.2499999999999991e+00 -1
550 -1.2500000000000000e-01 -1
551 -1.2500000000000000e+00 -1
552 -2.4999999999999978e-01 -1
553 -1.2499999999999991e+00 -1
554 -3.7499999999999989e-01 -1
555 -1.2499999999999978e+00 -1
556 5.0000000000000022e-01 -1
557 -1.1250000000000000e+00 -1
558 3.7499999999999761e-01 -1
559 -1.1250000000000009e+00 -1
560 -4.9999999999999978e-01 -1
561 -1.2500000000000000e+00 -1
562 2.4999999999999123e-01 -1
563 -1.1250000000000000e+00 -1
564 1.2499999999998185e-01 -1
565 -1.1250000000000009e+00 -1
566 -2.8532731732866523e-14 -1
567 -1.1250000000000000e+00 -1
568 -1.2500000000003908e-01 -1
569 -1.1250000000000000e+00 -1
570 -2.5000000000004818e-01 -1
571 -1.1250000000000009e+00 -1
572 -3.7500000000005462e-01 -1
573 -1.1250000000000000e+00 -1
574 5.0000000000000022e-01 -1
575 -1.0000000000000000e+00 -1
576 3.7499999999999772e-01 -1
577 -1.0000000000000000e+00 -1
578 -4.9999999999999978e-01 -1
579 -1.1250000000000000e+00 -1
580 2.4999999999999123e-01 -1
581 -1.0000000000000000e+00 -1
582 1.2499999999998201e-01 -1
583 -1.0000000000000000e+00 -1
584 -2.8421709430404007e-14 -1
585 -1.0000000000000000e+00 -1
586 -1.2500000000003908e-01 -1
587 -1.0000000000000000e+00 -1
588 -2.5000000000004796e-01 -1
589 -1.0000000000000000e+00 -1
590 -3.7500000000005440e-01 -1
591 -1.0000000000000000e+00 -1
592 -4.9999999999999978e-01 -1
593 -1.0000000000000000e+00 -1
594 5.0000000000000022e-01 -1
595 -8.7500000000000000e-01 -1
596 3.7500000000000011e-01 -1
597 -8.7499999999999911e-01 -1
598 2.5000000000000033e-01 -1
599 -8.7499999999999911e-01 -1
600 1.2500000000000011e-01 -1
601 -8.7499999999999911e-01 -1
602 2.2204460492503131e-16 -1
603 -8.7500000000000089e-01 -1
604 -1.2500000000000000e-01 -1
605 -8.7500000000000089e-01 -1
606 -2.4999999999999967e-01 -1
607 -8.7499999999999911e-01 -1
608 -3.7499999999999978e-01 -1
609 -8.7499999999999911e-01 -1
610 -4.9999999999999978e-01 -1
611 -8.7500000000000000e-01 -1
612 5.0000000000000022e-01 -1
613 -7.5000000000000000e-01 -1
614 3.7499999999999772e-01 -1
615 -7.4999999999999911e-01 -1
616 2.4999999999999140e-01 -1
617 -7.5000000000000000e-01 -1
618 1.2499999999998201e-01 -1
619 -7.5000000000000000e-01 -1
620 -2.8421709430404007e-14 -1
621 -7.4999999999999911e-01 -1
622 -1.2500000000003897e-01 -1
623 -7.5000000000000000e-01 -1
624 -2.5000000000004796e-01 -1
625 -7.4999999999999911e-01 -1
626 -3.7500000000005440e-01 -1
627 -7.4999999999999911e-01 -1
628 -4.9999999999999978e-01 -1
629 -7.5000000000000000e-01 -1
630 5.0000000000000022e-01 -1
631 -6.2500000000000000e-01 -1
632 3.7500000000000011e-01 -1
633 -6.2500000000000000e-01 -1
634 2.5000000000000033e-01 -1
635 -6.2500000000000089e-01 -1
636 1.2500000000000011e-01 -1
637 -6.2500000000000089e-01 -1
638 2.2204460492503131e-16 -1
639 -6.2500000000000089e-01 -1
640 -1.2500000000000000e-01 -1
641 -6.2500000000000178e-01 -1
642 -2.4999999999999956e-01 -1
643 -6.2500000000000089e-01 -1
644 -3.7499999999999978e-01 -1
645 -6.2500000000000000e-01 -1
646 -4.9999999999999978e-01 -1
647 -6.2500000000000000e-01 -1
648 5.0000000000000022e-01 -1
649 -5.0000000000000000e-01 -1
650 3.7500000000000011e-01 -1
651 -5.0000000000000000e-01 -1
652 2.5000000000000033e-01 -1
653 -5.0000000000000089e-01 -1
654 1.2500000000000011e-01 -1
655 -5.0000000000000089e-01 -1
656 2.2204460492503131e-16 -1
657 -5.0000000000000089e-01 -1
658 -1.2500000000000000e-01 -1
659 -5.0000000000000089e-01 -1
660 -2.4999999999999956e-01 -1
661 -5.0000000000000089e-01 -1
662 -3.7499999999999967e-01 -1
663 -5.0000000000000089e-01 -1
664 -4.9999999999999978e-01 -1
665 -5.0000000000000000e-01 -1
666 5.0000000000000022e-01 -1
667 -3.7500000000000000e-01 -1
668 3.7500000000000011e-01 -1
669 -3.7500000000000178e-01 -1
670 2.5000000000000033e-01 -1
671 -3.7500000000000178e-01 -1
672 1.2500000000000011e-01 -1
673 -3.7500000000000178e-01 -1
674 2.2204460492503131e-16 -1
675 -3.7500000000000178e-01 -1
676 -1.2500000000000000e-01 -1
677 -3.7500000000000000e-01 -1
678 -2.4999999999999978e-01 -1
679 -3.7500000000000178e-01 -1
680 -3.7499999999999989e-01 -1
681 -3.7499999999999911e-01 -1
682 -4.9999999999999978e-01 -1
683 -3.7500000000000000e-01 -1
684 5.0000000000000022e-01 -1
685 -2.5000000000000000e-01 -1
686 3.7500000000000011e-01 -1
687 -2.5000000000000266e-01 -1
688 2.5000000000000033e-01 -1
689 -2.5000000000000089e-01 -1
690 1.2500000000000011e-01 -1
691 -2.5000000000000178e-01 -1
692 2.2204460492503131e-16 -1
693 -2.5000000000000000e-01 -1
694 -1.2500000000000000e-01 -1
695 -2.5000000000000178e-01 -1
696 -2.4999999999999956e-01 -1
697 -2.5000000000000178e-01 -1
698 -3.7499999999999956e-01 -1
699 -2.5000000000000089e-01 -1
700 -4.9999999999999978e-01 -1
701 -2.5000000000000000e-01 -1
702 5.0000000000000022e-01 -1
703 -1.2500000000000000e-01 -1
704 3.7500000000000011e-01 -1
705 -1.2499999999999911e-01 -1
706 2.5000000000000033e-01 -1
707 -1.2499999999999911e-01 -1
708 1.2500000000000011e-01 -1
709 -1.2499999999999911e-01 -1
710 2.2204460492503131e-16 -1
711 -1.2500000000000000e-01 -1
712 -1.2500000000000000e-01 -1
713 -1.2500000000000089e-01 -1
714 -2.4999999999999978e-01 -1
715 -1.2500000000000089e-01 -1
716 -3.7499999999999989e-01 -1
717 -1.2500000000000089e-01 -1
718 -4.9999999999999978e-01 -1
719 -1.2500000000000000e-01 -1
720 5.0000000000000022e-01 -1
721 0.0000000000000000e+00 -1
722 3.7500000000000011e-01 -1
723 0.0000000000000000e+00 -1
724 2.5000000000000022e-01 -1
725 0.0000000000000000e+00 -1
726 1.2500000000000011e-01 -1
727 0.0000000000000000e+00 -1
728 2.2204460492503131e-16 -1
729 0.0000000000000000e+00 -1
730 -1.2500000000000000e-01 -1
731 0.0000000000000000e+00 -1
732 -2.4999999999999978e-01 -1
733 0.0000000000000000e+00 -1
734 -3.7499999999999989e-01 -1
735 0.0000000000000000e+00 -1
736 -4.9999999999999978e-01 -1
737 0.0000000000000000e+00 -1
738 5.0000000000000022e-01 -1
739 1.2500000000000000e-01 -1
740 3.7500000000000011e-01 -1
741 1.2500000000000000e-01 -1
742 2.5000000000000033e-01 -1
743 1.2500000000000000e-01 -1
744 1.2500000000000022e-01 -1
745 1.2500000000000089e-01 -1
746 2.2204460492503131e-16 -1
747 1.2500000000000000e-01 -1
748 -1.2499999999999989e-01 -1
749 1.2500000000000000e-01 -1
750 -2.4999999999999956e-01 -1
751 1.2499999999999734e-01 -1
752 -3.7499999999999967e-01 -1
753 1.2500000000000000e-01 -1
754 -4.9999999999999978e-01 -1
755 1.2500000000000000e-01 -1
756 5.0000000000000022e-01 -1
757 2.5000000000000000e-01 -1
758 3.7500000000000011e-01 -1
759 2.5000000000000000e-01 -1
760 2.5000000000000033e-01 -1
761 2.5000000000000000e-01 -1
762 1.2500000000000033e-01 -1
763 2.5000000000000000e-01 -1
764 2.2204460492503131e-16 -1
765 2.5000000000000000e-01 -1
766 -1.2500000000000000e-01 -1
767 2.5000000000000000e-01 -1
768 -2.4999999999999978e-01 -1
769 2.5000000000000000e-01 -1
770 -3.7499999999999989e-01 -1
771 2.5000000000000266e-01 -1
772 -4.9999999999999978e-01 -1
773 2.5000000000000000e-01 -1
774 5.0000000000000022e-01 -1
775 3.7500000000000000e-01 -1
776 3.7500000000000033e-01 -1
777 3.7499999999999911e-01 -1
778 2.5000000000000033e-01 -1
779 3.7500000000000266e-01 -1
780 1.2500000000000000e-01 -1
781 3.7499999999999911e-01 -1
782 2.2204460492503131e-16 -1
783 3.7500000000000178e-01 -1
784 -1.2499999999999978e-01 -1
785 3.7499999999999911e-01 -1
786 -2.4999999999999956e-01 -1
787 3.7500000000000266e-01 -1
788 -3.7499999999999967e-01 -1
789 3.7499999999999911e-01 -1
790 -4.9999999999999978e-01 -1
791 3.7500000000000000e-01 -1
792 5.0000000000000022e-01 -1
793 5.0000000000000000e-01 -1
794 3.7500000000000000e-01 -1
795 5.0000000000000178e-01 -1
796 2.5000000000000033e-01 -1
797 4.9999999999999911e-01 -1
798 1.2500000000000011e-01 -1
799 5.0000000000000089e-01 -1
800 2.2204460492503131e-16 -1
801 4.9999999999999911e-01 -1
802 -1.2500000000000000e-01 -1
803 5.0000000000000089e-01 -1
804 -2.4999999999999978e-01 -1
805 5.0000000000000089e-01 -1
806 -3.7499999999999989e-01 -1
807 4.9999999999999911e-01 -1
808 -4.9999999999999978e-01 -1
809 5.0000000000000000e-01 -1
810 5.0000000000000022e-01 -1
811 6.2500000000000000e-01 -1
812 3.7500000000000011e-01 -1
813 6.2499999999999911e-01 -1
814 2.5000000000000033e-01 -1
815 6.2499999999999822e-01 -1
816 1.2500000000000011e-01 -1
817 6.2499999999999911e-01 -1
818 2.2204460492503131e-16 -1
819 6.2499999999999822e-01 -1
820 -1.2499999999999989e-01 -1
821 6.2499999999999822e-01 -1
822 -2.4999999999999956e-01 -1
823 6.2499999999999911e-01 -1
824 -3.7499999999999978e-01 -1
825 6.2499999999999556e-01 -1
826 -4.9999999999999978e-01 -1
827 6.2500000000000000e-01 -1
828 5.0000000000000022e-01 -1
829 7.5000000000000000e-01 -1
830 3.7500000000000011e-01 -1
831 7.4999999999999911e-01 -1
832 2.5000000000000033e-01 -1
833 7.5000000000000266e-01 -1
834 1.2500000000000011e-01 -1
835 7.5000000000000089e-01 -1
836 1.1102230246251565e-16 -1
837 7.4999999999999911e-01 -1
838 -1.2500000000000000e-01 -1
839 7.5000000000000089e-01 -1
840 -2.4999999999999978e-01 -1
841 7.5000000000000089e-01 -1
842 -3.7499999999999989e-01 -1
843 7.5000000000000089e-01 -1
844 -4.9999999999999978e-01 -1
845 7.5000000000000000e-01 -1
846 5.0000000000000022e-01 -1
847 8.7500000000000000e-01 -1
848 3.7500000000000011e-01 -1
849 8.7500000000000178e-01 -1
850 2.5000000000000033e-01 -1
851 8.7500000000000178e-01 -1
852 1.2500000000000033e-01 -1
853 8.7499999999999822e-01 -1
854 1.1102230246251565e-16 -1
855 8.7500000000000089e-01 -1
856 -1.2499999999999989e-01 -1
857 8.7499999999999822e-01 -1
858 -2.4999999999999956e-01 -1
859 8.7499999999999822e-01 -1
860 -3.7499999999999967e-01 -1
861 8.7499999999999911e-01 -1
862 -4.9999999999999978e-01 -1
863 8.7500000000000000e-01 -1
864 5.0000000000000022e-01 -1
865 1.0000000000000000e+00 -1
866 3.7500000000000011e-01 -1
867 1.0000000000000009e+00 -1
868 2.5000000000000033e-01 -1
869 1.0000000000000009e+00 -1
870 1.2500000000000011e-01 -1
871 9.9999999999999734e-01 -1
872 2.2204460492503131e-16 -1
873 1.0000000000000018e+00 -1
874 -1.2500000000000000e-01 -1
875 1.0000000000000009e+00 -1
876 -2.4999999999999978e-01 -1
877 1.0000000000000009e+00 -1
878 -3.7499999999999978e-01 -1
879 1.0000000000000009e+00 -1
880 -4.9999999999999978e-01 -1
881 1.0000000000000000e+00 -1
882 5.0000000000000022e-01 -1
883 1.1250000000000000e+00 -1
884 3.7500000000000044e-01 -1
885 1.1249999999999991e+00 -1
886 2.5000000000000033e-01 -1
887 1.1249999999999973e+00 -1
888 1.2500000000000022e-01 -1
889 1.1250000000000009e+00 -1
890 2.2204460492503131e-16 -1
891 1.1249999999999973e+00 -1
892 -1.2499999999999989e-01 -1
893 1.1250000000000000e+00 -1
894 -2.4999999999999956e-01 -1
895 1.1249999999999973e+00 -1
896 -3.7499999999999978e-01 -1
897 1.1249999999999991e+00 -1
898 -4.9999999999999978e-01 -1
899 1.1250000000000000e+00 -1
900 5.0000000000000022e-01 -1
901 1.2500000000000000e+00 -1
902 3.7500000000000011e-01 -1
903 1.2500000000000000e+00 -1
904 2.5000000000000011e-01 -1
905 1.2500000000000009e+00 -1
906 1.2500000000000011e-01 -1
907 1.2500000000000009e+00 -1
908 2.2204460492503131e-16 -1
909 1.2500000000000009e+00 -1
910 -1.2500000000000000e-01 -1
911 1.2500000000000000e+00 -1
912 -2.4999999999999978e-01 -1
913 1.2499999999999991e+00 -1
914 -3.7499999999999989e-01 -1
915 1.2500000000000000e+00 -1
916 -4.9999999999999978e-01 -1
917 1.2500000000000000e+00 -1
918 5.0000000000000022e-01 -1
919 1.3750000000000000e+00 -1
920 3.7500000000000000e-01 -1
921 1.3749999999999973e+00 -1
922 2.5000000000000033e-01 -1
923 1.3750000000000000e+00 -1
924 1.2500000000000011e-01 -1
925 1.3749999999999973e+00 -1
926 2.2204460492503131e-16 -1
927 1.3750000000000000e+00 -1
928 -1.2499999999999989e-01 -1
929 1.3749999999999973e+00 -1
930 -2.4999999999999956e-01 -1
931 1.3749999999999956e+00 -1
932 -3.7499999999999978e-01 -1
933 1.3749999999999956e+00 -1
934 -4.9999999999999978e-01 -1
935 1.3750000000000000e+00 -1
936 5.0000000000000022e-01 -1
937 1.5000000000000000e+00 -1
938 3.7500000000000011e-01 -1
939 1.4999999999999991e+00 -1
940 2.5000000000000033e-01 -1
941 1.4999999999999991e+00 -1
942 1.2500000000000022e-01 -1
943 1.5000000000000000e+00 -1
944 2.2204460492503131e-16 -1
945 1.4999999999999991e+00 -1
946 -1.2500000000000000e-01 -1
947 1.5000000000000000e+00 -1
948 -2.4999999999999978e-01 -1
949 1.4999999999999991e+00 -1
950 -3.7499999999999989e-01 -1
951 1.4999999999999991e+00 -1
952 -4.9999999999999978e-01 -1
953 1.5000000000000000e+00 -1
954 5.0000000000000022e-01 -1
955 1.6250000000000000e+00 -1
956 3.7500000000000011e-01 -1
957 1.6250000000000000e+00 -1
958 2.5000000000000033e-01 -1
959 1.6249999999999982e+00 -1
960 1.2500000000000011e-01 -1
961 1.6250000000000000e+00 -1
962 2.2204460492503131e-16 -1
963 1.6249999999999982e+00 -1
964 -1.2499999999999989e-01 -1
965 1.6249999999999991e+00 -1
966 -2.4999999999999956e-01 -1
967 1.6249999999999982e+00 -1
968 -3.7499999999999978e-01 -1
969 1.6249999999999982e+00 -1
970 -4.9999999999999978e-01 -1
971 1.6250000000000000e+00 -1
972 5.0000000000000022e-01 -1
973 1.7500000000000000e+00 -1
974 3.7500000000000033e-01 -1
975 1.7499999999999991e+00 -1
976 2.5000000000000000e-01 -1
977 1.7499999999999982e+00 -1
978 1.2499999999999994e-01 -1
979 1.7500000000000018e+00 -1
980 2.2204460492503131e-16 -1
981 1.7500000000000018e+00 -1
982 -1.2500000000000000e-01 -1
983 1.7499999999999991e+00 -1
984 -2.4999999999999978e-01 -1
985 1.7499999999999991e+00 -1
986 -3.7500000000000000e-01 -1
987 1.7500000000000009e+00 -1
988 -4.9999999999999978e-01 -1
989 1.7500000000000000e+00 -1
990 5.0000000000000022e-01 -1
991 1.8750000000000000e+00 -1
992 3.7499999999999989e-01 -1
993 1.8750000000000018e+00 -1
994 2.5000000000000033e-01 -1
995 1.8749999999999991e+00 -1
996 1.2500000000000011e-01 -1
997 1.8749999999999991e+00 -1
998 2.2204460492503131e-16 -1
999 1.8749999999999991e+00 -1
1000 -1.2499999999999989e-01 -1
1001 1.8749999999999991e+00 -1
1002 -2.4999999999999956e-01 -1
1003 1.8749999999999991e+00 -1
1004 -3.7499999999999978e-01 -1
1005 1.8749999999999973e+00 -1
1006 -4.9999999999999978e-01 -1
1007 1.8750000000000000e+00 -1
1008 5.0000000000000022e-01 -1
1009 2.0000000000000000e+00 -1
1010 3.7500000000000000e-01 -1
1011 1.9999999999999982e+00 -1
1012 2.5000000000000011e-01 -1
1013 1.9999999999999956e+00 -1
1014 1.2500000000000011e-01 -1
1015 1.9999999999999982e+00 -1
1016 2.2204460492503131e-16 -1
1017 2.0000000000000009e+00 -1
1018 -1.2500000000000000e-01 -1
1019 2.0000000000000009e+00 -1
1020 -2.4999999999999978e-01 -1
1021 1.9999999999999991e+00 -1
1022 -3.7500000000000000e-01 -1
1023 1.9999999999999991e+00 -1
1024 -4.9999999999999978e-01 -1
1025 2.0000000000000000e+00 -1
1026 5.0000000000000022e-01 -1
1027 2.1250000000000000e+00 -1
1028 3.7500000000000011e-01 -1
1029 2.1249999999999991e+00 -1
1030 2.5000000000000033e-01 -1
1031 2.1250000000000009e+00 -1
1032 1.2500000000000011e-01 -1
1033 2.1250000000000009e+00 -1
1034 2.2204460492503131e-16 -1
1035 2.1249999999999991e+00 -1
1036 -1.2499999999999989e-01 -1
1037 2.1249999999999982e+00 -1
1038 -2.4999999999999956e-01 -1
1039 2.1249999999999991e+00 -1
1040 -3.7499999999999978e-01 -1
1041 2.1249999999999982e+00 -1
1042 -4.9999999999999978e-01 -1
1043 2.1250000000000000e+00 -1
1044 5.0000000000000022e-01 -1
1045 2.2500000000000000e+00 -1
1046 3.7500000000000011e-01 -1
1047 2.2499999999999982e+00 -1
1048 2.5000000000000044e-01 -1
1049 2.2499999999999991e+00 -1
1050 1.2500000000000022e-01 -1
1051 2.2499999999999991e+00 -1
1052 2.2204460492503131e-16 -1
1053 2.2500000000000009e+00 -1
1054 -1.2500000000000000e-01 -1
1055 2.2499999999999982e+00 -1
1056 -2.4999999999999978e-01 -1
1057 2.2499999999999991e+00 -1
1058 -3.7500000000000000e-01 -1
1059 2.2500000000000000e+00 -1
1060 -4.9999999999999978e-01 -1
1061 2.2500000000000000e+00 -1
1062 5.0000000000000022e-01 -1
1063 2.3750000000000000e+00 -1
1064 3.7500000000000011e-01 -1
1065 2.3750000000000009e+00 -1
1066 2.5000000000000011e-01 -1
1067 2.3750000000000009e+00 -1
1068 1.2500000000000011e-01 -1
1069 2.3750000000000009e+00 -1
1070 2.2204460492503131e-16 -1
1071 2.3750000000000009e+00 -1
1072 -1.2499999999999989e-01 -1
1073 2.3750000000000018e+00 -1
1074 -2.4999999999999956e-01 -1
1075 2.3750000000000018e+00 -1
1076 -3.7499999999999978e-01 -1
1077 2.3750000000000009e+00 -1
1078 -4.9999999999999978e-01 -1
1079 2.3750000000000000e+00 -1
1080 5.0000000000000022e-01 -1
1081 2.5000000000000000e+00 -1
1082 3.7500000000000011e-01 -1
1083 2.5000000000000000e+00 -1
1084 2.5000000000000011e-01 -1
1085 2.5000000000000000e+00 -1
1086 1.2500000000000011e-01 -1
1087 2.4999999999999991e+00 -1
1088 2.2204460492503131e-16 -1
1089 2.5000000000000000e+00 -1
1090 -1.2500000000000000e-01 -1
1091 2.5000000000000000e+00 -1
1092 -2.4999999999999978e-01 -1
1093 2.5000000000000000e+00 -1
1094 -3.7500000000000000e-01 -1
1095 2.5000000000000009e+00 -1
1096 -4.9999999999999978e-01 -1
1097 2.5000000000000000e+00 -1
1098 5.0000000000000022e-01 -1
1099 2.6250000000000000e+00 -1
1100 3.7499999999999772e-01 -1
1101 2.6250000000000009e+00 -1
1102 2.4999999999999112e-01 -1
1103 2.6250000000000009e+00 -1
1104 1.2499999999998201e-01 -1
1105 2.6250000000000027e+00 -1
1106 -2.8421709430404007e-14 -1
1107 2.6250000000000009e+00 -1
1108 -1.2500000000003908e-01 -1
1109 2.6250000000000009e+00 -1
1110 -2.5000000000004796e-01 -1
1111 2.6250000000000009e+00 -1
1112 -3.7500000000005440e-01 -1
1113 2.6250000000000000e+00 -1
1114 -4.9999999999999978e-01 -1
1115 2.6250000000000000e+00 -1
1116 5.0000000000000022e-01 -1
1117 2.7500000000000000e+00 -1
1118 3.7500000000000011e-01 -1
1119 2.7500000000000000e+00 -1
1120 2.5000000000000022e-01 -1
1121 2.7500000000000000e+00 -1
1122 1.2500000000000000e-01 -1
1123 2.7499999999999973e+00 -1
1124 2.2204460492503131e-16 -1
1125 2.7500000000000000e+00 -1
1126 -1.2500000000000000e-01 -1
1127 2.7499999999999973e+00 -1
1128 -2.4999999999999978e-01 -1
1129 2.7500000000000000e+00 -1
1130 -3.7499999999999989e-01 -1
1131 2.7500000000000000e+00 -1
1132 -4.9999999999999978e-01 -1
1133 2.7500000000000000e+00 -1
1134 5.0000000000000022e-01 -1
1135 2.8750000000000000e+00 -1
1136 3.7500000000000261e-01 -1
1137 2.8750000000000027e+00 -1
1138 2.5000000000000933e-01 -1
1139 2.8749999999999991e+00 -1
1140 1.2500000000001821e-01 -1
1141 2.8749999999999991e+00 -1
1142 2.9143354396410359e-14 -1
1143 2.8749999999999991e+00 -1
1144 -1.2499999999996070e-01 -1
1145 2.8750000000000009e+00 -1
1146 -2.4999999999995115e-01 -1
1147 2.8750000000000009e+00 -1
1148 -3.7499999999994471e-01 -1
1149 2.8750000000000027e+00 -1
1150 -4.9999999999999978e-01 -1
1151 2.8750000000000000e+00 -1
1152 5.0000000000000022e-01 -1
1153 3.0000000000000000e+00 -1
1154 3.7500000000000011e-01 -1
1155 2.9999999999999982e+00 -1
1156 2.5000000000000022e-01 -1
1157 2.9999999999999982e+00 -1
1158 1.2500000000000022e-01 -1
1159 3.0000000000000000e+00 -1
1160 2.2204460492503131e-16 -1
1161 2.9999999999999982e+00 -1
1162 -1.2499999999999978e-01 -1
1163 2.9999999999999982e+00 -1
1164 -2.4999999999999956e-01 -1
1165 2.9999999999999982e+00 -1
1166 -3.7499999999999967e-01 -1
1167 3.0000000000000000e+00 -1
1168 -4.9999999999999978e-01 -1
1169 3.0000000000000000e+00 -1
1170 5.0000000000000022e-01 -1
1171 3.1250000000000000e+00 -1
1172 3.7500000000000011e-01 -1
1173 3.1250000000000000e+00 -1
1174 2.5000000000000022e-01 -1
1175 3.1250000000000000e+00 -1
1176 1.2500000000000011e-01 -1
1177 3.1250000000000018e+00 -1
1178 2.2204460492503131e-16 -1
1179 3.1249999999999982e+00 -1
1180 -1.2500000000000000e-01 -1
1181 3.1249999999999982e+00 -1
1182 -2.4999999999999956e-01 -1
1183 3.1250000000000000e+00 -1
1184 -3.7499999999999989e-01 -1
1185 3.1250000000000000e+00 -1
1186 -4.9999999999999978e-01 -1
1187 3.1250000000000000e+00 -1
1188 5.0000000000000022e-01 -1
1189 3.2500000000000000e+00 -1
1190 3.7500000000000011e-01 -1
1191 3.2500000000000018e+00 -1
1192 2.5000000000000011e-01 -1
1193 3.2500000000000000e+00 -1
1194 1.2500000000000022e-01 -1
1195 3.2500000000000000e+00 -1
1196 2.2204460492503131e-16 -1
1197 3.2500000000000000e+00 -1
1198 -1.2499999999999989e-01 -1
1199 3.2500000000000018e+00 -1
1200 -2.4999999999999956e-01 -1
1201 3.2500000000000000e+00 -1
1202 -3.7499999999999978e-01 -1
1203 3.2500000000000018e+00 -1
1204 -4.9999999999999978e-01 -1
1205 3.2500000000000000e+00 -1
1206 5.0000000000000022e-01 -1
1207 3.3750000000000000e+00 -1
1208 3.7500000000000011e-01 -1
1209 3.3750000000000018e+00 -1
1210 2.5000000000000011e-01 -1
1211 3.3749999999999964e+00 -1
1212 1.2500000000000022e-01 -1
1213 3.3749999999999964e+00 -1
1214 4.4408920985006262e-16 -1
1215 3.3750000000000018e+00 -1
1216 -1.2499999999999978e-01 -1
1217 3.3750000000000018e+00 -1
1218 -2.4999999999999956e-01 -1
1219 3.3750000000000000e+00 -1
1220 -3.7499999999999967e-01 -1
1221 3.3750000000000018e+00 -1
1222 -4.9999999999999978e-01 -1
1223 3.3750000000000000e+00 -1
1224 5.0000000000000022e-01 -1
1225 3.5000000000000000e+00 -1
1226 3.7500000000000011e-01 -1
1227 3.4999999999999982e+00 -1
1228 2.5000000000000011e-01 -1
1229 3.4999999999999982e+00 -1
1230 1.2500000000000011e-01 -1
1231 3.5000000000000000e+00 -1
1232 2.2204460492503131e-16 -1
1233 3.4999999999999964e+00 -1
1234 -1.2500000000000000e-01 -1
1235 3.4999999999999964e+00 -1
1236 -2.4999999999999967e-01 -1
1237 3.4999999999999964e+00 -1
1238 -3.7499999999999989e-01 -1
1239 3.4999999999999964e+00 -1
1240 -4.9999999999999978e-01 -1
1241 3.5000000000000000e+00 -1
1242 5.0000000000000022e-01 -1
1243 3.6250000000000000e+00 -1
1244 3.7500000000000011e-01 -1
1245 3.6250000000000018e+00 -1
1246 2.5000000000000022e-01 -1
1247 3.6250000000000018e+00 -1
1248 1.2500000000000011e-01 -1
1249 3.6250000000000000e+00 -1
1250 2.2204460492503131e-16 -1
1251 3.6249999999999982e+00 -1
1252 -1.2499999999999989e-01 -1
1253 3.6249999999999982e+00 -1
1254 -2.4999999999999956e-01 -1
1255 3.6250000000000000e+00 -1
1256 -3.7499999999999978e-01 -1
1257 3.6249999999999982e+00 -1
1258 -4.9999999999999978e-01 -1
1259 3.6250000000000000e+00 -1
1260 5.0000000000000022e-01 -1
1261 3.7500000000000000e+00 -1
1262 3.7500000000000011e-01 -1
1263 3.7500000000000000e+00 -1
1264 2.5000000000000022e-01 -1
1265 3.7500000000000000e+00 -1
1266 1.2500000000000011e-01 -1
1267 3.7499999999999982e+00 -1
1268 4.4408920985006262e-16 -1
1269 3.7500000000000000e+00 -1
1270 -1.2499999999999978e-01 -1
1271 3.7499999999999982e+00 -1
1272 -2.4999999999999956e-01 -1
1273 3.7500000000000018e+00 -1
1274 -3.7499999999999967e-01 -1
1275 3.7500000000000000e+00 -1
1276 -4.9999999999999978e-01 -1
1277 3.7500000000000000e+00 -1
1278 5.0000000000000022e-01 -1
1279 3.8750000000000000e+00 -1
1280 3.7500000000000011e-01 -1
1281 3.8750000000000000e+00 -1
1282 2.5000000000000011e-01 -1
1283 3.8749999999999982e+00 -1
1284 1.2500000000000011e-01 -1
1285 3.8749999999999982e+00 -1
1286 2.2204460492503131e-16 -1
1287 3.8749999999999982e+00 -1
1288 -1.2500000000000000e-01 -1
1289 3.8749999999999982e+00 -1
1290 -2.4999999999999967e-01 -1
1291 3.8749999999999982e+00 -1
1292 -3.7499999999999978e-01 -1
1293 3.8749999999999964e+00 -1
1294 -4.9999999999999978e-01 -1
1295 3.8750000000000000e+00 -1
1296 5.0000000000000022e-01 -1
1297 4.0000000000000000e+00 -1
1298 3.7500000000000011e-01 -1
1299 4.0000000000000018e+00 -1
1300 2.5000000000000022e-01 -1
1301 4.0000000000000018e+00 -1
1302 1.2500000000000011e-01 -1
1303 4.0000000000000018e+00 -1
1304 2.2204460492503131e-16 -1
1305 3.9999999999999982e+00 -1
1306 -1.2499999999999989e-01 -1
1307 4.0000000000000000e+00 -1
1308 -2.4999999999999956e-01 -1
1309 4.0000000000000000e+00 -1
1310 -3.7499999999999978e-01 -1
1311 3.9999999999999982e+00 -1
1312 -4.9999999999999978e-01 -1
1313 4.0000000000000000e+00 -1
1314 5.0000000000000022e-01 -1
1315 4.1250000000000000e+00 -1
1316 3.7500000000000000e-01 -1
1317 4.1250000000000000e+00 -1
1318 2.5000000000000022e-01 -1
1319 4.1250000000000018e+00 -1
1320 1.2500000000000011e-01 -1
1321 4.1250000000000018e+00 -1
1322 4.4408920985006262e-16 -1
1323 4.1250000000000000e+00 -1
1324 -1.2499999999999978e-01 -1
1325 4.1250000000000000e+00 -1
1326 -2.4999999999999956e-01 -1
1327 4.1250000000000018e+00 -1
1328 -3.7499999999999956e-01 -1
1329 4.1250000000000000e+00 -1
1330 -4.9999999999999978e-01 -1
1331 4.1250000000000000e+00 -1
1332 5.0000000000000022e-01 -1
1333 4.2500000000000000e+00 -1
1334 3.7500000000000011e-01 -1
1335 4.2500000000000000e+00 -1
1336 2.5000000000000022e-01 -1
1337 4.2500000000000000e+00 -1
1338 1.2500000000000022e-01 -1
1339 4.2500000000000018e+00 -1
1340 2.2204460492503131e-16 -1
1341 4.2500000000000018e+00 -1
1342 -1.2500000000000000e-01 -1
1343 4.2500000000000018e+00 -1
1344 -2.4999999999999967e-01 -1
1345 4.2500000000000018e+00 -1
1346 -3.7499999999999978e-01 -1
1347 4.2499999999999964e+00 -1
1348 -4.9999999999999978e-01 -1
1349 4.2500000000000000e+00 -1
1350 5.0000000000000022e-01 -1
1351 4.3750000000000000e+00 -1
1352 3.7500000000000033e-01 -1
1353 4.3749999999999982e+00 -1
1354 2.5000000000000000e-01 -1
1355 4.3749999999999982e+00 -1
1356 1.2500000000000022e-01 -1
1357 4.3750000000000000e+00 -1
1358 2.2204460492503131e-16 -1
1359 4.3749999999999982e+00 -1
1360 -1.2499999999999978e-01 -1
1361 4.3750000000000000e+00 -1
1362 -2.4999999999999956e-01 -1
1363 4.3749999999999982e+00 -1
1364 -3.7499999999999978e-01 -1
1365 4.3749999999999982e+00 -1
1366 -4.9999999999999978e-01 -1
1367 4.3750000000000000e+00 -1
1368 5.0000000000000022e-01 -1
1369 4.5000000000000000e+00 -1
1370 3.7500000000000011e-01 -1
1371 4.4999999999999982e+00 -1
1372 2.5000000000000011e-01 -1
1373 4.4999999999999982e+00 -1
1374 1.2500000000000011e-01 -1
1375 4.5000000000000018e+00 -1
1376 4.4408920985006262e-16 -1
1377 4.5000000000000018e+00 -1
1378 -1.2499999999999978e-01 -1
1379 4.5000000000000018e+00 -1
1380 -2.4999999999999956e-01 -1
1381 4.5000000000000018e+00 -1
1382 -3.7499999999999956e-01 -1
1383 4.4999999999999982e+00 -1
1384 -4.9999999999999978e-01 -1
1385 4.5000000000000000e+00 -1
1386 5.0000000000000022e-01 -1
1387 4.6250000000000000e+00 -1
1388 3.7500000000000011e-01 -1
1389 4.6250000000000000e+00 -1
1390 2.5000000000000011e-01 -1
1391 4.6249999999999982e+00 -1
1392 1.2500000000000011e-01 -1
1393 4.6250000000000018e+00 -1
1394 2.2204460492503131e-16 -1
1395 4.6250000000000018e+00 -1
1396 -1.2499999999999978e-01 -1
1397 4.6250000000000036e+00 -1
1398 -2.4999999999999967e-01 -1
1399 4.6250000000000018e+00 -1
1400 -3.7499999999999978e-01 -1
1401 4.6250000000000018e+00 -1
1402 -4.9999999999999978e-01 -1
1403 4.6250000000000000e+00 -1
1404 5.0000000000000022e-01 -1
1405 4.7500000000000000e+00 -1
1406 3.7500000000000011e-01 -1
1407 4.7499999999999964e+00 -1
1408 2.5000000000000022e-01 -1
1409 4.7499999999999964e+00 -1
1410 1.2500000000000011e-01 -1
1411 4.7499999999999947e+00 -1
1412 2.2204460492503131e-16 -1
1413 4.7499999999999964e+00 -1
1414 -1.2499999999999989e-01 -1
1415 4.7499999999999947e+00 -1
1416 -2.4999999999999956e-01 -1
1417 4.7499999999999964e+00 -1
1418 -3.7499999999999978e-01 -1
1419 4.7499999999999947e+00 -1
1420 -4.9999999999999978e-01 -1
1421 4.7500000000000000e+00 -1
1422 5.0000000000000022e-01 -1
1423 4.8750000000000000e+00 -1
1424 3.7500000000000011e-01 -1
1425 4.8750000000000000e+00 -1
1426 2.5000000000000011e-01 -1
1427 4.8750000000000000e+00 -1
1428 1.2500000000000011e-01 -1
1429 4.8749999999999982e+00 -1
1430 4.4408920985006262e-16 -1
1431 4.8750000000000000e+00 -1
1432 -1.2499999999999978e-01 -1
1433 4.8750000000000000e+00 -1
1434 -2.4999999999999944e-01 -1
1435 4.8750000000000000e+00 -1
1436 -3.7499999999999967e-01 -1
1437 4.8750000000000036e+00 -1
1438 -4.9999999999999978e-01 -1
1439 4.8750000000000000e+00 -1
1440 5.0000000000000022e-01 -1
1441 5.0000000000000000e+00 -1
1442 3.7500000000000022e-01 -1
1443 5.0000000000000000e+00 -1
1444 2.5000000000000022e-01 -1
1445 5.0000000000000000e+00 -1
1446 1.2500000000000022e-01 -1
1447 5.0000000000000000e+00 -1
1448 2.2204460492503131e-16 -1
1449 5.0000000000000000e+00 -1
1450 -1.2499999999999978e-01 -1
1451 5.0000000000000000e+00 -1
1452 -2.4999999999999978e-01 -1
1453 5.0000000000000000e+00 -1
1454 -3.7499999999999978e-01 -1
1455 5.0000000000000000e+00 -1
1456 -4.9999999999999978e-01 -1
1457 5.0000000000000000e+00 -1
