1458
0 0.0000000000000000e+00 -1
1 1.0000000000000000e+00 -1
2 0.0000000000000000e+00 -1
3 1.0000000000000000e+00 -1
4 0.0000000000000000e+00 -1
5 1.0000000000000000e+00 -1
6 0.0000000000000000e+00 -1
7 1.0000000000000000e+00 -1
8 0.0000000000000000e+00 -1
9 1.0000000000000000e+00 -1
10 0.0000000000000000e+00 -1
11 1.0000000000000000e+00 -1
12 0.0000000000000000e+00 -1
13 1.0000000000000000e+00 -1
14 0.0000000000000000e+00 -1
15 1.0000000000000000e+00 -1
16 0.0000000000000000e+00 -1
17 1.0000000000000000e+00 -1
18 0.0000000000000000e+00 -1
19 1.0000000000000000e+00 -1
20 0.0000000000000000e+00 -1
21 1.0000000000000000e+00 -1
22 0.0000000000000000e+00 -1
23 1.0000000000000000e+00 -1
24 0.0000000000000000e+00 -1
25 1.0000000000000000e+00 -1
26 0.0000000000000000e+00 -1
27 1.0000000000000000e+00 -1
28 0.0000000000000000e+00 -1
29 1.0000000000000000e+00 -1
30 0.0000000000000000e+00 -1
31 1.0000000000000000e+00 -1
32 0.0000000000000000e+00 -1
33 1.0000000000000000e+00 -1
34 0.0000000000000000e+00 -1
35 1.0000000000000000e+00 -1
36 0.0000000000000000e+00 -1
37 1.0000000000000000e+00 -1
38 0.0000000000000000e+00 -1
39 1.0000000000000000e+00 -1
40 0.0000000000000000e+00 -1
41 1.0000000000000000e+00 -1
42 0.0000000000000000e+00 -1
43 1.0000000000000000e+00 -1
44 0.0000000000000000e+00 -1
45 1.0000000000000000e+00 -1
46 0.0000000000000000e+00 -1
47 1.0000000000000000e+00 -1
48 0.0000000000000000e+00 -1
49 1.0000000000000000e+00 -1
50 0.0000000000000000e+00 -1
51 1.0000000000000000e+00 -1
52 0.0000000000000000e+00 -1
53 1.0000000000000000e+00 -1
54 0.0000000000000000e+00 -1
55 1.0000000000000000e+00 -1
56 0.0000000000000000e+00 -1
57 1.0000000000000000e+00 -1
58 0.0000000000000000e+00 -1
59 1.0000000000000000e+00 -1
60 0.0000000000000000e+00 -1
61 1.0000000000000000e+00 -1
62 0.0000000000000000e+00 -1
63 1.0000000000000000e+00 -1
64 0.0000000000000000e+00 -1
65 1.0000000000000000e+00 -1
66 0.0000000000000000e+00 -1
67 1.0000000000000000e+00 -1
68 0.0000000000000000e+00 -1
69 1.0000000000000000e+00 -1
70 0.0000000000000000e+00 -1
71 1.0000000000000000e+00 -1
72 0.0000000000000000e+00 -1
73 1.0000000000000000e+00 -1
74 0.0000000000000000e+00 -1
75 1.0000000000000000e+00 -1
76 0.0000000000000000e+00 -1
77 1.0000000000000000e+00 -1
78 0.0000000000000000e+00 -1
79 1.0000000000000000e+00 -1
80 0.0000000000000000e+00 -1
81 1.0000000000000000e+00 -1
82 0.0000000000000000e+00 -1
83 1.0000000000000000e+00 -1
84 0.0000000000000000e+00 -1
85 1.0000000000000000e+00 -1
86 0.0000000000000000e+00 -1
87 1.0000000000000000e+00 -1
88 0.0000000000000000e+00 -1
89 1.0000000000000000e+00 -1
90 0.0000000000000000e+00 -1
91 1.0000000000000000e+00 -1
92 0.0000000000000000e+00 -1
93 1.0000000000000000e+00 -1
94 0.0000000000000000e+00 -1
95 1.0000000000000000e+00 -1
96 0.0000000000000000e+00 -1
97 1.0000000000000000e+00 -1
98 0.0000000000000000e+00 -1
99 1.0000000000000000e+00 -1
100 0.0000000000000000e+00 -1
101 1.0000000000000000e+00 -1
102 0.0000000000000000e+00 -1
103 1.0000000000000000e+00 -1
104 0.0000000000000000e+00 -1
105 1.0000000000000000e+00 -1
106 0.0000000000000000e+00 -1
107 1.0000000000000000e+00 -1
108 0.0000000000000000e+00 -1
109 1.0000000000000000e+00 -1
110 0.0000000000000000e+00 -1
111 1.0000000000000000e+00 -1
112 0.0000000000000000e+00 -1
113 1.0000000000000000e+00 -1
114 0.0000000000000000e+00 -1
115 1.0000000000000000e+00 -1
116 0.0000000000000000e+00 -1
117 1.0000000000000000e+00 -1
118 0.0000000000000000e+00 -1
119 1.0000000000000000e+00 -1
120 0.0000000000000000e+00 -1
121 1.0000000000000000e+00 -1
122 0.0000000000000000e+00 -1
123 1.0000000000000000e+00 -1
124 0.0000000000000000e+00 -1
125 1.0000000000000000e+00 -1
126 0.0000000000000000e+00 -1
127 1.0000000000000000e+00 -1
128 0.0000000000000000e+00 -1
129 1.0000000000000000e+00 -1
130 0.0000000000000000e+00 -1
131 1.0000000000000000e+00 -1
132 0.0000000000000000e+00 -1
133 1.0000000000000000e+00 -1
134 0.0000000000000000e+00 -1
135 1.0000000000000000e+00 -1
136 0.0000000000000000e+00 -1
137 1.0000000000000000e+00 -1
138 0.0000000000000000e+00 -1
139 1.0000000000000000e+00 -1
140 0.0000000000000000e+00 -1
141 1.0000000000000000e+00 -1
142 0.0000000000000000e+00 -1
143 1.0000000000000000e+00 -1
144 0.0000000000000000e+00 -1
145 1.0000000000000000e+00 -1
146 0.0000000000000000e+00 -1
147 1.0000000000000000e+00 -1
148 0.0000000000000000e+00 -1
149 1.0000000000000000e+00 -1
150 0.0000000000000000e+00 -1
151 1.0000000000000000e+00 -1
152 0.0000000000000000e+00 -1
153 1.0000000000000000e+00 -1
154 0.0000000000000000e+00 -1
155 1.0000000000000000e+00 -1
156 0.0000000000000000e+00 -1
157 1.0000000000000000e+00 -1
158 0.0000000000000000e+00 -1
159 1.0000000000000000e+00 -1
160 0.0000000000000000e+00 -1
161 1.0000000000000000e+00 -1
162 0.0000000000000000e+00 -1
163 1.0000000000000000e+00 -1
164 0.0000000000000000e+00 -1
165 1.0000000000000000e+00 -1
166 0.0000000000000000e+00 -1
167 1.0000000000000000e+00 -1
168 0.0000000000000000e+00 -1
169 1.0000000000000000e+00 -1
170 0.0000000000000000e+00 -1
171 1.0000000000000000e+00 -1
172 0.0000000000000000e+00 -1
173 1.0000000000000000e+00 -1
174 0.0000000000000000e+00 -1
175 1.0000000000000000e+00 -1
176 0.0000000000000000e+00 -1
177 1.0000000000000000e+00 -1
178 0.0000000000000000e+00 -1
179 1.0000000000000000e+00 -1
180 0.0000000000000000e+00 -1
181 1.0000000000000000e+00 -1
182 0.0000000000000000e+00 -1
183 1.0000000000000000e+00 -1
184 0.0000000000000000e+00 -1
185 1.0000000000000000e+00 -1
186 0.0000000000000000e+00 -1
187 1.0000000000000000e+00 -1
188 0.0000000000000000e+00 -1
189 1.0000000000000000e+00 -1
190 0.0000000000000000e+00 -1
191 1.0000000000000000e+00 -1
192 0.0000000000000000e+00 -1
193 1.0000000000000000e+00 -1
194 0.0000000000000000e+00 -1
195 1.0000000000000000e+00 -1
196 0.0000000000000000e+00 -1
197 1.0000000000000000e+00 -1
198 0.0000000000000000e+00 -1
199 1.0000000000000000e+00 -1
200 0.0000000000000000e+00 -1
201 1.0000000000000000e+00 -1
202 0.0000000000000000e+00 -1
203 1.0000000000000000e+00 -1
204 0.0000000000000000e+00 -1
205 1.0000000000000000e+00 -1
206 0.0000000000000000e+00 -1
207 1.0000000000000000e+00 -1
208 0.0000000000000000e+00 -1
209 1.0000000000000000e+00 -1
210 0.0000000000000000e+00 -1
211 1.0000000000000000e+00 -1
212 0.0000000000000000e+00 -1
213 1.0000000000000000e+00 -1
214 0.0000000000000000e+00 -1
215 1.0000000000000000e+00 -1
216 0.0000000000000000e+00 -1
217 1.0000000000000000e+00 -1
218 0.0000000000000000e+00 -1
219 1.0000000000000000e+00 -1
220 0.0000000000000000e+00 -1
221 1.0000000000000000e+00 -1
222 0.0000000000000000e+00 -1
223 1.0000000000000000e+00 -1
224 0.0000000000000000e+00 -1
225 1.0000000000000000e+00 -1
226 0.0000000000000000e+00 -1
227 1.0000000000000000e+00 -1
228 0.0000000000000000e+00 -1
229 1.0000000000000000e+00 -1
230 0.0000000000000000e+00 -1
231 1.0000000000000000e+00 -1
232 0.0000000000000000e+00 -1
233 1.0000000000000000e+00 -1
234 0.0000000000000000e+00 -1
235 1.0000000000000000e+00 -1
236 0.0000000000000000e+00 -1
237 1.0000000000000000e+00 -1
238 0.0000000000000000e+00 -1
239 1.0000000000000000e+00 -1
240 0.0000000000000000e+00 -1
241 1.0000000000000000e+00 -1
242 0.0000000000000000e+00 -1
243 1.0000000000000000e+00 -1
244 0.0000000000000000e+00 -1
245 1.0000000000000000e+00 -1
246 0.0000000000000000e+00 -1
247 1.0000000000000000e+00 -1
248 0.0000000000000000e+00 -1
249 1.0000000000000000e+00 -1
250 0.0000000000000000e+00 -1
251 1.0000000000000000e+00 -1
252 0.0000000000000000e+00 -1
253 1.0000000000000000e+00 -1
254 0.0000000000000000e+00 -1
255 1.0000000000000000e+00 -1
256 0.0000000000000000e+00 -1
257 1.0000000000000000e+00 -1
258 0.0000000000000000e+00 -1
259 1.0000000000000000e+00 -1
260 0.0000000000000000e+00 -1
261 1.0000000000000000e+00 -1
262 0.0000000000000000e+00 -1
263 1.0000000000000000e+00 -1
264 0.0000000000000000e+00 -1
265 1.0000000000000000e+00 -1
266 0.0000000000000000e+00 -1
267 1.0000000000000000e+00 -1
268 0.0000000000000000e+00 -1
269 1.0000000000000000e+00 -1
270 0.0000000000000000e+00 -1
271 1.0000000000000000e+00 -1
272 0.0000000000000000e+00 -1
273 1.0000000000000000e+00 -1
274 0.0000000000000000e+00 -1
275 1.0000000000000000e+00 -1
276 0.0000000000000000e+00 -1
277 1.0000000000000000e+00 -1
278 0.0000000000000000e+00 -1
279 1.0000000000000000e+00 -1
280 0.0000000000000000e+00 -1
281 1.0000000000000000e+00 -1
282 0.0000000000000000e+00 -1
283 1.0000000000000000e+00 -1
284 0.0000000000000000e+00 -1
285 1.0000000000000000e+00 -1
286 0.0000000000000000e+00 -1
287 1.0000000000000000e+00 -1
288 0.0000000000000000e+00 -1
289 1.0000000000000000e+00 -1
290 0.0000000000000000e+00 -1
291 1.0000000000000000e+00 -1
292 0.0000000000000000e+00 -1
293 1.0000000000000000e+00 -1
294 0.0000000000000000e+00 -1
295 1.0000000000000000e+00 -1
296 0.0000000000000000e+00 -1
297 1.0000000000000000e+00 -1
298 0.0000000000000000e+00 -1
299 1.0000000000000000e+00 -1
300 0.0000000000000000e+00 -1
301 1.0000000000000000e+00 -1
302 0.0000000000000000e+00 -1
303 1.0000000000000000e+00 -1
304 0.0000000000000000e+00 -1
305 1.0000000000000000e+00 -1
306 0.0000000000000000e+00 -1
307 1.0000000000000000e+00 -1
308 0.0000000000000000e+00 -1
309 1.0000000000000000e+00 -1
310 0.0000000000000000e+00 -1
311 1.0000000000000000e+00 -1
312 0.0000000000000000e+00 -1
313 1.0000000000000000e+00 -1
314 0.0000000000000000e+00 -1
315 1.0000000000000000e+00 -1
316 0.0000000000000000e+00 -1
317 1.0000000000000000e+00 -1
318 0.0000000000000000e+00 -1
319 1.0000000000000000e+00 -1
320 0.0000000000000000e+00 -1
321 1.0000000000000000e+00 -1
322 0.0000000000000000e+00 -1
323 1.0000000000000000e+00 -1
324 0.0000000000000000e+00 -1
325 1.0000000000000000e+00 -1
326 0.0000000000000000e+00 -1
327 1.0000000000000000e+00 -1
328 0.0000000000000000e+00 -1
329 1.0000000000000000e+00 -1
330 0.0000000000000000e+00 -1
331 1.0000000000000000e+00 -1
332 0.0000000000000000e+00 -1
333 1.0000000000000000e+00 -1
334 0.0000000000000000e+00 -1
335 1.0000000000000000e+00 -1
336 0.0000000000000000e+00 -1
337 1.0000000000000000e+00 -1
338 0.0000000000000000e+00 -1
339 1.0000000000000000e+00 -1
340 0.0000000000000000e+00 -1
341 1.0000000000000000e+00 -1
342 0.0000000000000000e+00 -1
343 1.0000000000000000e+00 -1
344 0.0000000000000000e+00 -1
345 1.0000000000000000e+00 -1
346 0.0000000000000000e+00 -1
347 1.0000000000000000e+00 -1
348 0.0000000000000000e+00 -1
349 1.0000000000000000e+00 -1
350 0.0000000000000000e+00 -1
351 1.0000000000000000e+00 -1
352 0.0000000000000000e+00 -1
353 1.0000000000000000e+00 -1
354 0.0000000000000000e+00 -1
355 1.0000000000000000e+00 -1
356 0.0000000000000000e+00 -1
357 1.0000000000000000e+00 -1
358 0.0000000000000000e+00 -1
359 1.0000000000000000e+00 -1
360 0.0000000000000000e+00 -1
361 1.0000000000000000e+00 -1
362 0.0000000000000000e+00 -1
363 1.0000000000000000e+00 -1
364 0.0000000000000000e+00 -1
365 1.0000000000000000e+00 -1
366 0.0000000000000000e+00 -1
367 1.0000000000000000e+00 -1
368 0.0000000000000000e+00 -1
369 1.0000000000000000e+00 -1
370 0.0000000000000000e+00 -1
371 1.0000000000000000e+00 -1
372 0.0000000000000000e+00 -1
373 1.0000000000000000e+00 -1
374 0.0000000000000000e+00 -1
375 1.0000000000000000e+00 -1
376 0.0000000000000000e+00 -1
377 1.0000000000000000e+00 -1
378 0.0000000000000000e+00 -1
379 1.0000000000000000e+00 -1
380 0.0000000000000000e+00 -1
381 1.0000000000000000e+00 -1
382 0.0000000000000000e+00 -1
383 1.0000000000000000e+00 -1
384 0.0000000000000000e+00 -1
385 1.0000000000000000e+00 -1
386 0.0000000000000000e+00 -1
387 1.0000000000000000e+00 -1
388 0.0000000000000000e+00 -1
389 1.0000000000000000e+00 -1
390 0.0000000000000000e+00 -1
391 1.0000000000000000e+00 -1
392 0.0000000000000000e+00 -1
393 1.0000000000000000e+00 -1
394 0.0000000000000000e+00 -1
395 1.0000000000000000e+00 -1
396 0.0000000000000000e+00 -1
397 1.0000000000000000e+00 -1
398 0.0000000000000000e+00 -1
399 1.0000000000000000e+00 -1
400 0.0000000000000000e+00 -1
401 1.0000000000000000e+00 -1
402 0.0000000000000000e+00 -1
403 1.0000000000000000e+00 -1
404 0.0000000000000000e+00 -1
405 1.0000000000000000e+00 -1
406 0.0000000000000000e+00 -1
407 1.0000000000000000e+00 -1
408 0.0000000000000000e+00 -1
409 1.0000000000000000e+00 -1
410 0.0000000000000000e+00 -1
411 1.0000000000000000e+00 -1
412 0.0000000000000000e+00 -1
413 1.0000000000000000e+00 -1
414 0.0000000000000000e+00 -1
415 1.0000000000000000e+00 -1
416 0.0000000000000000e+00 -1
417 1.0000000000000000e+00 -1
418 0.0000000000000000e+00 -1
419 1.0000000000000000e+00 -1
420 0.0000000000000000e+00 -1
421 1.0000000000000000e+00 -1
422 0.0000000000000000e+00 -1
423 1.0000000000000000e+00 -1
424 0.0000000000000000e+00 -1
425 1.0000000000000000e+00 -1
426 0.0000000000000000e+00 -1
427 1.0000000000000000e+00 -1
428 0.0000000000000000e+00 -1
429 1.0000000000000000e+00 -1
430 0.0000000000000000e+00 -1
431 1.0000000000000000e+00 -1
432 0.0000000000000000e+00 -1
433 1.0000000000000000e+00 -1
434 0.0000000000000000e+00 -1
435 1.0000000000000000e+00 -1
436 0.0000000000000000e+00 -1
437 1.0000000000000000e+00 -1
438 0.0000000000000000e+00 -1
439 1.0000000000000000e+00 -1
440 0.0000000000000000e+00 -1
441 1.0000000000000000e+00 -1
442 0.0000000000000000e+00 -1
443 1.0000000000000000e+00 -1
444 0.0000000000000000e+00 -1
445 1.0000000000000000e+00 -1
446 0.0000000000000000e+00 -1
447 1.0000000000000000e+00 -1
448 0.0000000000000000e+00 -1
449 1.0000000000000000e+00 -1
450 0.0000000000000000e+00 -1
451 1.0000000000000000e+00 -1
452 0.0000000000000000e+00 -1
453 1.0000000000000000e+00 -1
454 0.0000000000000000e+00 -1
455 1.0000000000000000e+00 -1
456 0.0000000000000000e+00 -1
457 1.0000000000000000e+00 -1
458 0.0000000000000000e+00 -1
459 1.0000000000000000e+00 -1
460 0.0000000000000000e+00 -1
461 1.0000000000000000e+00 -1
462 0.0000000000000000e+00 -1
463 1.0000000000000000e+00 -1
464 0.0000000000000000e+00 -1
465 1.0000000000000000e+00 -1
466 0.0000000000000000e+00 -1
467 1.0000000000000000e+00 -1
468 0.0000000000000000e+00 -1
469 1.0000000000000000e+00 -1
470 0.0000000000000000e+00 -1
471 1.0000000000000000e+00 -1
472 0.0000000000000000e+00 -1
473 1.0000000000000000e+00 -1
474 0.0000000000000000e+00 -1
475 1.0000000000000000e+00 -1
476 0.0000000000000000e+00 -1
477 1.0000000000000000e+00 -1
478 0.0000000000000000e+00 -1
479 1.0000000000000000e+00 -1
480 0.0000000000000000e+00 -1
481 1.0000000000000000e+00 -1
482 0.0000000000000000e+00 -1
483 1.0000000000000000e+00 -1
484 0.0000000000000000e+00 -1
485 1.0000000000000000e+00 -1
486 0.0000000000000000e+00 -1
487 1.0000000000000000e+00 -1
488 0.0000000000000000e+00 -1
489 1.0000000000000000e+00 -1
490 0.0000000000000000e+00 -1
491 1.0000000000000000e+00 -1
492 0.0000000000000000e+00 -1
493 1.0000000000000000e+00 -1
494 0.0000000000000000e+00 -1
495 1.0000000000000000e+00 -1
496 0.0000000000000000e+00 -1
497 1.0000000000000000e+00 -1
498 0.0000000000000000e+00 -1
499 1.0000000000000000e+00 -1
500 0.0000000000000000e+00 -1
501 1.0000000000000000e+00 -1
502 0.0000000000000000e+00 -1
503 1.0000000000000000e+00 -1
504 0.0000000000000000e+00 -1
505 1.0000000000000000e+00 -1
506 0.0000000000000000e+00 -1
507 1.0000000000000000e+00 -1
508 0.0000000000000000e+00 -1
509 1.0000000000000000e+00 -1
510 0.0000000000000000e+00 -1
511 1.0000000000000000e+00 -1
512 0.0000000000000000e+00 -1
513 1.0000000000000000e+00 -1
514 0.0000000000000000e+00 -1
515 1.0000000000000000e+00 -1
516 0.0000000000000000e+00 -1
517 1.0000000000000000e+00 -1
518 0.0000000000000000e+00 -1
519 1.0000000000000000e+00 -1
520 0.0000000000000000e+00 -1
521 1.0000000000000000e+00 -1
522 0.0000000000000000e+00 -1
523 1.0000000000000000e+00 -1
524 0.0000000000000000e+00 -1
525 1.0000000000000000e+00 -1
526 0.0000000000000000e+00 -1
527 1.0000000000000000e+00 -1
528 0.0000000000000000e+00 -1
529 1.0000000000000000e+00 -1
530 0.0000000000000000e+00 -1
531 1.0000000000000000e+00 -1
532 0.0000000000000000e+00 -1
533 1.0000000000000000e+00 -1
534 0.0000000000000000e+00 -1
535 1.0000000000000000e+00 -1
536 0.0000000000000000e+00 -1
537 1.0000000000000000e+00 -1
538 0.0000000000000000e+00 -1
539 1.0000000000000000e+00 -1
540 0.0000000000000000e+00 -1
541 1.0000000000000000e+00 -1
542 0.0000000000000000e+00 -1
543 1.0000000000000000e+00 -1
544 0.0000000000000000e+00 -1
545 1.0000000000000000e+00 -1
546 0.0000000000000000e+00 -1
547 1.0000000000000000e+00 -1
548 0.0000000000000000e+00 -1
549 1.0000000000000000e+00 -1
550 0.0000000000000000e+00 -1
551 1.0000000000000000e+00 -1
552 0.0000000000000000e+00 -1
553 1.0000000000000000e+00 -1
554 0.0000000000000000e+00 -1
555 1.0000000000000000e+00 -1
556 0.0000000000000000e+00 -1
557 1.0000000000000000e+00 -1
558 0.0000000000000000e+00 -1
559 1.0000000000000000e+00 -1
560 0.0000000000000000e+00 -1
561 1.0000000000000000e+00 -1
562 0.0000000000000000e+00 -1
563 1.0000000000000000e+00 -1
564 0.0000000000000000e+00 -1
565 1.0000000000000000e+00 -1
566 0.0000000000000000e+00 -1
567 1.0000000000000000e+00 -1
568 0.0000000000000000e+00 -1
569 1.0000000000000000e+00 -1
570 0.0000000000000000e+00 -1
571 1.0000000000000000e+00 -1
572 0.0000000000000000e+00 -1
573 1.0000000000000000e+00 -1
574 0.0000000000000000e+00 -1
575 1.0000000000000000e+00 -1
576 0.0000000000000000e+00 -1
577 1.0000000000000000e+00 -1
578 0.0000000000000000e+00 -1
579 1.0000000000000000e+00 -1
580 0.0000000000000000e+00 -1
581 1.0000000000000000e+00 -1
582 0.0000000000000000e+00 -1
583 1.0000000000000000e+00 -1
584 0.0000000000000000e+00 -1
585 1.0000000000000000e+00 -1
586 0.0000000000000000e+00 -1
587 1.0000000000000000e+00 -1
588 0.0000000000000000e+00 -1
589 1.0000000000000000e+00 -1
590 0.0000000000000000e+00 -1
591 1.0000000000000000e+00 -1
592 0.0000000000000000e+00 -1
593 1.0000000000000000e+00 -1
594 0.0000000000000000e+00 -1
595 1.0000000000000000e+00 -1
596 0.0000000000000000e+00 -1
597 1.0000000000000000e+00 -1
598 0.0000000000000000e+00 -1
599 1.0000000000000000e+00 -1
600 0.0000000000000000e+00 -1
601 1.0000000000000000e+00 -1
602 0.0000000000000000e+00 -1
603 1.0000000000000000e+00 -1
604 0.0000000000000000e+00 -1
605 1.0000000000000000e+00 -1
606 0.0000000000000000e+00 -1
607 1.0000000000000000e+00 -1
608 0.0000000000000000e+00 -1
609 1.0000000000000000e+00 -1
610 0.0000000000000000e+00 -1
611 1.0000000000000000e+00 -1
612 0.0000000000000000e+00 -1
613 1.0000000000000000e+00 -1
614 0.0000000000000000e+00 -1
615 1.0000000000000000e+00 -1
616 0.0000000000000000e+00 -1
617 1.0000000000000000e+00 -1
618 0.0000000000000000e+00 -1
619 1.0000000000000000e+00 -1
620 0.0000000000000000e+00 -1
621 1.0000000000000000e+00 -1
622 0.0000000000000000e+00 -1
623 1.0000000000000000e+00 -1
624 0.0000000000000000e+00 -1
625 1.0000000000000000e+00 -1
626 0.0000000000000000e+00 -1
627 1.0000000000000000e+00 -1
628 0.0000000000000000e+00 -1
629 1.0000000000000000e+00 -1
630 0.0000000000000000e+00 -1
631 1.0000000000000000e+00 -1
632 0.0000000000000000e+00 -1
633 1.0000000000000000e+00 -1
634 0.0000000000000000e+00 -1
635 1.0000000000000000e+00 -1
636 0.0000000000000000e+00 -1
637 1.0000000000000000e+00 -1
638 0.0000000000000000e+00 -1
639 1.0000000000000000e+00 -1
640 0.0000000000000000e+00 -1
641 1.0000000000000000e+00 -1
642 0.0000000000000000e+00 -1
643 1.0000000000000000e+00 -1
644 0.0000000000000000e+00 -1
645 1.0000000000000000e+00 -1
646 0.0000000000000000e+00 -1
647 1.0000000000000000e+00 -1
648 0.0000000000000000e+00 -1
649 1.0000000000000000e+00 -1
650 0.0000000000000000e+00 -1
651 1.0000000000000000e+00 -1
652 0.0000000000000000e+00 -1
653 1.0000000000000000e+00 -1
654 0.0000000000000000e+00 -1
655 1.0000000000000000e+00 -1
656 0.0000000000000000e+00 -1
657 1.0000000000000000e+00 -1
658 0.0000000000000000e+00 -1
659 1.0000000000000000e+00 -1
660 0.0000000000000000e+00 -1
661 1.0000000000000000e+00 -1
662 0.0000000000000000e+00 -1
663 1.0000000000000000e+00 -1
664 0.0000000000000000e+00 -1
665 1.0000000000000000e+00 -1
666 0.0000000000000000e+00 -1
667 1.0000000000000000e+00 -1
668 0.0000000000000000e+00 -1
669 1.0000000000000000e+00 -1
670 0.0000000000000000e+00 -1
671 1.0000000000000000e+00 -1
672 0.0000000000000000e+00 -1
673 1.0000000000000000e+00 -1
674 0.0000000000000000e+00 -1
675 1.0000000000000000e+00 -1
676 0.0000000000000000e+00 -1
677 1.0000000000000000e+00 -1
678 0.0000000000000000e+00 -1
679 1.0000000000000000e+00 -1
680 0.0000000000000000e+00 -1
681 1.0000000000000000e+00 -1
682 0.0000000000000000e+00 -1
683 1.0000000000000000e+00 -1
684 0.0000000000000000e+00 -1
685 1.0000000000000000e+00 -1
686 0.0000000000000000e+00 -1
687 1.0000000000000000e+00 -1
688 0.0000000000000000e+00 -1
689 1.0000000000000000e+00 -1
690 0.0000000000000000e+00 -1
691 1.0000000000000000e+00 -1
692 0.0000000000000000e+00 -1
693 1.0000000000000000e+00 -1
694 0.0000000000000000e+00 -1
695 1.0000000000000000e+00 -1
696 0.0000000000000000e+00 -1
697 1.0000000000000000e+00 -1
698 0.0000000000000000e+00 -1
699 1.0000000000000000e+00 -1
700 0.0000000000000000e+00 -1
701 1.0000000000000000e+00 -1
702 0.0000000000000000e+00 -1
703 1.0000000000000000e+00 -1
704 0.0000000000000000e+00 -1
705 1.0000000000000000e+00 -1
706 0.0000000000000000e+00 -1
707 1.0000000000000000e+00 -1
708 0.0000000000000000e+00 -1
709 1.0000000000000000e+00 -1
710 0.0000000000000000e+00 -1
711 1.0000000000000000e+00 -1
712 0.0000000000000000e+00 -1
713 1.0000000000000000e+00 -1
714 0.0000000000000000e+00 -1
715 1.0000000000000000e+00 -1
716 0.0000000000000000e+00 -1
717 1.0000000000000000e+00 -1
718 0.0000000000000000e+00 -1
719 1.0000000000000000e+00 -1
720 0.0000000000000000e+00 -1
721 1.0000000000000000e+00 -1
722 0.0000000000000000e+00 -1
723 1.0000000000000000e+00 -1
724 0.0000000000000000e+00 -1
725 1.0000000000000000e+00 -1
726 0.0000000000000000e+00 -1
727 1.0000000000000000e+00 -1
728 0.0000000000000000e+00 -1
729 1.0000000000000000e+00 -1
730 0.0000000000000000e+00 -1
731 1.0000000000000000e+00 -1
732 0.0000000000000000e+00 -1
733 1.0000000000000000e+00 -1
734 0.0000000000000000e+00 -1
735 1.0000000000000000e+00 -1
736 0.0000000000000000e+00 -1
737 1.0000000000000000e+00 -1
738 0.0000000000000000e+00 -1
739 1.0000000000000000e+00 -1
740 0.0000000000000000e+00 -1
741 1.0000000000000000e+00 -1
742 0.0000000000000000e+00 -1
743 1.0000000000000000e+00 -1
744 0.0000000000000000e+00 -1
745 1.0000000000000000e+00 -1
746 0.0000000000000000e+00 -1
747 1.0000000000000000e+00 -1
748 0.0000000000000000e+00 -1
749 1.0000000000000000e+00 -1
750 0.0000000000000000e+00 -1
751 1.0000000000000000e+00 -1
752 0.0000000000000000e+00 -1
753 1.0000000000000000e+00 -1
754 0.0000000000000000e+00 -1
755 1.0000000000000000e+00 -1
756 0.0000000000000000e+00 -1
757 1.0000000000000000e+00 -1
758 0.0000000000000000e+00 -1
759 1.0000000000000000e+00 -1
760 0.0000000000000000e+00 -1
761 1.0000000000000000e+00 -1
762 0.0000000000000000e+00 -1
763 1.0000000000000000e+00 -1
764 0.0000000000000000e+00 -1
765 1.0000000000000000e+00 -1
766 0.0000000000000000e+00 -1
767 1.0000000000000000e+00 -1
768 0.0000000000000000e+00 -1
769 1.0000000000000000e+00 -1
770 0.0000000000000000e+00 -1
771 1.0000000000000000e+00 -1
772 0.0000000000000000e+00 -1
773 1.0000000000000000e+00 -1
774 0.0000000000000000e+00 -1
775 1.0000000000000000e+00 -1
776 0.0000000000000000e+00 -1
777 1.0000000000000000e+00 -1
778 0.0000000000000000e+00 -1
779 1.0000000000000000e+00 -1
780 0.0000000000000000e+00 -1
781 1.0000000000000000e+00 -1
782 0.0000000000000000e+00 -1
783 1.0000000000000000e+00 -1
784 0.0000000000000000e+00 -1
785 1.0000000000000000e+00 -1
786 0.0000000000000000e+00 -1
787 1.0000000000000000e+00 -1
788 0.0000000000000000e+00 -1
789 1.0000000000000000e+00 -1
790 0.0000000000000000e+00 -1
791 1.0000000000000000e+00 -1
792 0.0000000000000000e+00 -1
793 1.0000000000000000e+00 -1
794 0.0000000000000000e+00 -1
795 1.0000000000000000e+00 -1
796 0.0000000000000000e+00 -1
797 1.0000000000000000e+00 -1
798 0.0000000000000000e+00 -1
799 1.0000000000000000e+00 -1
800 0.0000000000000000e+00 -1
801 1.0000000000000000e+00 -1
802 0.0000000000000000e+00 -1
803 1.0000000000000000e+00 -1
804 0.0000000000000000e+00 -1
805 1.0000000000000000e+00 -1
806 0.0000000000000000e+00 -1
807 1.0000000000000000e+00 -1
808 0.0000000000000000e+00 -1
809 1.0000000000000000e+00 -1
810 0.0000000000000000e+00 -1
811 1.0000000000000000e+00 -1
812 0.0000000000000000e+00 -1
813 1.0000000000000000e+00 -1
814 0.0000000000000000e+00 -1
815 1.0000000000000000e+00 -1
816 0.0000000000000000e+00 -1
817 1.0000000000000000e+00 -1
818 0.0000000000000000e+00 -1
819 1.0000000000000000e+00 -1
820 0.0000000000000000e+00 -1
821 1.0000000000000000e+00 -1
822 0.0000000000000000e+00 -1
823 1.0000000000000000e+00 -1
824 0.0000000000000000e+00 -1
825 1.0000000000000000e+00 -1
826 0.0000000000000000e+00 -1
827 1.0000000000000000e+00 -1
828 0.0000000000000000e+00 -1
829 1.0000000000000000e+00 -1
830 0.0000000000000000e+00 -1
831 1.0000000000000000e+00 -1
832 0.0000000000000000e+00 -1
833 1.0000000000000000e+00 -1
834 0.0000000000000000e+00 -1
835 1.0000000000000000e+00 -1
836 0.0000000000000000e+00 -1
837 1.0000000000000000e+00 -1
838 0.0000000000000000e+00 -1
839 1.0000000000000000e+00 -1
840 0.0000000000000000e+00 -1
841 1.0000000000000000e+00 -1
842 0.0000000000000000e+00 -1
843 1.0000000000000000e+00 -1
844 0.0000000000000000e+00 -1
845 1.0000000000000000e+00 -1
846 0.0000000000000000e+00 -1
847 1.0000000000000000e+00 -1
848 0.0000000000000000e+00 -1
849 1.0000000000000000e+00 -1
850 0.0000000000000000e+00 -1
851 1.0000000000000000e+00 -1
852 0.0000000000000000e+00 -1
853 1.0000000000000000e+00 -1
854 0.0000000000000000e+00 -1
855 1.0000000000000000e+00 -1
856 0.0000000000000000e+00 -1
857 1.0000000000000000e+00 -1
858 0.0000000000000000e+00 -1
859 1.0000000000000000e+00 -1
860 0.0000000000000000e+00 -1
861 1.0000000000000000e+00 -1
862 0.0000000000000000e+00 -1
863 1.0000000000000000e+00 -1
864 0.0000000000000000e+00 -1
865 1.0000000000000000e+00 -1
866 0.0000000000000000e+00 -1
867 1.0000000000000000e+00 -1
868 0.0000000000000000e+00 -1
869 1.0000000000000000e+00 -1
870 0.0000000000000000e+00 -1
871 1.0000000000000000e+00 -1
872 0.0000000000000000e+00 -1
873 1.0000000000000000e+00 -1
874 0.0000000000000000e+00 -1
875 1.0000000000000000e+00 -1
876 0.0000000000000000e+00 -1
877 1.0000000000000000e+00 -1
878 0.0000000000000000e+00 -1
879 1.0000000000000000e+00 -1
880 0.0000000000000000e+00 -1
881 1.0000000000000000e+00 -1
882 0.0000000000000000e+00 -1
883 1.0000000000000000e+00 -1
884 0.0000000000000000e+00 -1
885 1.0000000000000000e+00 -1
886 0.0000000000000000e+00 -1
887 1.0000000000000000e+00 -1
888 0.0000000000000000e+00 -1
889 1.0000000000000000e+00 -1
890 0.0000000000000000e+00 -1
891 1.0000000000000000e+00 -1
892 0.0000000000000000e+00 -1
893 1.0000000000000000e+00 -1
894 0.0000000000000000e+00 -1
895 1.0000000000000000e+00 -1
896 0.0000000000000000e+00 -1
897 1.0000000000000000e+00 -1
898 0.0000000000000000e+00 -1
899 1.0000000000000000e+00 -1
900 0.0000000000000000e+00 -1
901 1.0000000000000000e+00 -1
902 0.0000000000000000e+00 -1
903 1.0000000000000000e+00 -1
904 0.0000000000000000e+00 -1
905 1.0000000000000000e+00 -1
906 0.0000000000000000e+00 -1
907 1.0000000000000000e+00 -1
908 0.0000000000000000e+00 -1
909 1.0000000000000000e+00 -1
910 0.0000000000000000e+00 -1
911 1.0000000000000000e+00 -1
912 0.0000000000000000e+00 -1
913 1.0000000000000000e+00 -1
914 0.0000000000000000e+00 -1
915 1.0000000000000000e+00 -1
916 0.0000000000000000e+00 -1
917 1.0000000000000000e+00 -1
918 0.0000000000000000e+00 -1
919 1.0000000000000000e+00 -1
920 0.0000000000000000e+00 -1
921 1.0000000000000000e+00 -1
922 0.0000000000000000e+00 -1
923 1.0000000000000000e+00 -1
924 0.0000000000000000e+00 -1
925 1.0000000000000000e+00 -1
926 0.0000000000000000e+00 -1
927 1.0000000000000000e+00 -1
928 0.0000000000000000e+00 -1
929 1.0000000000000000e+00 -1
930 0.0000000000000000e+00 -1
931 1.0000000000000000e+00 -1
932 0.0000000000000000e+00 -1
933 1.0000000000000000e+00 -1
934 0.0000000000000000e+00 -1
935 1.0000000000000000e+00 -1
936 0.0000000000000000e+00 -1
937 1.0000000000000000e+00 -1
938 0.0000000000000000e+00 -1
939 1.0000000000000000e+00 -1
940 0.0000000000000000e+00 -1
941 1.0000000000000000e+00 -1
942 0.0000000000000000e+00 -1
943 1.0000000000000000e+00 -1
944 0.0000000000000000e+00 -1
945 1.0000000000000000e+00 -1
946 0.0000000000000000e+00 -1
947 1.0000000000000000e+00 -1
948 0.0000000000000000e+00 -1
949 1.0000000000000000e+00 -1
950 0.0000000000000000e+00 -1
951 1.0000000000000000e+00 -1
952 0.0000000000000000e+00 -1
953 1.0000000000000000e+00 -1
954 0.0000000000000000e+00 -1
955 1.0000000000000000e+00 -1
956 0.0000000000000000e+00 -1
957 1.0000000000000000e+00 -1
958 0.0000000000000000e+00 -1
959 1.0000000000000000e+00 -1
960 0.0000000000000000e+00 -1
961 1.0000000000000000e+00 -1
962 0.0000000000000000e+00 -1
963 1.0000000000000000e+00 -1
964 0.0000000000000000e+00 -1
965 1.0000000000000000e+00 -1
966 0.0000000000000000e+00 -1
967 1.0000000000000000e+00 -1
968 0.0000000000000000e+00 -1
969 1.0000000000000000e+00 -1
970 0.0000000000000000e+00 -1
971 1.0000000000000000e+00 -1
972 0.0000000000000000e+00 -1
973 1.0000000000000000e+00 -1
974 0.0000000000000000e+00 -1
975 1.0000000000000000e+00 -1
976 0.0000000000000000e+00 -1
977 1.0000000000000000e+00 -1
978 0.0000000000000000e+00 -1
979 1.0000000000000000e+00 -1
980 0.0000000000000000e+00 -1
981 1.0000000000000000e+00 -1
982 0.0000000000000000e+00 -1
983 1.0000000000000000e+00 -1
984 0.0000000000000000e+00 -1
985 1.0000000000000000e+00 -1
986 0.0000000000000000e+00 -1
987 1.0000000000000000e+00 -1
988 0.0000000000000000e+00 -1
989 1.0000000000000000e+00 -1
990 0.0000000000000000e+00 -1
991 1.0000000000000000e+00 -1
992 0.0000000000000000e+00 -1
993 1.0000000000000000e+00 -1
994 0.0000000000000000e+00 -1
995 1.0000000000000000e+00 -1
996 0.0000000000000000e+00 -1
997 1.0000000000000000e+00 -1
998 0.0000000000000000e+00 -1
999 1.0000000000000000e+00 -1
1000 0.0000000000000000e+00 -1
1001 1.0000000000000000e+00 -1
1002 0.0000000000000000e+00 -1
1003 1.0000000000000000e+00 -1
1004 0.0000000000000000e+00 -1
1005 1.0000000000000000e+00 -1
1006 0.0000000000000000e+00 -1
1007 1.0000000000000000e+00 -1
1008 0.0000000000000000e+00 -1
1009 1.0000000000000000e+00 -1
1010 0.0000000000000000e+00 -1
1011 1.0000000000000000e+00 -1
1012 0.0000000000000000e+00 -1
1013 1.0000000000000000e+00 -1
1014 0.0000000000000000e+00 -1
1015 1.0000000000000000e+00 -1
1016 0.0000000000000000e+00 -1
1017 1.0000000000000000e+00 -1
1018 0.0000000000000000e+00 -1
1019 1.0000000000000000e+00 -1
1020 0.0000000000000000e+00 -1
1021 1.0000000000000000e+00 -1
1022 0.0000000000000000e+00 -1
1023 1.0000000000000000e+00 -1
1024 0.0000000000000000e+00 -1
1025 1.0000000000000000e+00 -1
1026 0.0000000000000000e+00 -1
1027 1.0000000000000000e+00 -1
1028 0.0000000000000000e+00 -1
1029 1.0000000000000000e+00 -1
1030 0.0000000000000000e+00 -1
1031 1.0000000000000000e+00 -1
1032 0.0000000000000000e+00 -1
1033 1.0000000000000000e+00 -1
1034 0.0000000000000000e+00 -1
1035 1.0000000000000000e+00 -1
1036 0.0000000000000000e+00 -1
1037 1.0000000000000000e+00 -1
1038 0.0000000000000000e+00 -1
1039 1.0000000000000000e+00 -1
1040 0.0000000000000000e+00 -1
1041 1.0000000000000000e+00 -1
1042 0.0000000000000000e+00 -1
1043 1.0000000000000000e+00 -1
1044 0.0000000000000000e+00 -1
1045 1.0000000000000000e+00 -1
1046 0.0000000000000000e+00 -1
1047 1.0000000000000000e+00 -1
1048 0.0000000000000000e+00 -1
1049 1.0000000000000000e+00 -1
1050 0.0000000000000000e+00 -1
1051 1.0000000000000000e+00 -1
1052 0.0000000000000000e+00 -1
1053 1.0000000000000000e+00 -1
1054 0.0000000000000000e+00 -1
1055 1.0000000000000000e+00 -1
1056 0.0000000000000000e+00 -1
1057 1.0000000000000000e+00 -1
1058 0.0000000000000000e+00 -1
1059 1.0000000000000000e+00 -1
1060 0.0000000000000000e+00 -1
1061 1.0000000000000000e+00 -1
1062 0.0000000000000000e+00 -1
1063 1.0000000000000000e+00 -1
1064 0.0000000000000000e+00 -1
1065 1.0000000000000000e+00 -1
1066 0.0000000000000000e+00 -1
1067 1.0000000000000000e+00 -1
1068 0.0000000000000000e+00 -1
1069 1.0000000000000000e+00 -1
1070 0.0000000000000000e+00 -1
1071 1.0000000000000000e+00 -1
1072 0.0000000000000000e+00 -1
1073 1.0000000000000000e+00 -1
1074 0.0000000000000000e+00 -1
1075 1.0000000000000000e+00 -1
1076 0.0000000000000000e+00 -1
1077 1.0000000000000000e+00 -1
1078 0.0000000000000000e+00 -1
1079 1.0000000000000000e+00 -1
1080 0.0000000000000000e+00 -1
1081 1.0000000000000000e+00 -1
1082 0.0000000000000000e+00 -1
1083 1.0000000000000000e+00 -1
1084 0.0000000000000000e+00 -1
1085 1.0000000000000000e+00 -1
1086 0.0000000000000000e+00 -1
1087 1.0000000000000000e+00 -1
1088 0.0000000000000000e+00 -1
1089 1.0000000000000000e+00 -1
1090 0.0000000000000000e+00 -1
1091 1.0000000000000000e+00 -1
1092 0.0000000000000000e+00 -1
1093 1.0000000000000000e+00 -1
1094 0.0000000000000000e+00 -1
1095 1.0000000000000000e+00 -1
1096 0.0000000000000000e+00 -1
1097 1.0000000000000000e+00 -1
1098 0.0000000000000000e+00 -1
1099 1.0000000000000000e+00 -1
1100 0.0000000000000000e+00 -1
1101 1.0000000000000000e+00 -1
1102 0.0000000000000000e+00 -1
1103 1.0000000000000000e+00 -1
1104 0.0000000000000000e+00 -1
1105 1.0000000000000000e+00 -1
1106 0.0000000000000000e+00 -1
1107 1.0000000000000000e+00 -1
1108 0.0000000000000000e+00 -1
1109 1.0000000000000000e+00 -1
1110 0.0000000000000000e+00 -1
1111 1.0000000000000000e+00 -1
1112 0.0000000000000000e+00 -1
1113 1.0000000000000000e+00 -1
1114 0.0000000000000000e+00 -1
1115 1.0000000000000000e+00 -1
1116 0.0000000000000000e+00 -1
1117 1.0000000000000000e+00 -1
1118 0.0000000000000000e+00 -1
1119 1.0000000000000000e+00 -1
1120 0.0000000000000000e+00 -1
1121 1.0000000000000000e+00 -1
1122 0.0000000000000000e+00 -1
1123 1.0000000000000000e+00 -1
1124 0.0000000000000000e+00 -1
1125 1.0000000000000000e+00 -1
1126 0.0000000000000000e+00 -1
1127 1.0000000000000000e+00 -1
1128 0.0000000000000000e+00 -1
1129 1.0000000000000000e+00 -1
1130 0.0000000000000000e+00 -1
1131 1.0000000000000000e+00 -1
1132 0.0000000000000000e+00 -1
1133 1.0000000000000000e+00 -1
1134 0.0000000000000000e+00 -1
1135 1.0000000000000000e+00 -1
1136 0.0000000000000000e+00 -1
1137 1.0000000000000000e+00 -1
1138 0.0000000000000000e+00 -1
1139 1.0000000000000000e+00 -1
1140 0.0000000000000000e+00 -1
1141 1.0000000000000000e+00 -1
1142 0.0000000000000000e+00 -1
1143 1.0000000000000000e+00 -1
1144 0.0000000000000000e+00 -1
1145 1.0000000000000000e+00 -1
1146 0.0000000000000000e+00 -1
1147 1.0000000000000000e+00 -1
1148 0.0000000000000000e+00 -1
1149 1.0000000000000000e+00 -1
1150 0.0000000000000000e+00 -1
1151 1.0000000000000000e+00 -1
1152 0.0000000000000000e+00 -1
1153 1.0000000000000000e+00 -1
1154 0.0000000000000000e+00 -1
1155 1.0000000000000000e+00 -1
1156 0.0000000000000000e+00 -1
1157 1.0000000000000000e+00 -1
1158 0.0000000000000000e+00 -1
1159 1.0000000000000000e+00 -1
1160 0.0000000000000000e+00 -1
1161 1.0000000000000000e+00 -1
1162 0.0000000000000000e+00 -1
1163 1.0000000000000000e+00 -1
1164 0.0000000000000000e+00 -1
1165 1.0000000000000000e+00 -1
1166 0.0000000000000000e+00 -1
1167 1.0000000000000000e+00 -1
1168 0.0000000000000000e+00 -1
1169 1.0000000000000000e+00 -1
1170 0.0000000000000000e+00 -1
1171 1.0000000000000000e+00 -1
1172 0.0000000000000000e+00 -1
1173 1.0000000000000000e+00 -1
1174 0.0000000000000000e+00 -1
1175 1.0000000000000000e+00 -1
1176 0.0000000000000000e+00 -1
1177 1.0000000000000000e+00 -1
1178 0.0000000000000000e+00 -1
1179 1.0000000000000000e+00 -1
1180 0.0000000000000000e+00 -1
1181 1.0000000000000000e+00 -1
1182 0.0000000000000000e+00 -1
1183 1.0000000000000000e+00 -1
1184 0.0000000000000000e+00 -1
1185 1.0000000000000000e+00 -1
1186 0.0000000000000000e+00 -1
1187 1.0000000000000000e+00 -1
1188 0.0000000000000000e+00 -1
1189 1.0000000000000000e+00 -1
1190 0.0000000000000000e+00 -1
1191 1.0000000000000000e+00 -1
1192 0.0000000000000000e+00 -1
1193 1.0000000000000000e+00 -1
1194 0.0000000000000000e+00 -1
1195 1.0000000000000000e+00 -1
1196 0.0000000000000000e+00 -1
1197 1.0000000000000000e+00 -1
1198 0.0000000000000000e+00 -1
1199 1.0000000000000000e+00 -1
1200 0.0000000000000000e+00 -1
1201 1.0000000000000000e+00 -1
1202 0.0000000000000000e+00 -1
1203 1.0000000000000000e+00 -1
1204 0.0000000000000000e+00 -1
1205 1.0000000000000000e+00 -1
1206 0.0000000000000000e+00 -1
1207 1.0000000000000000e+00 -1
1208 0.0000000000000000e+00 -1
1209 1.0000000000000000e+00 -1
1210 0.0000000000000000e+00 -1
1211 1.0000000000000000e+00 -1
1212 0.0000000000000000e+00 -1
1213 1.0000000000000000e+00 -1
1214 0.0000000000000000e+00 -1
1215 1.0000000000000000e+00 -1
1216 0.0000000000000000e+00 -1
1217 1.0000000000000000e+00 -1
1218 0.0000000000000000e+00 -1
1219 1.0000000000000000e+00 -1
1220 0.0000000000000000e+00 -1
1221 1.0000000000000000e+00 -1
1222 0.0000000000000000e+00 -1
1223 1.0000000000000000e+00 -1
1224 0.0000000000000000e+00 -1
1225 1.0000000000000000e+00 -1
1226 0.0000000000000000e+00 -1
1227 1.0000000000000000e+00 -1
1228 0.0000000000000000e+00 -1
1229 1.0000000000000000e+00 -1
1230 0.0000000000000000e+00 -1
1231 1.0000000000000000e+00 -1
1232 0.0000000000000000e+00 -1
1233 1.0000000000000000e+00 -1
1234 0.0000000000000000e+00 -1
1235 1.0000000000000000e+00 -1
1236 0.0000000000000000e+00 -1
1237 1.0000000000000000e+00 -1
1238 0.0000000000000000e+00 -1
1239 1.0000000000000000e+00 -1
1240 0.0000000000000000e+00 -1
1241 1.0000000000000000e+00 -1
1242 0.0000000000000000e+00 -1
1243 1.0000000000000000e+00 -1
1244 0.0000000000000000e+00 -1
1245 1.0000000000000000e+00 -1
1246 0.0000000000000000e+00 -1
1247 1.0000000000000000e+00 -1
1248 0.0000000000000000e+00 -1
1249 1.0000000000000000e+00 -1
1250 0.0000000000000000e+00 -1
1251 1.0000000000000000e+00 -1
1252 0.0000000000000000e+00 -1
1253 1.0000000000000000e+00 -1
1254 0.0000000000000000e+00 -1
1255 1.0000000000000000e+00 -1
1256 0.0000000000000000e+00 -1
1257 1.0000000000000000e+00 -1
1258 0.0000000000000000e+00 -1
1259 1.0000000000000000e+00 -1
1260 0.0000000000000000e+00 -1
1261 1.0000000000000000e+00 -1
1262 0.0000000000000000e+00 -1
1263 1.0000000000000000e+00 -1
1264 0.0000000000000000e+00 -1
1265 1.0000000000000000e+00 -1
1266 0.0000000000000000e+00 -1
1267 1.0000000000000000e+00 -1
1268 0.0000000000000000e+00 -1
1269 1.0000000000000000e+00 -1
1270 0.0000000000000000e+00 -1
1271 1.0000000000000000e+00 -1
1272 0.0000000000000000e+00 -1
1273 1.0000000000000000e+00 -1
1274 0.0000000000000000e+00 -1
1275 1.0000000000000000e+00 -1
1276 0.0000000000000000e+00 -1
1277 1.0000000000000000e+00 -1
1278 0.0000000000000000e+00 -1
1279 1.0000000000000000e+00 -1
1280 0.0000000000000000e+00 -1
1281 1.0000000000000000e+00 -1
1282 0.0000000000000000e+00 -1
1283 1.0000000000000000e+00 -1
1284 0.0000000000000000e+00 -1
1285 1.0000000000000000e+00 -1
1286 0.0000000000000000e+00 -1
1287 1.0000000000000000e+00 -1
1288 0.0000000000000000e+00 -1
1289 1.0000000000000000e+00 -1
1290 0.0000000000000000e+00 -1
1291 1.0000000000000000e+00 -1
1292 0.0000000000000000e+00 -1
1293 1.0000000000000000e+00 -1
1294 0.0000000000000000e+00 -1
1295 1.0000000000000000e+00 -1
1296 0.0000000000000000e+00 -1
1297 1.0000000000000000e+00 -1
1298 0.0000000000000000e+00 -1
1299 1.0000000000000000e+00 -1
1300 0.0000000000000000e+00 -1
1301 1.0000000000000000e+00 -1
1302 0.0000000000000000e+00 -1
1303 1.0000000000000000e+00 -1
1304 0.0000000000000000e+00 -1
1305 1.0000000000000000e+00 -1
1306 0.0000000000000000e+00 -1
1307 1.0000000000000000e+00 -1
1308 0.0000000000000000e+00 -1
1309 1.0000000000000000e+00 -1
1310 0.0000000000000000e+00 -1
1311 1.0000000000000000e+00 -1
1312 0.0000000000000000e+00 -1
1313 1.0000000000000000e+00 -1
1314 0.0000000000000000e+00 -1
1315 1.0000000000000000e+00 -1
1316 0.0000000000000000e+00 -1
1317 1.0000000000000000e+00 -1
1318 0.0000000000000000e+00 -1
1319 1.0000000000000000e+00 -1
1320 0.0000000000000000e+00 -1
1321 1.0000000000000000e+00 -1
1322 0.0000000000000000e+00 -1
1323 1.0000000000000000e+00 -1
1324 0.0000000000000000e+00 -1
1325 1.0000000000000000e+00 -1
1326 0.0000000000000000e+00 -1
1327 1.0000000000000000e+00 -1
1328 0.0000000000000000e+00 -1
1329 1.0000000000000000e+00 -1
1330 0.0000000000000000e+00 -1
1331 1.0000000000000000e+00 -1
1332 0.0000000000000000e+00 -1
1333 1.0000000000000000e+00 -1
1334 0.0000000000000000e+00 -1
1335 1.0000000000000000e+00 -1
1336 0.0000000000000000e+00 -1
1337 1.0000000000000000e+00 -1
1338 0.0000000000000000e+00 -1
1339 1.0000000000000000e+00 -1
1340 0.0000000000000000e+00 -1
1341 1.0000000000000000e+00 -1
1342 0.0000000000000000e+00 -1
1343 1.0000000000000000e+00 -1
1344 0.0000000000000000e+00 -1
1345 1.0000000000000000e+00 -1
1346 0.0000000000000000e+00 -1
1347 1.0000000000000000e+00 -1
1348 0.0000000000000000e+00 -1
1349 1.0000000000000000e+00 -1
1350 0.0000000000000000e+00 -1
1351 1.0000000000000000e+00 -1
1352 0.0000000000000000e+00 -1
1353 1.0000000000000000e+00 -1
1354 0.0000000000000000e+00 -1
1355 1.0000000000000000e+00 -1
1356 0.0000000000000000e+00 -1
1357 1.0000000000000000e+00 -1
1358 0.0000000000000000e+00 -1
1359 1.0000000000000000e+00 -1
1360 0.0000000000000000e+00 -1
1361 1.0000000000000000e+00 -1
1362 0.0000000000000000e+00 -1
1363 1.0000000000000000e+00 -1
1364 0.0000000000000000e+00 -1
1365 1.0000000000000000e+00 -1
1366 0.0000000000000000e+00 -1
1367 1.0000000000000000e+00 -1
1368 0.0000000000000000e+00 -1
1369 1.0000000000000000e+00 -1
1370 0.0000000000000000e+00 -1
1371 1.0000000000000000e+00 -1
1372 0.0000000000000000e+00 -1
1373 1.0000000000000000e+00 -1
1374 0.0000000000000000e+00 -1
1375 1.0000000000000000e+00 -1
1376 0.0000000000000000e+00 -1
1377 1.0000000000000000e+00 -1
1378 0.0000000000000000e+00 -1
1379 1.0000000000000000e+00 -1
1380 0.0000000000000000e+00 -1
1381 1.0000000000000000e+00 -1
1382 0.0000000000000000e+00 -1
1383 1.0000000000000000e+00 -1
1384 0.0000000000000000e+00 -1
1385 1.0000000000000000e+00 -1
1386 0.0000000000000000e+00 -1
1387 1.0000000000000000e+00 -1
1388 0.0000000000000000e+00 -1
1389 1.0000000000000000e+00 -1
1390 0.0000000000000000e+00 -1
1391 1.0000000000000000e+00 -1
1392 0.0000000000000000e+00 -1
1393 1.0000000000000000e+00 -1
1394 0.0000000000000000e+00 -1
1395 1.0000000000000000e+00 -1
1396 0.0000000000000000e+00 -1
1397 1.0000000000000000e+00 -1
1398 0.0000000000000000e+00 -1
1399 1.0000000000000000e+00 -1
1400 0.0000000000000000e+00 -1
1401 1.0000000000000000e+00 -1
1402 0.0000000000000000e+00 -1
1403 1.0000000000000000e+00 -1
1404 0.0000000000000000e+00 -1
1405 1.0000000000000000e+00 -1
1406 0.0000000000000000e+00 -1
1407 1.0000000000000000e+00 -1
1408 0.0000000000000000e+00 -1
1409 1.0000000000000000e+00 -1
1410 0.0000000000000000e+00 -1
1411 1.0000000000000000e+00 -1
1412 0.0000000000000000e+00 -1
1413 1.0000000000000000e+00 -1
1414 0.0000000000000000e+00 -1
1415 1.0000000000000000e+00 -1
1416 0.0000000000000000e+00 -1
1417 1.0000000000000000e+00 -1
1418 0.0000000000000000e+00 -1
1419 1.0000000000000000e+00 -1
1420 0.0000000000000000e+00 -1
1421 1.0000000000000000e+00 -1
1422 0.0000000000000000e+00 -1
1423 1.0000000000000000e+00 -1
1424 0.0000000000000000e+00 -1
1425 1.0000000000000000e+00 -1
1426 0.0000000000000000e+00 -1
1427 1.0000000000000000e+00 -1
1428 0.0000000000000000e+00 -1
1429 1.0000000000000000e+00 -1
1430 0.0000000000000000e+00 -1
1431 1.0000000000000000e+00 -1
1432 0.0000000000000000e+00 -1
1433 1.0000000000000000e+00 -1
1434 0.0000000000000000e+00 -1
1435 1.0000000000000000e+00 -1
1436 0.0000000000000000e+00 -1
1437 1.0000000000000000e+00 -1
1438 0.0000000000000000e+00 -1
1439 1.0000000000000000e+00 -1
1440 0.0000000000000000e+00 -1
1441 1.0000000000000000e+00 -1
1442 0.0000000000000000e+00 -1
1443 1.0000000000000000e+00 -1
1444 0.0000000000000000e+00 -1
1445 1.0000000000000000e+00 -1
1446 0.0000000000000000e+00 -1
1447 1.0000000000000000e+00 -1
1448 0.0000000000000000e+00 -1
1449 1.0000000000000000e+00 -1
1450 0.0000000000000000e+00 -1
1451 1.0000000000000000e+00 -1
1452 0.0000000000000000e+00 -1
1453 1.0000000000000000e+00 -1
1454 0.0000000000000000e+00 -1
1455 1.0000000000000000e+00 -1
1456 0.0000000000000000e+00 -1
1457 1.0000000000000000e+00 -1
