1458
0 1.0000000000000000e+00 -1
1 0.0000000000000000e+00 -1
2 1.0000000000000000e+00 -1
3 0.0000000000000000e+00 -1
4 1.0000000000000000e+00 -1
5 0.0000000000000000e+00 -1
6 1.0000000000000000e+00 -1
7 0.0000000000000000e+00 -1
8 1.0000000000000000e+00 -1
9 0.0000000000000000e+00 -1
10 1.0000000000000000e+00 -1
11 0.0000000000000000e+00 -1
12 1.0000000000000000e+00 -1
13 0.0000000000000000e+00 -1
14 1.0000000000000000e+00 -1
15 0.0000000000000000e+00 -1
16 1.0000000000000000e+00 -1
17 0.0000000000000000e+00 -1
18 1.0000000000000000e+00 -1
19 0.0000000000000000e+00 -1
20 1.0000000000000000e+00 -1
21 0.0000000000000000e+00 -1
22 1.0000000000000000e+00 -1
23 0.0000000000000000e+00 -1
24 1.0000000000000000e+00 -1
25 0.0000000000000000e+00 -1
26 1.0000000000000000e+00 -1
27 0.0000000000000000e+00 -1
28 1.0000000000000000e+00 -1
29 0.0000000000000000e+00 -1
30 1.0000000000000000e+00 -1
31 0.0000000000000000e+00 -1
32 1.0000000000000000e+00 -1
33 0.0000000000000000e+00 -1
34 1.0000000000000000e+00 -1
35 0.0000000000000000e+00 -1
36 1.0000000000000000e+00 -1
37 0.0000000000000000e+00 -1
38 1.0000000000000000e+00 -1
39 0.0000000000000000e+00 -1
40 1.0000000000000000e+00 -1
41 0.0000000000000000e+00 -1
42 1.0000000000000000e+00 -1
43 0.0000000000000000e+00 -1
44 1.0000000000000000e+00 -1
45 0.0000000000000000e+00 -1
46 1.0000000000000000e+00 -1
47 0.0000000000000000e+00 -1
48 1.0000000000000000e+00 -1
49 0.0000000000000000e+00 -1
50 1.0000000000000000e+00 -1
51 0.0000000000000000e+00 -1
52 1.0000000000000000e+00 -1
53 0.0000000000000000e+00 -1
54 1.0000000000000000e+00 -1
55 0.0000000000000000e+00 -1
56 1.0000000000000000e+00 -1
57 0.0000000000000000e+00 -1
58 1.0000000000000000e+00 -1
59 0.0000000000000000e+00 -1
60 1.0000000000000000e+00 -1
61 0.0000000000000000e+00 -1
62 1.0000000000000000e+00 -1
63 0.0000000000000000e+00 -1
64 1.0000000000000000e+00 -1
65 0.0000000000000000e+00 -1
66 1.0000000000000000e+00 -1
67 0.0000000000000000e+00 -1
68 1.0000000000000000e+00 -1
69 0.0000000000000000e+00 -1
70 1.0000000000000000e+00 -1
71 0.0000000000000000e+00 -1
72 1.0000000000000000e+00 -1
73 0.0000000000000000e+00 -1
74 1.0000000000000000e+00 -1
75 0.0000000000000000e+00 -1
76 1.0000000000000000e+00 -1
77 0.0000000000000000e+00 -1
78 1.0000000000000000e+00 -1
79 0.0000000000000000e+00 -1
80 1.0000000000000000e+00 -1
81 0.0000000000000000e+00 -1
82 1.0000000000000000e+00 -1
83 0.0000000000000000e+00 -1
84 1.0000000000000000e+00 -1
85 0.0000000000000000e+00 -1
86 1.0000000000000000e+00 -1
87 0.0000000000000000e+00 -1
88 1.0000000000000000e+00 -1
89 0.0000000000000000e+00 -1
90 1.0000000000000000e+00 -1
91 0.0000000000000000e+00 -1
92 1.0000000000000000e+00 -1
93 0.0000000000000000e+00 -1
94 1.0000000000000000e+00 -1
95 0.0000000000000000e+00 -1
96 1.0000000000000000e+00 -1
97 0.0000000000000000e+00 -1
98 1.0000000000000000e+00 -1
99 0.0000000000000000e+00 -1
100 1.0000000000000000e+00 -1
101 0.0000000000000000e+00 -1
102 1.0000000000000000e+00 -1
103 0.0000000000000000e+00 -1
104 1.0000000000000000e+00 -1
105 0.0000000000000000e+00 -1
106 1.0000000000000000e+00 -1
107 0.0000000000000000e+00 -1
108 1.0000000000000000e+00 -1
109 0.0000000000000000e+00 -1
110 1.0000000000000000e+00 -1
111 0.0000000000000000e+00 -1
112 1.0000000000000000e+00 -1
113 0.0000000000000000e+00 -1
114 1.0000000000000000e+00 -1
115 0.0000000000000000e+00 -1
116 1.0000000000000000e+00 -1
117 0.0000000000000000e+00 -1
118 1.0000000000000000e+00 -1
119 0.0000000000000000e+00 -1
120 1.0000000000000000e+00 -1
121 0.0000000000000000e+00 -1
122 1.0000000000000000e+00 -1
123 0.0000000000000000e+00 -1
124 1.0000000000000000e+00 -1
125 0.0000000000000000e+00 -1
126 1.0000000000000000e+00 -1
127 0.0000000000000000e+00 -1
128 1.0000000000000000e+00 -1
129 0.0000000000000000e+00 -1
130 1.0000000000000000e+00 -1
131 0.0000000000000000e+00 -1
132 1.0000000000000000e+00 -1
133 0.0000000000000000e+00 -1
134 1.0000000000000000e+00 -1
135 0.0000000000000000e+00 -1
136 1.0000000000000000e+00 -1
137 0.0000000000000000e+00 -1
138 1.0000000000000000e+00 -1
139 0.0000000000000000e+00 -1
140 1.0000000000000000e+00 -1
141 0.0000000000000000e+00 -1
142 1.0000000000000000e+00 -1
143 0.0000000000000000e+00 -1
144 1.0000000000000000e+00 -1
145 0.0000000000000000e+00 -1
146 1.0000000000000000e+00 -1
147 0.0000000000000000e+00 -1
148 1.0000000000000000e+00 -1
149 0.0000000000000000e+00 -1
150 1.0000000000000000e+00 -1
151 0.0000000000000000e+00 -1
152 1.0000000000000000e+00 -1
153 0.0000000000000000e+00 -1
154 1.0000000000000000e+00 -1
155 0.0000000000000000e+00 -1
156 1.0000000000000000e+00 -1
157 0.0000000000000000e+00 -1
158 1.0000000000000000e+00 -1
159 0.0000000000000000e+00 -1
160 1.0000000000000000e+00 -1
161 0.0000000000000000e+00 -1
162 1.0000000000000000e+00 -1
163 0.0000000000000000e+00 -1
164 1.0000000000000000e+00 -1
165 0.0000000000000000e+00 -1
166 1.0000000000000000e+00 -1
167 0.0000000000000000e+00 -1
168 1.0000000000000000e+00 -1
169 0.0000000000000000e+00 -1
170 1.0000000000000000e+00 -1
171 0.0000000000000000e+00 -1
172 1.0000000000000000e+00 -1
173 0.0000000000000000e+00 -1
174 1.0000000000000000e+00 -1
175 0.0000000000000000e+00 -1
176 1.0000000000000000e+00 -1
177 0.0000000000000000e+00 -1
178 1.0000000000000000e+00 -1
179 0.0000000000000000e+00 -1
180 1.0000000000000000e+00 -1
181 0.0000000000000000e+00 -1
182 1.0000000000000000e+00 -1
183 0.0000000000000000e+00 -1
184 1.0000000000000000e+00 -1
185 0.0000000000000000e+00 -1
186 1.0000000000000000e+00 -1
187 0.0000000000000000e+00 -1
188 1.0000000000000000e+00 -1
189 0.0000000000000000e+00 -1
190 1.0000000000000000e+00 -1
191 0.0000000000000000e+00 -1
192 1.0000000000000000e+00 -1
193 0.0000000000000000e+00 -1
194 1.0000000000000000e+00 -1
195 0.0000000000000000e+00 -1
196 1.0000000000000000e+00 -1
197 0.0000000000000000e+00 -1
198 1.0000000000000000e+00 -1
199 0.0000000000000000e+00 -1
200 1.0000000000000000e+00 -1
201 0.0000000000000000e+00 -1
202 1.0000000000000000e+00 -1
203 0.0000000000000000e+00 -1
204 1.0000000000000000e+00 -1
205 0.0000000000000000e+00 -1
206 1.0000000000000000e+00 -1
207 0.0000000000000000e+00 -1
208 1.0000000000000000e+00 -1
209 0.0000000000000000e+00 -1
210 1.0000000000000000e+00 -1
211 0.0000000000000000e+00 -1
212 1.0000000000000000e+00 -1
213 0.0000000000000000e+00 -1
214 1.0000000000000000e+00 -1
215 0.0000000000000000e+00 -1
216 1.0000000000000000e+00 -1
217 0.0000000000000000e+00 -1
218 1.0000000000000000e+00 -1
219 0.0000000000000000e+00 -1
220 1.0000000000000000e+00 -1
221 0.0000000000000000e+00 -1
222 1.0000000000000000e+00 -1
223 0.0000000000000000e+00 -1
224 1.0000000000000000e+00 -1
225 0.0000000000000000e+00 -1
226 1.0000000000000000e+00 -1
227 0.0000000000000000e+00 -1
228 1.0000000000000000e+00 -1
229 0.0000000000000000e+00 -1
230 1.0000000000000000e+00 -1
231 0.0000000000000000e+00 -1
232 1.0000000000000000e+00 -1
233 0.0000000000000000e+00 -1
234 1.0000000000000000e+00 -1
235 0.0000000000000000e+00 -1
236 1.0000000000000000e+00 -1
237 0.0000000000000000e+00 -1
238 1.0000000000000000e+00 -1
239 0.0000000000000000e+00 -1
240 1.0000000000000000e+00 -1
241 0.0000000000000000e+00 -1
242 1.0000000000000000e+00 -1
243 0.0000000000000000e+00 -1
244 1.0000000000000000e+00 -1
245 0.0000000000000000e+00 -1
246 1.0000000000000000e+00 -1
247 0.0000000000000000e+00 -1
248 1.0000000000000000e+00 -1
249 0.0000000000000000e+00 -1
250 1.0000000000000000e+00 -1
251 0.0000000000000000e+00 -1
252 1.0000000000000000e+00 -1
253 0.0000000000000000e+00 -1
254 1.0000000000000000e+00 -1
255 0.0000000000000000e+00 -1
256 1.0000000000000000e+00 -1
257 0.0000000000000000e+00 -1
258 1.0000000000000000e+00 -1
259 0.0000000000000000e+00 -1
260 1.0000000000000000e+00 -1
261 0.0000000000000000e+00 -1
262 1.0000000000000000e+00 -1
263 0.0000000000000000e+00 -1
264 1.0000000000000000e+00 -1
265 0.0000000000000000e+00 -1
266 1.0000000000000000e+00 -1
267 0.0000000000000000e+00 -1
268 1.0000000000000000e+00 -1
269 0.0000000000000000e+00 -1
270 1.0000000000000000e+00 -1
271 0.0000000000000000e+00 -1
272 1.0000000000000000e+00 -1
273 0.0000000000000000e+00 -1
274 1.0000000000000000e+00 -1
275 0.0000000000000000e+00 -1
276 1.0000000000000000e+00 -1
277 0.0000000000000000e+00 -1
278 1.0000000000000000e+00 -1
279 0.0000000000000000e+00 -1
280 1.0000000000000000e+00 -1
281 0.0000000000000000e+00 -1
282 1.0000000000000000e+00 -1
283 0.0000000000000000e+00 -1
284 1.0000000000000000e+00 -1
285 0.0000000000000000e+00 -1
286 1.0000000000000000e+00 -1
287 0.0000000000000000e+00 -1
288 1.0000000000000000e+00 -1
289 0.0000000000000000e+00 -1
290 1.0000000000000000e+00 -1
291 0.0000000000000000e+00 -1
292 1.0000000000000000e+00 -1
293 0.0000000000000000e+00 -1
294 1.0000000000000000e+00 -1
295 0.0000000000000000e+00 -1
296 1.0000000000000000e+00 -1
297 0.0000000000000000e+00 -1
298 1.0000000000000000e+00 -1
299 0.0000000000000000e+00 -1
300 1.0000000000000000e+00 -1
301 0.0000000000000000e+00 -1
302 1.0000000000000000e+00 -1
303 0.0000000000000000e+00 -1
304 1.0000000000000000e+00 -1
305 0.0000000000000000e+00 -1
306 1.0000000000000000e+00 -1
307 0.0000000000000000e+00 -1
308 1.0000000000000000e+00 -1
309 0.0000000000000000e+00 -1
310 1.0000000000000000e+00 -1
311 0.0000000000000000e+00 -1
312 1.0000000000000000e+00 -1
313 0.0000000000000000e+00 -1
314 1.0000000000000000e+00 -1
315 0.0000000000000000e+00 -1
316 1.0000000000000000e+00 -1
317 0.0000000000000000e+00 -1
318 1.0000000000000000e+00 -1
319 0.0000000000000000e+00 -1
320 1.0000000000000000e+00 -1
321 0.0000000000000000e+00 -1
322 1.0000000000000000e+00 -1
323 0.0000000000000000e+00 -1
324 1.0000000000000000e+00 -1
325 0.0000000000000000e+00 -1
326 1.0000000000000000e+00 -1
327 0.0000000000000000e+00 -1
328 1.0000000000000000e+00 -1
329 0.0000000000000000e+00 -1
330 1.0000000000000000e+00 -1
331 0.0000000000000000e+00 -1
332 1.0000000000000000e+00 -1
333 0.0000000000000000e+00 -1
334 1.0000000000000000e+00 -1
335 0.0000000000000000e+00 -1
336 1.0000000000000000e+00 -1
337 0.0000000000000000e+00 -1
338 1.0000000000000000e+00 -1
339 0.0000000000000000e+00 -1
340 1.0000000000000000e+00 -1
341 0.0000000000000000e+00 -1
342 1.0000000000000000e+00 -1
343 0.0000000000000000e+00 -1
344 1.0000000000000000e+00 -1
345 0.0000000000000000e+00 -1
346 1.0000000000000000e+00 -1
347 0.0000000000000000e+00 -1
348 1.0000000000000000e+00 -1
349 0.0000000000000000e+00 -1
350 1.0000000000000000e+00 -1
351 0.0000000000000000e+00 -1
352 1.0000000000000000e+00 -1
353 0.0000000000000000e+00 -1
354 1.0000000000000000e+00 -1
355 0.0000000000000000e+00 -1
356 1.0000000000000000e+00 -1
357 0.0000000000000000e+00 -1
358 1.0000000000000000e+00 -1
359 0.0000000000000000e+00 -1
360 1.0000000000000000e+00 -1
361 0.0000000000000000e+00 -1
362 1.0000000000000000e+00 -1
363 0.0000000000000000e+00 -1
364 1.0000000000000000e+00 -1
365 0.0000000000000000e+00 -1
366 1.0000000000000000e+00 -1
367 0.0000000000000000e+00 -1
368 1.0000000000000000e+00 -1
369 0.0000000000000000e+00 -1
370 1.0000000000000000e+00 -1
371 0.0000000000000000e+00 -1
372 1.0000000000000000e+00 -1
373 0.0000000000000000e+00 -1
374 1.0000000000000000e+00 -1
375 0.0000000000000000e+00 -1
376 1.0000000000000000e+00 -1
377 0.0000000000000000e+00 -1
378 1.0000000000000000e+00 -1
379 0.0000000000000000e+00 -1
380 1.0000000000000000e+00 -1
381 0.0000000000000000e+00 -1
382 1.0000000000000000e+00 -1
383 0.0000000000000000e+00 -1
384 1.0000000000000000e+00 -1
385 0.0000000000000000e+00 -1
386 1.0000000000000000e+00 -1
387 0.0000000000000000e+00 -1
388 1.0000000000000000e+00 -1
389 0.0000000000000000e+00 -1
390 1.0000000000000000e+00 -1
391 0.0000000000000000e+00 -1
392 1.0000000000000000e+00 -1
393 0.0000000000000000e+00 -1
394 1.0000000000000000e+00 -1
395 0.0000000000000000e+00 -1
396 1.0000000000000000e+00 -1
397 0.0000000000000000e+00 -1
398 1.0000000000000000e+00 -1
399 0.0000000000000000e+00 -1
400 1.0000000000000000e+00 -1
401 0.0000000000000000e+00 -1
402 1.0000000000000000e+00 -1
403 0.0000000000000000e+00 -1
404 1.0000000000000000e+00 -1
405 0.0000000000000000e+00 -1
406 1.0000000000000000e+00 -1
407 0.0000000000000000e+00 -1
408 1.0000000000000000e+00 -1
409 0.0000000000000000e+00 -1
410 1.0000000000000000e+00 -1
411 0.0000000000000000e+00 -1
412 1.0000000000000000e+00 -1
413 0.0000000000000000e+00 -1
414 1.0000000000000000e+00 -1
415 0.0000000000000000e+00 -1
416 1.0000000000000000e+00 -1
417 0.0000000000000000e+00 -1
418 1.0000000000000000e+00 -1
419 0.0000000000000000e+00 -1
420 1.0000000000000000e+00 -1
421 0.0000000000000000e+00 -1
422 1.0000000000000000e+00 -1
423 0.0000000000000000e+00 -1
424 1.0000000000000000e+00 -1
425 0.0000000000000000e+00 -1
426 1.0000000000000000e+00 -1
427 0.0000000000000000e+00 -1
428 1.0000000000000000e+00 -1
429 0.0000000000000000e+00 -1
430 1.0000000000000000e+00 -1
431 0.0000000000000000e+00 -1
432 1.0000000000000000e+00 -1
433 0.0000000000000000e+00 -1
434 1.0000000000000000e+00 -1
435 0.0000000000000000e+00 -1
436 1.0000000000000000e+00 -1
437 0.0000000000000000e+00 -1
438 1.0000000000000000e+00 -1
439 0.0000000000000000e+00 -1
440 1.0000000000000000e+00 -1
441 0.0000000000000000e+00 -1
442 1.0000000000000000e+00 -1
443 0.0000000000000000e+00 -1
444 1.0000000000000000e+00 -1
445 0.0000000000000000e+00 -1
446 1.0000000000000000e+00 -1
447 0.0000000000000000e+00 -1
448 1.0000000000000000e+00 -1
449 0.0000000000000000e+00 -1
450 1.0000000000000000e+00 -1
451 0.0000000000000000e+00 -1
452 1.0000000000000000e+00 -1
453 0.0000000000000000e+00 -1
454 1.0000000000000000e+00 -1
455 0.0000000000000000e+00 -1
456 1.0000000000000000e+00 -1
457 0.0000000000000000e+00 -1
458 1.0000000000000000e+00 -1
459 0.0000000000000000e+00 -1
460 1.0000000000000000e+00 -1
461 0.0000000000000000e+00 -1
462 1.0000000000000000e+00 -1
463 0.0000000000000000e+00 -1
464 1.0000000000000000e+00 -1
465 0.0000000000000000e+00 -1
466 1.0000000000000000e+00 -1
467 0.0000000000000000e+00 -1
468 1.0000000000000000e+00 -1
469 0.0000000000000000e+00 -1
470 1.0000000000000000e+00 -1
471 0.0000000000000000e+00 -1
472 1.0000000000000000e+00 -1
473 0.0000000000000000e+00 -1
474 1.0000000000000000e+00 -1
475 0.0000000000000000e+00 -1
476 1.0000000000000000e+00 -1
477 0.0000000000000000e+00 -1
478 1.0000000000000000e+00 -1
479 0.0000000000000000e+00 -1
480 1.0000000000000000e+00 -1
481 0.0000000000000000e+00 -1
482 1.0000000000000000e+00 -1
483 0.0000000000000000e+00 -1
484 1.0000000000000000e+00 -1
485 0.0000000000000000e+00 -1
486 1.0000000000000000e+00 -1
487 0.0000000000000000e+00 -1
488 1.0000000000000000e+00 -1
489 0.0000000000000000e+00 -1
490 1.0000000000000000e+00 -1
491 0.0000000000000000e+00 -1
492 1.0000000000000000e+00 -1
493 0.0000000000000000e+00 -1
494 1.0000000000000000e+00 -1
495 0.0000000000000000e+00 -1
496 1.0000000000000000e+00 -1
497 0.0000000000000000e+00 -1
498 1.0000000000000000e+00 -1
499 0.0000000000000000e+00 -1
500 1.0000000000000000e+00 -1
501 0.0000000000000000e+00 -1
502 1.0000000000000000e+00 -1
503 0.0000000000000000e+00 -1
504 1.0000000000000000e+00 -1
505 0.0000000000000000e+00 -1
506 1.0000000000000000e+00 -1
507 0.0000000000000000e+00 -1
508 1.0000000000000000e+00 -1
509 0.0000000000000000e+00 -1
510 1.0000000000000000e+00 -1
511 0.0000000000000000e+00 -1
512 1.0000000000000000e+00 -1
513 0.0000000000000000e+00 -1
514 1.0000000000000000e+00 -1
515 0.0000000000000000e+00 -1
516 1.0000000000000000e+00 -1
517 0.0000000000000000e+00 -1
518 1.0000000000000000e+00 -1
519 0.0000000000000000e+00 -1
520 1.0000000000000000e+00 -1
521 0.0000000000000000e+00 -1
522 1.0000000000000000e+00 -1
523 0.0000000000000000e+00 -1
524 1.0000000000000000e+00 -1
525 0.0000000000000000e+00 -1
526 1.0000000000000000e+00 -1
527 0.0000000000000000e+00 -1
528 1.0000000000000000e+00 -1
529 0.0000000000000000e+00 -1
530 1.0000000000000000e+00 -1
531 0.0000000000000000e+00 -1
532 1.0000000000000000e+00 -1
533 0.0000000000000000e+00 -1
534 1.0000000000000000e+00 -1
535 0.0000000000000000e+00 -1
536 1.0000000000000000e+00 -1
537 0.0000000000000000e+00 -1
538 1.0000000000000000e+00 -1
539 0.0000000000000000e+00 -1
540 1.0000000000000000e+00 -1
541 0.0000000000000000e+00 -1
542 1.0000000000000000e+00 -1
543 0.0000000000000000e+00 -1
544 1.0000000000000000e+00 -1
545 0.0000000000000000e+00 -1
546 1.0000000000000000e+00 -1
547 0.0000000000000000e+00 -1
548 1.0000000000000000e+00 -1
549 0.0000000000000000e+00 -1
550 1.0000000000000000e+00 -1
551 0.0000000000000000e+00 -1
552 1.0000000000000000e+00 -1
553 0.0000000000000000e+00 -1
554 1.0000000000000000e+00 -1
555 0.0000000000000000e+00 -1
556 1.0000000000000000e+00 -1
557 0.0000000000000000e+00 -1
558 1.0000000000000000e+00 -1
559 0.0000000000000000e+00 -1
560 1.0000000000000000e+00 -1
561 0.0000000000000000e+00 -1
562 1.0000000000000000e+00 -1
563 0.0000000000000000e+00 -1
564 1.0000000000000000e+00 -1
565 0.0000000000000000e+00 -1
566 1.0000000000000000e+00 -1
567 0.0000000000000000e+00 -1
568 1.0000000000000000e+00 -1
569 0.0000000000000000e+00 -1
570 1.0000000000000000e+00 -1
571 0.0000000000000000e+00 -1
572 1.0000000000000000e+00 -1
573 0.0000000000000000e+00 -1
574 1.0000000000000000e+00 -1
575 0.0000000000000000e+00 -1
576 1.0000000000000000e+00 -1
577 0.0000000000000000e+00 -1
578 1.0000000000000000e+00 -1
579 0.0000000000000000e+00 -1
580 1.0000000000000000e+00 -1
581 0.0000000000000000e+00 -1
582 1.0000000000000000e+00 -1
583 0.0000000000000000e+00 -1
584 1.0000000000000000e+00 -1
585 0.0000000000000000e+00 -1
586 1.0000000000000000e+00 -1
587 0.0000000000000000e+00 -1
588 1.0000000000000000e+00 -1
589 0.0000000000000000e+00 -1
590 1.0000000000000000e+00 -1
591 0.0000000000000000e+00 -1
592 1.0000000000000000e+00 -1
593 0.0000000000000000e+00 -1
594 1.0000000000000000e+00 -1
595 0.0000000000000000e+00 -1
596 1.0000000000000000e+00 -1
597 0.0000000000000000e+00 -1
598 1.0000000000000000e+00 -1
599 0.0000000000000000e+00 -1
600 1.0000000000000000e+00 -1
601 0.0000000000000000e+00 -1
602 1.0000000000000000e+00 -1
603 0.0000000000000000e+00 -1
604 1.0000000000000000e+00 -1
605 0.0000000000000000e+00 -1
606 1.0000000000000000e+00 -1
607 0.0000000000000000e+00 -1
608 1.0000000000000000e+00 -1
609 0.0000000000000000e+00 -1
610 1.0000000000000000e+00 -1
611 0.0000000000000000e+00 -1
612 1.0000000000000000e+00 -1
613 0.0000000000000000e+00 -1
614 1.0000000000000000e+00 -1
615 0.0000000000000000e+00 -1
616 1.0000000000000000e+00 -1
617 0.0000000000000000e+00 -1
618 1.0000000000000000e+00 -1
619 0.0000000000000000e+00 -1
620 1.0000000000000000e+00 -1
621 0.0000000000000000e+00 -1
622 1.0000000000000000e+00 -1
623 0.0000000000000000e+00 -1
624 1.0000000000000000e+00 -1
625 0.0000000000000000e+00 -1
626 1.0000000000000000e+00 -1
627 0.0000000000000000e+00 -1
628 1.0000000000000000e+00 -1
629 0.0000000000000000e+00 -1
630 1.0000000000000000e+00 -1
631 0.0000000000000000e+00 -1
632 1.0000000000000000e+00 -1
633 0.0000000000000000e+00 -1
634 1.0000000000000000e+00 -1
635 0.0000000000000000e+00 -1
636 1.0000000000000000e+00 -1
637 0.0000000000000000e+00 -1
638 1.0000000000000000e+00 -1
639 0.0000000000000000e+00 -1
640 1.0000000000000000e+00 -1
641 0.0000000000000000e+00 -1
642 1.0000000000000000e+00 -1
643 0.0000000000000000e+00 -1
644 1.0000000000000000e+00 -1
645 0.0000000000000000e+00 -1
646 1.0000000000000000e+00 -1
647 0.0000000000000000e+00 -1
648 1.0000000000000000e+00 -1
649 0.0000000000000000e+00 -1
650 1.0000000000000000e+00 -1
651 0.0000000000000000e+00 -1
652 1.0000000000000000e+00 -1
653 0.0000000000000000e+00 -1
654 1.0000000000000000e+00 -1
655 0.0000000000000000e+00 -1
656 1.0000000000000000e+00 -1
657 0.0000000000000000e+00 -1
658 1.0000000000000000e+00 -1
659 0.0000000000000000e+00 -1
660 1.0000000000000000e+00 -1
661 0.0000000000000000e+00 -1
662 1.0000000000000000e+00 -1
663 0.0000000000000000e+00 -1
664 1.0000000000000000e+00 -1
665 0.0000000000000000e+00 -1
666 1.0000000000000000e+00 -1
667 0.0000000000000000e+00 -1
668 1.0000000000000000e+00 -1
669 0.0000000000000000e+00 -1
670 1.0000000000000000e+00 -1
671 0.0000000000000000e+00 -1
672 1.0000000000000000e+00 -1
673 0.0000000000000000e+00 -1
674 1.0000000000000000e+00 -1
675 0.0000000000000000e+00 -1
676 1.0000000000000000e+00 -1
677 0.0000000000000000e+00 -1
678 1.0000000000000000e+00 -1
679 0.0000000000000000e+00 -1
680 1.0000000000000000e+00 -1
681 0.0000000000000000e+00 -1
682 1.0000000000000000e+00 -1
683 0.0000000000000000e+00 -1
684 1.0000000000000000e+00 -1
685 0.0000000000000000e+00 -1
686 1.0000000000000000e+00 -1
687 0.0000000000000000e+00 -1
688 1.0000000000000000e+00 -1
689 0.0000000000000000e+00 -1
690 1.0000000000000000e+00 -1
691 0.0000000000000000e+00 -1
692 1.0000000000000000e+00 -1
693 0.0000000000000000e+00 -1
694 1.0000000000000000e+00 -1
695 0.0000000000000000e+00 -1
696 1.0000000000000000e+00 -1
697 0.0000000000000000e+00 -1
698 1.0000000000000000e+00 -1
699 0.0000000000000000e+00 -1
700 1.0000000000000000e+00 -1
701 0.0000000000000000e+00 -1
702 1.0000000000000000e+00 -1
703 0.0000000000000000e+00 -1
704 1.0000000000000000e+00 -1
705 0.0000000000000000e+00 -1
706 1.0000000000000000e+00 -1
707 0.0000000000000000e+00 -1
708 1.0000000000000000e+00 -1
709 0.0000000000000000e+00 -1
710 1.0000000000000000e+00 -1
711 0.0000000000000000e+00 -1
712 1.0000000000000000e+00 -1
713 0.0000000000000000e+00 -1
714 1.0000000000000000e+00 -1
715 0.0000000000000000e+00 -1
716 1.0000000000000000e+00 -1
717 0.0000000000000000e+00 -1
718 1.0000000000000000e+00 -1
719 0.0000000000000000e+00 -1
720 1.0000000000000000e+00 -1
721 0.0000000000000000e+00 -1
722 1.0000000000000000e+00 -1
723 0.0000000000000000e+00 -1
724 1.0000000000000000e+00 -1
725 0.0000000000000000e+00 -1
726 1.0000000000000000e+00 -1
727 0.0000000000000000e+00 -1
728 1.0000000000000000e+00 -1
729 0.0000000000000000e+00 -1
730 1.0000000000000000e+00 -1
731 0.0000000000000000e+00 -1
732 1.0000000000000000e+00 -1
733 0.0000000000000000e+00 -1
734 1.0000000000000000e+00 -1
735 0.0000000000000000e+00 -1
736 1.0000000000000000e+00 -1
737 0.0000000000000000e+00 -1
738 1.0000000000000000e+00 -1
739 0.0000000000000000e+00 -1
740 1.0000000000000000e+00 -1
741 0.0000000000000000e+00 -1
742 1.0000000000000000e+00 -1
743 0.0000000000000000e+00 -1
744 1.0000000000000000e+00 -1
745 0.0000000000000000e+00 -1
746 1.0000000000000000e+00 -1
747 0.0000000000000000e+00 -1
748 1.0000000000000000e+00 -1
749 0.0000000000000000e+00 -1
750 1.0000000000000000e+00 -1
751 0.0000000000000000e+00 -1
752 1.0000000000000000e+00 -1
753 0.0000000000000000e+00 -1
754 1.0000000000000000e+00 -1
755 0.0000000000000000e+00 -1
756 1.0000000000000000e+00 -1
757 0.0000000000000000e+00 -1
758 1.0000000000000000e+00 -1
759 0.0000000000000000e+00 -1
760 1.0000000000000000e+00 -1
761 0.0000000000000000e+00 -1
762 1.0000000000000000e+00 -1
763 0.0000000000000000e+00 -1
764 1.0000000000000000e+00 -1
765 0.0000000000000000e+00 -1
766 1.0000000000000000e+00 -1
767 0.0000000000000000e+00 -1
768 1.0000000000000000e+00 -1
769 0.0000000000000000e+00 -1
770 1.0000000000000000e+00 -1
771 0.0000000000000000e+00 -1
772 1.0000000000000000e+00 -1
773 0.0000000000000000e+00 -1
774 1.0000000000000000e+00 -1
775 0.0000000000000000e+00 -1
776 1.0000000000000000e+00 -1
777 0.0000000000000000e+00 -1
778 1.0000000000000000e+00 -1
779 0.0000000000000000e+00 -1
780 1.0000000000000000e+00 -1
781 0.0000000000000000e+00 -1
782 1.0000000000000000e+00 -1
783 0.0000000000000000e+00 -1
784 1.0000000000000000e+00 -1
785 0.0000000000000000e+00 -1
786 1.0000000000000000e+00 -1
787 0.0000000000000000e+00 -1
788 1.0000000000000000e+00 -1
789 0.0000000000000000e+00 -1
790 1.0000000000000000e+00 -1
791 0.0000000000000000e+00 -1
792 1.0000000000000000e+00 -1
793 0.0000000000000000e+00 -1
794 1.0000000000000000e+00 -1
795 0.0000000000000000e+00 -1
796 1.0000000000000000e+00 -1
797 0.0000000000000000e+00 -1
798 1.0000000000000000e+00 -1
799 0.0000000000000000e+00 -1
800 1.0000000000000000e+00 -1
801 0.0000000000000000e+00 -1
802 1.0000000000000000e+00 -1
803 0.0000000000000000e+00 -1
804 1.0000000000000000e+00 -1
805 0.0000000000000000e+00 -1
806 1.0000000000000000e+00 -1
807 0.0000000000000000e+00 -1
808 1.0000000000000000e+00 -1
809 0.0000000000000000e+00 -1
810 1.0000000000000000e+00 -1
811 0.0000000000000000e+00 -1
812 1.0000000000000000e+00 -1
813 0.0000000000000000e+00 -1
814 1.0000000000000000e+00 -1
815 0.0000000000000000e+00 -1
816 1.0000000000000000e+00 -1
817 0.0000000000000000e+00 -1
818 1.0000000000000000e+00 -1
819 0.0000000000000000e+00 -1
820 1.0000000000000000e+00 -1
821 0.0000000000000000e+00 -1
822 1.0000000000000000e+00 -1
823 0.0000000000000000e+00 -1
824 1.0000000000000000e+00 -1
825 0.0000000000000000e+00 -1
826 1.0000000000000000e+00 -1
827 0.0000000000000000e+00 -1
828 1.0000000000000000e+00 -1
829 0.0000000000000000e+00 -1
830 1.0000000000000000e+00 -1
831 0.0000000000000000e+00 -1
832 1.0000000000000000e+00 -1
833 0.0000000000000000e+00 -1
834 1.0000000000000000e+00 -1
835 0.0000000000000000e+00 -1
836 1.0000000000000000e+00 -1
837 0.0000000000000000e+00 -1
838 1.0000000000000000e+00 -1
839 0.0000000000000000e+00 -1
840 1.0000000000000000e+00 -1
841 0.0000000000000000e+00 -1
842 1.0000000000000000e+00 -1
843 0.0000000000000000e+00 -1
844 1.0000000000000000e+00 -1
845 0.0000000000000000e+00 -1
846 1.0000000000000000e+00 -1
847 0.0000000000000000e+00 -1
848 1.0000000000000000e+00 -1
849 0.0000000000000000e+00 -1
850 1.0000000000000000e+00 -1
851 0.0000000000000000e+00 -1
852 1.0000000000000000e+00 -1
853 0.0000000000000000e+00 -1
854 1.0000000000000000e+00 -1
855 0.0000000000000000e+00 -1
856 1.0000000000000000e+00 -1
857 0.0000000000000000e+00 -1
858 1.0000000000000000e+00 -1
859 0.0000000000000000e+00 -1
860 1.0000000000000000e+00 -1
861 0.0000000000000000e+00 -1
862 1.0000000000000000e+00 -1
863 0.0000000000000000e+00 -1
864 1.0000000000000000e+00 -1
865 0.0000000000000000e+00 -1
866 1.0000000000000000e+00 -1
867 0.0000000000000000e+00 -1
868 1.0000000000000000e+00 -1
869 0.0000000000000000e+00 -1
870 1.0000000000000000e+00 -1
871 0.0000000000000000e+00 -1
872 1.0000000000000000e+00 -1
873 0.0000000000000000e+00 -1
874 1.0000000000000000e+00 -1
875 0.0000000000000000e+00 -1
876 1.0000000000000000e+00 -1
877 0.0000000000000000e+00 -1
878 1.0000000000000000e+00 -1
879 0.0000000000000000e+00 -1
880 1.0000000000000000e+00 -1
881 0.0000000000000000e+00 -1
882 1.0000000000000000e+00 -1
883 0.0000000000000000e+00 -1
884 1.0000000000000000e+00 -1
885 0.0000000000000000e+00 -1
886 1.0000000000000000e+00 -1
887 0.0000000000000000e+00 -1
888 1.0000000000000000e+00 -1
889 0.0000000000000000e+00 -1
890 1.0000000000000000e+00 -1
891 0.0000000000000000e+00 -1
892 1.0000000000000000e+00 -1
893 0.0000000000000000e+00 -1
894 1.0000000000000000e+00 -1
895 0.0000000000000000e+00 -1
896 1.0000000000000000e+00 -1
897 0.0000000000000000e+00 -1
898 1.0000000000000000e+00 -1
899 0.0000000000000000e+00 -1
900 1.0000000000000000e+00 -1
901 0.0000000000000000e+00 -1
902 1.0000000000000000e+00 -1
903 0.0000000000000000e+00 -1
904 1.0000000000000000e+00 -1
905 0.0000000000000000e+00 -1
906 1.0000000000000000e+00 -1
907 0.0000000000000000e+00 -1
908 1.0000000000000000e+00 -1
909 0.0000000000000000e+00 -1
910 1.0000000000000000e+00 -1
911 0.0000000000000000e+00 -1
912 1.0000000000000000e+00 -1
913 0.0000000000000000e+00 -1
914 1.0000000000000000e+00 -1
915 0.0000000000000000e+00 -1
916 1.0000000000000000e+00 -1
917 0.0000000000000000e+00 -1
918 1.0000000000000000e+00 -1
919 0.0000000000000000e+00 -1
920 1.0000000000000000e+00 -1
921 0.0000000000000000e+00 -1
922 1.0000000000000000e+00 -1
923 0.0000000000000000e+00 -1
924 1.0000000000000000e+00 -1
925 0.0000000000000000e+00 -1
926 1.0000000000000000e+00 -1
927 0.0000000000000000e+00 -1
928 1.0000000000000000e+00 -1
929 0.0000000000000000e+00 -1
930 1.0000000000000000e+00 -1
931 0.0000000000000000e+00 -1
932 1.0000000000000000e+00 -1
933 0.0000000000000000e+00 -1
934 1.0000000000000000e+00 -1
935 0.0000000000000000e+00 -1
936 1.0000000000000000e+00 -1
937 0.0000000000000000e+00 -1
938 1.0000000000000000e+00 -1
939 0.0000000000000000e+00 -1
940 1.0000000000000000e+00 -1
941 0.0000000000000000e+00 -1
942 1.0000000000000000e+00 -1
943 0.0000000000000000e+00 -1
944 1.0000000000000000e+00 -1
945 0.0000000000000000e+00 -1
946 1.0000000000000000e+00 -1
947 0.0000000000000000e+00 -1
948 1.0000000000000000e+00 -1
949 0.0000000000000000e+00 -1
950 1.0000000000000000e+00 -1
951 0.0000000000000000e+00 -1
952 1.0000000000000000e+00 -1
953 0.0000000000000000e+00 -1
954 1.0000000000000000e+00 -1
955 0.0000000000000000e+00 -1
956 1.0000000000000000e+00 -1
957 0.0000000000000000e+00 -1
958 1.0000000000000000e+00 -1
959 0.0000000000000000e+00 -1
960 1.0000000000000000e+00 -1
961 0.0000000000000000e+00 -1
962 1.0000000000000000e+00 -1
963 0.0000000000000000e+00 -1
964 1.0000000000000000e+00 -1
965 0.0000000000000000e+00 -1
966 1.0000000000000000e+00 -1
967 0.0000000000000000e+00 -1
968 1.0000000000000000e+00 -1
969 0.0000000000000000e+00 -1
970 1.0000000000000000e+00 -1
971 0.0000000000000000e+00 -1
972 1.0000000000000000e+00 -1
973 0.0000000000000000e+00 -1
974 1.0000000000000000e+00 -1
975 0.0000000000000000e+00 -1
976 1.0000000000000000e+00 -1
977 0.0000000000000000e+00 -1
978 1.0000000000000000e+00 -1
979 0.0000000000000000e+00 -1
980 1.0000000000000000e+00 -1
981 0.0000000000000000e+00 -1
982 1.0000000000000000e+00 -1
983 0.0000000000000000e+00 -1
984 1.0000000000000000e+00 -1
985 0.0000000000000000e+00 -1
986 1.0000000000000000e+00 -1
987 0.0000000000000000e+00 -1
988 1.0000000000000000e+00 -1
989 0.0000000000000000e+00 -1
990 1.0000000000000000e+00 -1
991 0.0000000000000000e+00 -1
992 1.0000000000000000e+00 -1
993 0.0000000000000000e+00 -1
994 1.0000000000000000e+00 -1
995 0.0000000000000000e+00 -1
996 1.0000000000000000e+00 -1
997 0.0000000000000000e+00 -1
998 1.0000000000000000e+00 -1
999 0.0000000000000000e+00 -1
1000 1.0000000000000000e+00 -1
1001 0.0000000000000000e+00 -1
1002 1.0000000000000000e+00 -1
1003 0.0000000000000000e+00 -1
1004 1.0000000000000000e+00 -1
1005 0.0000000000000000e+00 -1
1006 1.0000000000000000e+00 -1
1007 0.0000000000000000e+00 -1
1008 1.0000000000000000e+00 -1
1009 0.0000000000000000e+00 -1
1010 1.0000000000000000e+00 -1
1011 0.0000000000000000e+00 -1
1012 1.0000000000000000e+00 -1
1013 0.0000000000000000e+00 -1
1014 1.0000000000000000e+00 -1
1015 0.0000000000000000e+00 -1
1016 1.0000000000000000e+00 -1
1017 0.0000000000000000e+00 -1
1018 1.0000000000000000e+00 -1
1019 0.0000000000000000e+00 -1
1020 1.0000000000000000e+00 -1
1021 0.0000000000000000e+00 -1
1022 1.0000000000000000e+00 -1
1023 0.0000000000000000e+00 -1
1024 1.0000000000000000e+00 -1
1025 0.0000000000000000e+00 -1
1026 1.0000000000000000e+00 -1
1027 0.0000000000000000e+00 -1
1028 1.0000000000000000e+00 -1
1029 0.0000000000000000e+00 -1
1030 1.0000000000000000e+00 -1
1031 0.0000000000000000e+00 -1
1032 1.0000000000000000e+00 -1
1033 0.0000000000000000e+00 -1
1034 1.0000000000000000e+00 -1
1035 0.0000000000000000e+00 -1
1036 1.0000000000000000e+00 -1
1037 0.0000000000000000e+00 -1
1038 1.0000000000000000e+00 -1
1039 0.0000000000000000e+00 -1
1040 1.0000000000000000e+00 -1
1041 0.0000000000000000e+00 -1
1042 1.0000000000000000e+00 -1
1043 0.0000000000000000e+00 -1
1044 1.0000000000000000e+00 -1
1045 0.0000000000000000e+00 -1
1046 1.0000000000000000e+00 -1
1047 0.0000000000000000e+00 -1
1048 1.0000000000000000e+00 -1
1049 0.0000000000000000e+00 -1
1050 1.0000000000000000e+00 -1
1051 0.0000000000000000e+00 -1
1052 1.0000000000000000e+00 -1
1053 0.0000000000000000e+00 -1
1054 1.0000000000000000e+00 -1
1055 0.0000000000000000e+00 -1
1056 1.0000000000000000e+00 -1
1057 0.0000000000000000e+00 -1
1058 1.0000000000000000e+00 -1
1059 0.0000000000000000e+00 -1
1060 1.0000000000000000e+00 -1
1061 0.0000000000000000e+00 -1
1062 1.0000000000000000e+00 -1
1063 0.0000000000000000e+00 -1
1064 1.0000000000000000e+00 -1
1065 0.0000000000000000e+00 -1
1066 1.0000000000000000e+00 -1
1067 0.0000000000000000e+00 -1
1068 1.0000000000000000e+00 -1
1069 0.0000000000000000e+00 -1
1070 1.0000000000000000e+00 -1
1071 0.0000000000000000e+00 -1
1072 1.0000000000000000e+00 -1
1073 0.0000000000000000e+00 -1
1074 1.0000000000000000e+00 -1
1075 0.0000000000000000e+00 -1
1076 1.0000000000000000e+00 -1
1077 0.0000000000000000e+00 -1
1078 1.0000000000000000e+00 -1
1079 0.0000000000000000e+00 -1
1080 1.0000000000000000e+00 -1
1081 0.0000000000000000e+00 -1
1082 1.0000000000000000e+00 -1
1083 0.0000000000000000e+00 -1
1084 1.0000000000000000e+00 -1
1085 0.0000000000000000e+00 -1
1086 1.0000000000000000e+00 -1
1087 0.0000000000000000e+00 -1
1088 1.0000000000000000e+00 -1
1089 0.0000000000000000e+00 -1
1090 1.0000000000000000e+00 -1
1091 0.0000000000000000e+00 -1
1092 1.0000000000000000e+00 -1
1093 0.0000000000000000e+00 -1
1094 1.0000000000000000e+00 -1
1095 0.0000000000000000e+00 -1
1096 1.0000000000000000e+00 -1
1097 0.0000000000000000e+00 -1
1098 1.0000000000000000e+00 -1
1099 0.0000000000000000e+00 -1
1100 1.0000000000000000e+00 -1
1101 0.0000000000000000e+00 -1
1102 1.0000000000000000e+00 -1
1103 0.0000000000000000e+00 -1
1104 1.0000000000000000e+00 -1
1105 0.0000000000000000e+00 -1
1106 1.0000000000000000e+00 -1
1107 0.0000000000000000e+00 -1
1108 1.0000000000000000e+00 -1
1109 0.0000000000000000e+00 -1
1110 1.0000000000000000e+00 -1
1111 0.0000000000000000e+00 -1
1112 1.0000000000000000e+00 -1
1113 0.0000000000000000e+00 -1
1114 1.0000000000000000e+00 -1
1115 0.0000000000000000e+00 -1
1116 1.0000000000000000e+00 -1
1117 0.0000000000000000e+00 -1
1118 1.0000000000000000e+00 -1
1119 0.0000000000000000e+00 -1
1120 1.0000000000000000e+00 -1
1121 0.0000000000000000e+00 -1
1122 1.0000000000000000e+00 -1
1123 0.0000000000000000e+00 -1
1124 1.0000000000000000e+00 -1
1125 0.0000000000000000e+00 -1
1126 1.0000000000000000e+00 -1
1127 0.0000000000000000e+00 -1
1128 1.0000000000000000e+00 -1
1129 0.0000000000000000e+00 -1
1130 1.0000000000000000e+00 -1
1131 0.0000000000000000e+00 -1
1132 1.0000000000000000e+00 -1
1133 0.0000000000000000e+00 -1
1134 1.0000000000000000e+00 -1
1135 0.0000000000000000e+00 -1
1136 1.0000000000000000e+00 -1
1137 0.0000000000000000e+00 -1
1138 1.0000000000000000e+00 -1
1139 0.0000000000000000e+00 -1
1140 1.0000000000000000e+00 -1
1141 0.0000000000000000e+00 -1
1142 1.0000000000000000e+00 -1
1143 0.0000000000000000e+00 -1
1144 1.0000000000000000e+00 -1
1145 0.0000000000000000e+00 -1
1146 1.0000000000000000e+00 -1
1147 0.0000000000000000e+00 -1
1148 1.0000000000000000e+00 -1
1149 0.0000000000000000e+00 -1
1150 1.0000000000000000e+00 -1
1151 0.0000000000000000e+00 -1
1152 1.0000000000000000e+00 -1
1153 0.0000000000000000e+00 -1
1154 1.0000000000000000e+00 -1
1155 0.0000000000000000e+00 -1
1156 1.0000000000000000e+00 -1
1157 0.0000000000000000e+00 -1
1158 1.0000000000000000e+00 -1
1159 0.0000000000000000e+00 -1
1160 1.0000000000000000e+00 -1
1161 0.0000000000000000e+00 -1
1162 1.0000000000000000e+00 -1
1163 0.0000000000000000e+00 -1
1164 1.0000000000000000e+00 -1
1165 0.0000000000000000e+00 -1
1166 1.0000000000000000e+00 -1
1167 0.0000000000000000e+00 -1
1168 1.0000000000000000e+00 -1
1169 0.0000000000000000e+00 -1
1170 1.0000000000000000e+00 -1
1171 0.0000000000000000e+00 -1
1172 1.0000000000000000e+00 -1
1173 0.0000000000000000e+00 -1
1174 1.0000000000000000e+00 -1
1175 0.0000000000000000e+00 -1
1176 1.0000000000000000e+00 -1
1177 0.0000000000000000e+00 -1
1178 1.0000000000000000e+00 -1
1179 0.0000000000000000e+00 -1
1180 1.0000000000000000e+00 -1
1181 0.0000000000000000e+00 -1
1182 1.0000000000000000e+00 -1
1183 0.0000000000000000e+00 -1
1184 1.0000000000000000e+00 -1
1185 0.0000000000000000e+00 -1
1186 1.0000000000000000e+00 -1
1187 0.0000000000000000e+00 -1
1188 1.0000000000000000e+00 -1
1189 0.0000000000000000e+00 -1
1190 1.0000000000000000e+00 -1
1191 0.0000000000000000e+00 -1
1192 1.0000000000000000e+00 -1
1193 0.0000000000000000e+00 -1
1194 1.0000000000000000e+00 -1
1195 0.0000000000000000e+00 -1
1196 1.0000000000000000e+00 -1
1197 0.0000000000000000e+00 -1
1198 1.0000000000000000e+00 -1
1199 0.0000000000000000e+00 -1
1200 1.0000000000000000e+00 -1
1201 0.0000000000000000e+00 -1
1202 1.0000000000000000e+00 -1
1203 0.0000000000000000e+00 -1
1204 1.0000000000000000e+00 -1
1205 0.0000000000000000e+00 -1
1206 1.0000000000000000e+00 -1
1207 0.0000000000000000e+00 -1
1208 1.0000000000000000e+00 -1
1209 0.0000000000000000e+00 -1
1210 1.0000000000000000e+00 -1
1211 0.0000000000000000e+00 -1
1212 1.0000000000000000e+00 -1
1213 0.0000000000000000e+00 -1
1214 1.0000000000000000e+00 -1
1215 0.0000000000000000e+00 -1
1216 1.0000000000000000e+00 -1
1217 0.0000000000000000e+00 -1
1218 1.0000000000000000e+00 -1
1219 0.0000000000000000e+00 -1
1220 1.0000000000000000e+00 -1
1221 0.0000000000000000e+00 -1
1222 1.0000000000000000e+00 -1
1223 0.0000000000000000e+00 -1
1224 1.0000000000000000e+00 -1
1225 0.0000000000000000e+00 -1
1226 1.0000000000000000e+00 -1
1227 0.0000000000000000e+00 -1
1228 1.0000000000000000e+00 -1
1229 0.0000000000000000e+00 -1
1230 1.0000000000000000e+00 -1
1231 0.0000000000000000e+00 -1
1232 1.0000000000000000e+00 -1
1233 0.0000000000000000e+00 -1
1234 1.0000000000000000e+00 -1
1235 0.0000000000000000e+00 -1
1236 1.0000000000000000e+00 -1
1237 0.0000000000000000e+00 -1
1238 1.0000000000000000e+00 -1
1239 0.0000000000000000e+00 -1
1240 1.0000000000000000e+00 -1
1241 0.0000000000000000e+00 -1
1242 1.0000000000000000e+00 -1
1243 0.0000000000000000e+00 -1
1244 1.0000000000000000e+00 -1
1245 0.0000000000000000e+00 -1
1246 1.0000000000000000e+00 -1
1247 0.0000000000000000e+00 -1
1248 1.0000000000000000e+00 -1
1249 0.0000000000000000e+00 -1
1250 1.0000000000000000e+00 -1
1251 0.0000000000000000e+00 -1
1252 1.0000000000000000e+00 -1
1253 0.0000000000000000e+00 -1
1254 1.0000000000000000e+00 -1
1255 0.0000000000000000e+00 -1
1256 1.0000000000000000e+00 -1
1257 0.0000000000000000e+00 -1
1258 1.0000000000000000e+00 -1
1259 0.0000000000000000e+00 -1
1260 1.0000000000000000e+00 -1
1261 0.0000000000000000e+00 -1
1262 1.0000000000000000e+00 -1
1263 0.0000000000000000e+00 -1
1264 1.0000000000000000e+00 -1
1265 0.0000000000000000e+00 -1
1266 1.0000000000000000e+00 -1
1267 0.0000000000000000e+00 -1
1268 1.0000000000000000e+00 -1
1269 0.0000000000000000e+00 -1
1270 1.0000000000000000e+00 -1
1271 0.0000000000000000e+00 -1
1272 1.0000000000000000e+00 -1
1273 0.0000000000000000e+00 -1
1274 1.0000000000000000e+00 -1
1275 0.0000000000000000e+00 -1
1276 1.0000000000000000e+00 -1
1277 0.0000000000000000e+00 -1
1278 1.0000000000000000e+00 -1
1279 0.0000000000000000e+00 -1
1280 1.0000000000000000e+00 -1
1281 0.0000000000000000e+00 -1
1282 1.0000000000000000e+00 -1
1283 0.0000000000000000e+00 -1
1284 1.0000000000000000e+00 -1
1285 0.0000000000000000e+00 -1
1286 1.0000000000000000e+00 -1
1287 0.0000000000000000e+00 -1
1288 1.0000000000000000e+00 -1
1289 0.0000000000000000e+00 -1
1290 1.0000000000000000e+00 -1
1291 0.0000000000000000e+00 -1
1292 1.0000000000000000e+00 -1
1293 0.0000000000000000e+00 -1
1294 1.0000000000000000e+00 -1
1295 0.0000000000000000e+00 -1
1296 1.0000000000000000e+00 -1
1297 0.0000000000000000e+00 -1
1298 1.0000000000000000e+00 -1
1299 0.0000000000000000e+00 -1
1300 1.0000000000000000e+00 -1
1301 0.0000000000000000e+00 -1
1302 1.0000000000000000e+00 -1
1303 0.0000000000000000e+00 -1
1304 1.0000000000000000e+00 -1
1305 0.0000000000000000e+00 -1
1306 1.0000000000000000e+00 -1
1307 0.0000000000000000e+00 -1
1308 1.0000000000000000e+00 -1
1309 0.0000000000000000e+00 -1
1310 1.0000000000000000e+00 -1
1311 0.0000000000000000e+00 -1
1312 1.0000000000000000e+00 -1
1313 0.0000000000000000e+00 -1
1314 1.0000000000000000e+00 -1
1315 0.0000000000000000e+00 -1
1316 1.0000000000000000e+00 -1
1317 0.0000000000000000e+00 -1
1318 1.0000000000000000e+00 -1
1319 0.0000000000000000e+00 -1
1320 1.0000000000000000e+00 -1
1321 0.0000000000000000e+00 -1
1322 1.0000000000000000e+00 -1
1323 0.0000000000000000e+00 -1
1324 1.0000000000000000e+00 -1
1325 0.0000000000000000e+00 -1
1326 1.0000000000000000e+00 -1
1327 0.0000000000000000e+00 -1
1328 1.0000000000000000e+00 -1
1329 0.0000000000000000e+00 -1
1330 1.0000000000000000e+00 -1
1331 0.0000000000000000e+00 -1
1332 1.0000000000000000e+00 -1
1333 0.0000000000000000e+00 -1
1334 1.0000000000000000e+00 -1
1335 0.0000000000000000e+00 -1
1336 1.0000000000000000e+00 -1
1337 0.0000000000000000e+00 -1
1338 1.0000000000000000e+00 -1
1339 0.0000000000000000e+00 -1
1340 1.0000000000000000e+00 -1
1341 0.0000000000000000e+00 -1
1342 1.0000000000000000e+00 -1
1343 0.0000000000000000e+00 -1
1344 1.0000000000000000e+00 -1
1345 0.0000000000000000e+00 -1
1346 1.0000000000000000e+00 -1
1347 0.0000000000000000e+00 -1
1348 1.0000000000000000e+00 -1
1349 0.0000000000000000e+00 -1
1350 1.0000000000000000e+00 -1
1351 0.0000000000000000e+00 -1
1352 1.0000000000000000e+00 -1
1353 0.0000000000000000e+00 -1
1354 1.0000000000000000e+00 -1
1355 0.0000000000000000e+00 -1
1356 1.0000000000000000e+00 -1
1357 0.0000000000000000e+00 -1
1358 1.0000000000000000e+00 -1
1359 0.0000000000000000e+00 -1
1360 1.0000000000000000e+00 -1
1361 0.0000000000000000e+00 -1
1362 1.0000000000000000e+00 -1
1363 0.0000000000000000e+00 -1
1364 1.0000000000000000e+00 -1
1365 0.0000000000000000e+00 -1
1366 1.0000000000000000e+00 -1
1367 0.0000000000000000e+00 -1
1368 1.0000000000000000e+00 -1
1369 0.0000000000000000e+00 -1
1370 1.0000000000000000e+00 -1
1371 0.0000000000000000e+00 -1
1372 1.0000000000000000e+00 -1
1373 0.0000000000000000e+00 -1
1374 1.0000000000000000e+00 -1
1375 0.0000000000000000e+00 -1
1376 1.0000000000000000e+00 -1
1377 0.0000000000000000e+00 -1
1378 1.0000000000000000e+00 -1
1379 0.0000000000000000e+00 -1
1380 1.0000000000000000e+00 -1
1381 0.0000000000000000e+00 -1
1382 1.0000000000000000e+00 -1
1383 0.0000000000000000e+00 -1
1384 1.0000000000000000e+00 -1
1385 0.0000000000000000e+00 -1
1386 1.0000000000000000e+00 -1
1387 0.0000000000000000e+00 -1
1388 1.0000000000000000e+00 -1
1389 0.0000000000000000e+00 -1
1390 1.0000000000000000e+00 -1
1391 0.0000000000000000e+00 -1
1392 1.0000000000000000e+00 -1
1393 0.0000000000000000e+00 -1
1394 1.0000000000000000e+00 -1
1395 0.0000000000000000e+00 -1
1396 1.0000000000000000e+00 -1
1397 0.0000000000000000e+00 -1
1398 1.0000000000000000e+00 -1
1399 0.0000000000000000e+00 -1
1400 1.0000000000000000e+00 -1
1401 0.0000000000000000e+00 -1
1402 1.0000000000000000e+00 -1
1403 0.0000000000000000e+00 -1
1404 1.0000000000000000e+00 -1
1405 0.0000000000000000e+00 -1
1406 1.0000000000000000e+00 -1
1407 0.0000000000000000e+00 -1
1408 1.0000000000000000e+00 -1
1409 0.0000000000000000e+00 -1
1410 1.0000000000000000e+00 -1
1411 0.0000000000000000e+00 -1
1412 1.0000000000000000e+00 -1
1413 0.0000000000000000e+00 -1
1414 1.0000000000000000e+00 -1
1415 0.0000000000000000e+00 -1
1416 1.0000000000000000e+00 -1
1417 0.0000000000000000e+00 -1
1418 1.0000000000000000e+00 -1
1419 0.0000000000000000e+00 -1
1420 1.0000000000000000e+00 -1
1421 0.0000000000000000e+00 -1
1422 1.0000000000000000e+00 -1
1423 0.0000000000000000e+00 -1
1424 1.0000000000000000e+00 -1
1425 0.0000000000000000e+00 -1
1426 1.0000000000000000e+00 -1
1427 0.0000000000000000e+00 -1
1428 1.0000000000000000e+00 -1
1429 0.0000000000000000e+00 -1
1430 1.0000000000000000e+00 -1
1431 0.0000000000000000e+00 -1
1432 1.0000000000000000e+00 -1
1433 0.0000000000000000e+00 -1
1434 1.0000000000000000e+00 -1
1435 0.0000000000000000e+00 -1
1436 1.0000000000000000e+00 -1
1437 0.0000000000000000e+00 -1
1438 1.0000000000000000e+00 -1
1439 0.0000000000000000e+00 -1
1440 1.0000000000000000e+00 -1
1441 0.0000000000000000e+00 -1
1442 1.0000000000000000e+00 -1
1443 0.0000000000000000e+00 -1
1444 1.0000000000000000e+00 -1
1445 0.0000000000000000e+00 -1
1446 1.0000000000000000e+00 -1
1447 0.0000000000000000e+00 -1
1448 1.0000000000000000e+00 -1
1449 0.0000000000000000e+00 -1
1450 1.0000000000000000e+00 -1
1451 0.0000000000000000e+00 -1
1452 1.0000000000000000e+00 -1
1453 0.0000000000000000e+00 -1
1454 1.0000000000000000e+00 -1
1455 0.0000000000000000e+00 -1
1456 1.0000000000000000e+00 -1
1457 0.0000000000000000e+00 -1
