%%MatrixMarket matrix coordinate real general
%
1023 1023 3067
1 1 1.024000000000000e+03
1 2 -5.120000000000000e+02
2 1 -5.120000000000000e+02
2 2 1.024000000000000e+03
2 3 -5.120000000000000e+02
3 2 -5.120000000000000e+02
3 3 1.024000000000000e+03
3 4 -5.120000000000000e+02
4 3 -5.120000000000000e+02
4 4 1.024000000000000e+03
4 5 -5.120000000000000e+02
5 4 -5.120000000000000e+02
5 5 1.024000000000000e+03
5 6 -5.120000000000000e+02
6 5 -5.120000000000000e+02
6 6 1.024000000000000e+03
6 7 -5.120000000000000e+02
7 6 -5.120000000000000e+02
7 7 1.024000000000000e+03
7 8 -5.120000000000000e+02
8 7 -5.120000000000000e+02
8 8 1.024000000000000e+03
8 9 -5.120000000000000e+02
9 8 -5.120000000000000e+02
9 9 1.024000000000000e+03
9 10 -5.120000000000000e+02
10 9 -5.120000000000000e+02
10 10 1.024000000000000e+03
10 11 -5.120000000000000e+02
11 10 -5.120000000000000e+02
11 11 1.024000000000000e+03
11 12 -5.120000000000000e+02
12 11 -5.120000000000000e+02
12 12 1.024000000000000e+03
12 13 -5.120000000000000e+02
13 12 -5.120000000000000e+02
13 13 1.024000000000000e+03
13 14 -5.120000000000000e+02
14 13 -5.120000000000000e+02
14 14 1.024000000000000e+03
14 15 -5.120000000000000e+02
15 14 -5.120000000000000e+02
15 15 1.024000000000000e+03
15 16 -5.120000000000000e+02
16 15 -5.120000000000000e+02
16 16 1.024000000000000e+03
16 17 -5.120000000000000e+02
17 16 -5.120000000000000e+02
17 17 1.024000000000000e+03
17 18 -5.120000000000000e+02
18 17 -5.120000000000000e+02
18 18 1.024000000000000e+03
18 19 -5.120000000000000e+02
19 18 -5.120000000000000e+02
19 19 1.024000000000000e+03
19 20 -5.120000000000000e+02
20 19 -5.120000000000000e+02
20 20 1.024000000000000e+03
20 21 -5.120000000000000e+02
21 20 -5.120000000000000e+02
21 21 1.024000000000000e+03
21 22 -5.120000000000000e+02
22 21 -5.120000000000000e+02
22 22 1.024000000000000e+03
22 23 -5.120000000000000e+02
23 22 -5.120000000000000e+02
23 23 1.024000000000000e+03
23 24 -5.120000000000000e+02
24 23 -5.120000000000000e+02
24 24 1.024000000000000e+03
24 25 -5.120000000000000e+02
25 24 -5.120000000000000e+02
25 25 1.024000000000000e+03
25 26 -5.120000000000000e+02
26 25 -5.120000000000000e+02
26 26 1.024000000000000e+03
26 27 -5.120000000000000e+02
27 26 -5.120000000000000e+02
27 27 1.024000000000000e+03
27 28 -5.120000000000000e+02
28 27 -5.120000000000000e+02
28 28 1.024000000000000e+03
28 29 -5.120000000000000e+02
29 28 -5.120000000000000e+02
29 29 1.024000000000000e+03
29 30 -5.120000000000000e+02
30 29 -5.120000000000000e+02
30 30 1.024000000000000e+03
30 31 -5.120000000000000e+02
31 30 -5.120000000000000e+02
31 31 1.024000000000000e+03
31 32 -5.120000000000000e+02
32 31 -5.120000000000000e+02
32 32 1.024000000000000e+03
32 33 -5.120000000000000e+02
33 32 -5.120000000000000e+02
33 33 1.024000000000000e+03
33 34 -5.120000000000000e+02
34 33 -5.120000000000000e+02
34 34 1.024000000000000e+03
34 35 -5.120000000000000e+02
35 34 -5.120000000000000e+02
35 35 1.024000000000000e+03
35 36 -5.120000000000000e+02
36 35 -5.120000000000000e+02
36 36 1.024000000000000e+03
36 37 -5.120000000000000e+02
37 36 -5.120000000000000e+02
37 37 1.024000000000000e+03
37 38 -5.120000000000000e+02
38 37 -5.120000000000000e+02
38 38 1.024000000000000e+03
38 39 -5.120000000000000e+02
39 38 -5.120000000000000e+02
39 39 1.024000000000000e+03
39 40 -5.120000000000000e+02
40 39 -5.120000000000000e+02
40 40 1.024000000000000e+03
40 41 -5.120000000000000e+02
41 40 -5.120000000000000e+02
41 41 1.024000000000000e+03
41 42 -5.120000000000000e+02
42 41 -5.120000000000000e+02
42 42 1.024000000000000e+03
42 43 -5.120000000000000e+02
43 42 -5.120000000000000e+02
43 43 1.024000000000000e+03
43 44 -5.120000000000000e+02
44 43 -5.120000000000000e+02
44 44 1.024000000000000e+03
44 45 -5.120000000000000e+02
45 44 -5.120000000000000e+02
45 45 1.024000000000000e+03
45 46 -5.120000000000000e+02
46 45 -5.120000000000000e+02
46 46 1.024000000000000e+03
46 47 -5.120000000000000e+02
47 46 -5.120000000000000e+02
47 47 1.024000000000000e+03
47 48 -5.120000000000000e+02
48 47 -5.120000000000000e+02
48 48 1.024000000000000e+03
48 49 -5.120000000000000e+02
49 48 -5.120000000000000e+02
49 49 1.024000000000000e+03
49 50 -5.120000000000000e+02
50 49 -5.120000000000000e+02
50 50 1.024000000000000e+03
50 51 -5.120000000000000e+02
51 50 -5.120000000000000e+02
51 51 1.024000000000000e+03
51 52 -5.120000000000000e+02
52 51 -5.120000000000000e+02
52 52 1.024000000000000e+03
52 53 -5.120000000000000e+02
53 52 -5.120000000000000e+02
53 53 1.024000000000000e+03
53 54 -5.120000000000000e+02
54 53 -5.120000000000000e+02
54 54 1.024000000000000e+03
54 55 -5.120000000000000e+02
55 54 -5.120000000000000e+02
55 55 1.024000000000000e+03
55 56 -5.120000000000000e+02
56 55 -5.120000000000000e+02
56 56 1.024000000000000e+03
56 57 -5.120000000000000e+02
57 56 -5.120000000000000e+02
57 57 1.024000000000000e+03
57 58 -5.120000000000000e+02
58 57 -5.120000000000000e+02
58 58 1.024000000000000e+03
58 59 -5.120000000000000e+02
59 58 -5.120000000000000e+02
59 59 1.024000000000000e+03
59 60 -5.120000000000000e+02
60 59 -5.120000000000000e+02
60 60 1.024000000000000e+03
60 61 -5.120000000000000e+02
61 60 -5.120000000000000e+02
61 61 1.024000000000000e+03
61 62 -5.120000000000000e+02
62 61 -5.120000000000000e+02
62 62 1.024000000000000e+03
62 63 -5.120000000000000e+02
63 62 -5.120000000000000e+02
63 63 1.024000000000000e+03
63 64 -5.120000000000000e+02
64 63 -5.120000000000000e+02
64 64 1.024000000000000e+03
64 65 -5.120000000000000e+02
65 64 -5.120000000000000e+02
65 65 1.024000000000000e+03
65 66 -5.120000000000000e+02
66 65 -5.120000000000000e+02
66 66 1.024000000000000e+03
66 67 -5.120000000000000e+02
67 66 -5.120000000000000e+02
67 67 1.024000000000000e+03
67 68 -5.120000000000000e+02
68 67 -5.120000000000000e+02
68 68 1.024000000000000e+03
68 69 -5.120000000000000e+02
69 68 -5.120000000000000e+02
69 69 1.024000000000000e+03
69 70 -5.120000000000000e+02
70 69 -5.120000000000000e+02
70 70 1.024000000000000e+03
70 71 -5.120000000000000e+02
71 70 -5.120000000000000e+02
71 71 1.024000000000000e+03
71 72 -5.120000000000000e+02
72 71 -5.120000000000000e+02
72 72 1.024000000000000e+03
72 73 -5.120000000000000e+02
73 72 -5.120000000000000e+02
73 73 1.024000000000000e+03
73 74 -5.120000000000000e+02
74 73 -5.120000000000000e+02
74 74 1.024000000000000e+03
74 75 -5.120000000000000e+02
75 74 -5.120000000000000e+02
75 75 1.024000000000000e+03
75 76 -5.120000000000000e+02
76 75 -5.120000000000000e+02
76 76 1.024000000000000e+03
76 77 -5.120000000000000e+02
77 76 -5.120000000000000e+02
77 77 1.024000000000000e+03
77 78 -5.120000000000000e+02
78 77 -5.120000000000000e+02
78 78 1.024000000000000e+03
78 79 -5.120000000000000e+02
79 78 -5.120000000000000e+02
79 79 1.024000000000000e+03
79 80 -5.120000000000000e+02
80 79 -5.120000000000000e+02
80 80 1.024000000000000e+03
80 81 -5.120000000000000e+02
81 80 -5.120000000000000e+02
81 81 1.024000000000000e+03
81 82 -5.120000000000000e+02
82 81 -5.120000000000000e+02
82 82 1.024000000000000e+03
82 83 -5.120000000000000e+02
83 82 -5.120000000000000e+02
83 83 1.024000000000000e+03
83 84 -5.120000000000000e+02
84 83 -5.120000000000000e+02
84 84 1.024000000000000e+03
84 85 -5.120000000000000e+02
85 84 -5.120000000000000e+02
85 85 1.024000000000000e+03
85 86 -5.120000000000000e+02
86 85 -5.120000000000000e+02
86 86 1.024000000000000e+03
86 87 -5.120000000000000e+02
87 86 -5.120000000000000e+02
87 87 1.024000000000000e+03
87 88 -5.120000000000000e+02
88 87 -5.120000000000000e+02
88 88 1.024000000000000e+03
88 89 -5.120000000000000e+02
89 88 -5.120000000000000e+02
89 89 1.024000000000000e+03
89 90 -5.120000000000000e+02
90 89 -5.120000000000000e+02
90 90 1.024000000000000e+03
90 91 -5.120000000000000e+02
91 90 -5.120000000000000e+02
91 91 1.024000000000000e+03
91 92 -5.120000000000000e+02
92 91 -5.120000000000000e+02
92 92 1.024000000000000e+03
92 93 -5.120000000000000e+02
93 92 -5.120000000000000e+02
93 93 1.024000000000000e+03
93 94 -5.120000000000000e+02
94 93 -5.120000000000000e+02
94 94 1.024000000000000e+03
94 95 -5.120000000000000e+02
95 94 -5.120000000000000e+02
95 95 1.024000000000000e+03
95 96 -5.120000000000000e+02
96 95 -5.120000000000000e+02
96 96 1.024000000000000e+03
96 97 -5.120000000000000e+02
97 96 -5.120000000000000e+02
97 97 1.024000000000000e+03
97 98 -5.120000000000000e+02
98 97 -5.120000000000000e+02
98 98 1.024000000000000e+03
98 99 -5.120000000000000e+02
99 98 -5.120000000000000e+02
99 99 1.024000000000000e+03
99 100 -5.120000000000000e+02
100 99 -5.120000000000000e+02
100 100 1.024000000000000e+03
100 101 -5.120000000000000e+02
101 100 -5.120000000000000e+02
101 101 1.024000000000000e+03
101 102 -5.120000000000000e+02
102 101 -5.120000000000000e+02
102 102 1.024000000000000e+03
102 103 -5.120000000000000e+02
103 102 -5.120000000000000e+02
103 103 1.024000000000000e+03
103 104 -5.120000000000000e+02
104 103 -5.120000000000000e+02
104 104 1.024000000000000e+03
104 105 -5.120000000000000e+02
105 104 -5.120000000000000e+02
105 105 1.024000000000000e+03
105 106 -5.120000000000000e+02
106 105 -5.120000000000000e+02
106 106 1.024000000000000e+03
106 107 -5.120000000000000e+02
107 106 -5.120000000000000e+02
107 107 1.024000000000000e+03
107 108 -5.120000000000000e+02
108 107 -5.120000000000000e+02
108 108 1.024000000000000e+03
108 109 -5.120000000000000e+02
109 108 -5.120000000000000e+02
109 109 1.024000000000000e+03
109 110 -5.120000000000000e+02
110 109 -5.120000000000000e+02
110 110 1.024000000000000e+03
110 111 -5.120000000000000e+02
111 110 -5.120000000000000e+02
111 111 1.024000000000000e+03
111 112 -5.120000000000000e+02
112 111 -5.120000000000000e+02
112 112 1.024000000000000e+03
112 113 -5.120000000000000e+02
113 112 -5.120000000000000e+02
113 113 1.024000000000000e+03
113 114 -5.120000000000000e+02
114 113 -5.120000000000000e+02
114 114 1.024000000000000e+03
114 115 -5.120000000000000e+02
115 114 -5.120000000000000e+02
115 115 1.024000000000000e+03
115 116 -5.120000000000000e+02
116 115 -5.120000000000000e+02
116 116 1.024000000000000e+03
116 117 -5.120000000000000e+02
117 116 -5.120000000000000e+02
117 117 1.024000000000000e+03
117 118 -5.120000000000000e+02
118 117 -5.120000000000000e+02
118 118 1.024000000000000e+03
118 119 -5.120000000000000e+02
119 118 -5.120000000000000e+02
119 119 1.024000000000000e+03
119 120 -5.120000000000000e+02
120 119 -5.120000000000000e+02
120 120 1.024000000000000e+03
120 121 -5.120000000000000e+02
121 120 -5.120000000000000e+02
121 121 1.024000000000000e+03
121 122 -5.120000000000000e+02
122 121 -5.120000000000000e+02
122 122 1.024000000000000e+03
122 123 -5.120000000000000e+02
123 122 -5.120000000000000e+02
123 123 1.024000000000000e+03
123 124 -5.120000000000000e+02
124 123 -5.120000000000000e+02
124 124 1.024000000000000e+03
124 125 -5.120000000000000e+02
125 124 -5.120000000000000e+02
125 125 1.024000000000000e+03
125 126 -5.120000000000000e+02
126 125 -5.120000000000000e+02
126 126 1.024000000000000e+03
126 127 -5.120000000000000e+02
127 126 -5.120000000000000e+02
127 127 1.024000000000000e+03
127 128 -5.120000000000000e+02
128 127 -5.120000000000000e+02
128 128 1.024000000000000e+03
128 129 -5.120000000000000e+02
129 128 -5.120000000000000e+02
129 129 1.024000000000000e+03
129 130 -5.120000000000000e+02
130 129 -5.120000000000000e+02
130 130 1.024000000000000e+03
130 131 -5.120000000000000e+02
131 130 -5.120000000000000e+02
131 131 1.024000000000000e+03
131 132 -5.120000000000000e+02
132 131 -5.120000000000000e+02
132 132 1.024000000000000e+03
132 133 -5.120000000000000e+02
133 132 -5.120000000000000e+02
133 133 1.024000000000000e+03
133 134 -5.120000000000000e+02
134 133 -5.120000000000000e+02
134 134 1.024000000000000e+03
134 135 -5.120000000000000e+02
135 134 -5.120000000000000e+02
135 135 1.024000000000000e+03
135 136 -5.120000000000000e+02
136 135 -5.120000000000000e+02
136 136 1.024000000000000e+03
136 137 -5.120000000000000e+02
137 136 -5.120000000000000e+02
137 137 1.024000000000000e+03
137 138 -5.120000000000000e+02
138 137 -5.120000000000000e+02
138 138 1.024000000000000e+03
138 139 -5.120000000000000e+02
139 138 -5.120000000000000e+02
139 139 1.024000000000000e+03
139 140 -5.120000000000000e+02
140 139 -5.120000000000000e+02
140 140 1.024000000000000e+03
140 141 -5.120000000000000e+02
141 140 -5.120000000000000e+02
141 141 1.024000000000000e+03
141 142 -5.120000000000000e+02
142 141 -5.120000000000000e+02
142 142 1.024000000000000e+03
142 143 -5.120000000000000e+02
143 142 -5.120000000000000e+02
143 143 1.024000000000000e+03
143 144 -5.120000000000000e+02
144 143 -5.120000000000000e+02
144 144 1.024000000000000e+03
144 145 -5.120000000000000e+02
145 144 -5.120000000000000e+02
145 145 1.024000000000000e+03
145 146 -5.120000000000000e+02
146 145 -5.120000000000000e+02
146 146 1.024000000000000e+03
146 147 -5.120000000000000e+02
147 146 -5.120000000000000e+02
147 147 1.024000000000000e+03
147 148 -5.120000000000000e+02
148 147 -5.120000000000000e+02
148 148 1.024000000000000e+03
148 149 -5.120000000000000e+02
149 148 -5.120000000000000e+02
149 149 1.024000000000000e+03
149 150 -5.120000000000000e+02
150 149 -5.120000000000000e+02
150 150 1.024000000000000e+03
150 151 -5.120000000000000e+02
151 150 -5.120000000000000e+02
151 151 1.024000000000000e+03
151 152 -5.120000000000000e+02
152 151 -5.120000000000000e+02
152 152 1.024000000000000e+03
152 153 -5.120000000000000e+02
153 152 -5.120000000000000e+02
153 153 1.024000000000000e+03
153 154 -5.120000000000000e+02
154 153 -5.120000000000000e+02
154 154 1.024000000000000e+03
154 155 -5.120000000000000e+02
155 154 -5.120000000000000e+02
155 155 1.024000000000000e+03
155 156 -5.120000000000000e+02
156 155 -5.120000000000000e+02
156 156 1.024000000000000e+03
156 157 -5.120000000000000e+02
157 156 -5.120000000000000e+02
157 157 1.024000000000000e+03
157 158 -5.120000000000000e+02
158 157 -5.120000000000000e+02
158 158 1.024000000000000e+03
158 159 -5.120000000000000e+02
159 158 -5.120000000000000e+02
159 159 1.024000000000000e+03
159 160 -5.120000000000000e+02
160 159 -5.120000000000000e+02
160 160 1.024000000000000e+03
160 161 -5.120000000000000e+02
161 160 -5.120000000000000e+02
161 161 1.024000000000000e+03
161 162 -5.120000000000000e+02
162 161 -5.120000000000000e+02
162 162 1.024000000000000e+03
162 163 -5.120000000000000e+02
163 162 -5.120000000000000e+02
163 163 1.024000000000000e+03
163 164 -5.120000000000000e+02
164 163 -5.120000000000000e+02
164 164 1.024000000000000e+03
164 165 -5.120000000000000e+02
165 164 -5.120000000000000e+02
165 165 1.024000000000000e+03
165 166 -5.120000000000000e+02
166 165 -5.120000000000000e+02
166 166 1.024000000000000e+03
166 167 -5.120000000000000e+02
167 166 -5.120000000000000e+02
167 167 1.024000000000000e+03
167 168 -5.120000000000000e+02
168 167 -5.120000000000000e+02
168 168 1.024000000000000e+03
168 169 -5.120000000000000e+02
169 168 -5.120000000000000e+02
169 169 1.024000000000000e+03
169 170 -5.120000000000000e+02
170 169 -5.120000000000000e+02
170 170 1.024000000000000e+03
170 171 -5.120000000000000e+02
171 170 -5.120000000000000e+02
171 171 1.024000000000000e+03
171 172 -5.120000000000000e+02
172 171 -5.120000000000000e+02
172 172 1.024000000000000e+03
172 173 -5.120000000000000e+02
173 172 -5.120000000000000e+02
173 173 1.024000000000000e+03
173 174 -5.120000000000000e+02
174 173 -5.120000000000000e+02
174 174 1.024000000000000e+03
174 175 -5.120000000000000e+02
175 174 -5.120000000000000e+02
175 175 1.024000000000000e+03
175 176 -5.120000000000000e+02
176 175 -5.120000000000000e+02
176 176 1.024000000000000e+03
176 177 -5.120000000000000e+02
177 176 -5.120000000000000e+02
177 177 1.024000000000000e+03
177 178 -5.120000000000000e+02
178 177 -5.120000000000000e+02
178 178 1.024000000000000e+03
178 179 -5.120000000000000e+02
179 178 -5.120000000000000e+02
179 179 1.024000000000000e+03
179 180 -5.120000000000000e+02
180 179 -5.120000000000000e+02
180 180 1.024000000000000e+03
180 181 -5.120000000000000e+02
181 180 -5.120000000000000e+02
181 181 1.024000000000000e+03
181 182 -5.120000000000000e+02
182 181 -5.120000000000000e+02
182 182 1.024000000000000e+03
182 183 -5.120000000000000e+02
183 182 -5.120000000000000e+02
183 183 1.024000000000000e+03
183 184 -5.120000000000000e+02
184 183 -5.120000000000000e+02
184 184 1.024000000000000e+03
184 185 -5.120000000000000e+02
185 184 -5.120000000000000e+02
185 185 1.024000000000000e+03
185 186 -5.120000000000000e+02
186 185 -5.120000000000000e+02
186 186 1.024000000000000e+03
186 187 -5.120000000000000e+02
187 186 -5.120000000000000e+02
187 187 1.024000000000000e+03
187 188 -5.120000000000000e+02
188 187 -5.120000000000000e+02
188 188 1.024000000000000e+03
188 189 -5.120000000000000e+02
189 188 -5.120000000000000e+02
189 189 1.024000000000000e+03
189 190 -5.120000000000000e+02
190 189 -5.120000000000000e+02
190 190 1.024000000000000e+03
190 191 -5.120000000000000e+02
191 190 -5.120000000000000e+02
191 191 1.024000000000000e+03
191 192 -5.120000000000000e+02
192 191 -5.120000000000000e+02
192 192 1.024000000000000e+03
192 193 -5.120000000000000e+02
193 192 -5.120000000000000e+02
193 193 1.024000000000000e+03
193 194 -5.120000000000000e+02
194 193 -5.120000000000000e+02
194 194 1.024000000000000e+03
194 195 -5.120000000000000e+02
195 194 -5.120000000000000e+02
195 195 1.024000000000000e+03
195 196 -5.120000000000000e+02
196 195 -5.120000000000000e+02
196 196 1.024000000000000e+03
196 197 -5.120000000000000e+02
197 196 -5.120000000000000e+02
197 197 1.024000000000000e+03
197 198 -5.120000000000000e+02
198 197 -5.120000000000000e+02
198 198 1.024000000000000e+03
198 199 -5.120000000000000e+02
199 198 -5.120000000000000e+02
199 199 1.024000000000000e+03
199 200 -5.120000000000000e+02
200 199 -5.120000000000000e+02
200 200 1.024000000000000e+03
200 201 -5.120000000000000e+02
201 200 -5.120000000000000e+02
201 201 1.024000000000000e+03
201 202 -5.120000000000000e+02
202 201 -5.120000000000000e+02
202 202 1.024000000000000e+03
202 203 -5.120000000000000e+02
203 202 -5.120000000000000e+02
203 203 1.024000000000000e+03
203 204 -5.120000000000000e+02
204 203 -5.120000000000000e+02
204 204 1.024000000000000e+03
204 205 -5.120000000000000e+02
205 204 -5.120000000000000e+02
205 205 1.024000000000000e+03
205 206 -5.120000000000000e+02
206 205 -5.120000000000000e+02
206 206 1.024000000000000e+03
206 207 -5.120000000000000e+02
207 206 -5.120000000000000e+02
207 207 1.024000000000000e+03
207 208 -5.120000000000000e+02
208 207 -5.120000000000000e+02
208 208 1.024000000000000e+03
208 209 -5.120000000000000e+02
209 208 -5.120000000000000e+02
209 209 1.024000000000000e+03
209 210 -5.120000000000000e+02
210 209 -5.120000000000000e+02
210 210 1.024000000000000e+03
210 211 -5.120000000000000e+02
211 210 -5.120000000000000e+02
211 211 1.024000000000000e+03
211 212 -5.120000000000000e+02
212 211 -5.120000000000000e+02
212 212 1.024000000000000e+03
212 213 -5.120000000000000e+02
213 212 -5.120000000000000e+02
213 213 1.024000000000000e+03
213 214 -5.120000000000000e+02
214 213 -5.120000000000000e+02
214 214 1.024000000000000e+03
214 215 -5.120000000000000e+02
215 214 -5.120000000000000e+02
215 215 1.024000000000000e+03
215 216 -5.120000000000000e+02
216 215 -5.120000000000000e+02
216 216 1.024000000000000e+03
216 217 -5.120000000000000e+02
217 216 -5.120000000000000e+02
217 217 1.024000000000000e+03
217 218 -5.120000000000000e+02
218 217 -5.120000000000000e+02
218 218 1.024000000000000e+03
218 219 -5.120000000000000e+02
219 218 -5.120000000000000e+02
219 219 1.024000000000000e+03
219 220 -5.120000000000000e+02
220 219 -5.120000000000000e+02
220 220 1.024000000000000e+03
220 221 -5.120000000000000e+02
221 220 -5.120000000000000e+02
221 221 1.024000000000000e+03
221 222 -5.120000000000000e+02
222 221 -5.120000000000000e+02
222 222 1.024000000000000e+03
222 223 -5.120000000000000e+02
223 222 -5.120000000000000e+02
223 223 1.024000000000000e+03
223 224 -5.120000000000000e+02
224 223 -5.120000000000000e+02
224 224 1.024000000000000e+03
224 225 -5.120000000000000e+02
225 224 -5.120000000000000e+02
225 225 1.024000000000000e+03
225 226 -5.120000000000000e+02
226 225 -5.120000000000000e+02
226 226 1.024000000000000e+03
226 227 -5.120000000000000e+02
227 226 -5.120000000000000e+02
227 227 1.024000000000000e+03
227 228 -5.120000000000000e+02
228 227 -5.120000000000000e+02
228 228 1.024000000000000e+03
228 229 -5.120000000000000e+02
229 228 -5.120000000000000e+02
229 229 1.024000000000000e+03
229 230 -5.120000000000000e+02
230 229 -5.120000000000000e+02
230 230 1.024000000000000e+03
230 231 -5.120000000000000e+02
231 230 -5.120000000000000e+02
231 231 1.024000000000000e+03
231 232 -5.120000000000000e+02
232 231 -5.120000000000000e+02
232 232 1.024000000000000e+03
232 233 -5.120000000000000e+02
233 232 -5.120000000000000e+02
233 233 1.024000000000000e+03
233 234 -5.120000000000000e+02
234 233 -5.120000000000000e+02
234 234 1.024000000000000e+03
234 235 -5.120000000000000e+02
235 234 -5.120000000000000e+02
235 235 1.024000000000000e+03
235 236 -5.120000000000000e+02
236 235 -5.120000000000000e+02
236 236 1.024000000000000e+03
236 237 -5.120000000000000e+02
237 236 -5.120000000000000e+02
237 237 1.024000000000000e+03
237 238 -5.120000000000000e+02
238 237 -5.120000000000000e+02
238 238 1.024000000000000e+03
238 239 -5.120000000000000e+02
239 238 -5.120000000000000e+02
239 239 1.024000000000000e+03
239 240 -5.120000000000000e+02
240 239 -5.120000000000000e+02
240 240 1.024000000000000e+03
240 241 -5.120000000000000e+02
241 240 -5.120000000000000e+02
241 241 1.024000000000000e+03
241 242 -5.120000000000000e+02
242 241 -5.120000000000000e+02
242 242 1.024000000000000e+03
242 243 -5.120000000000000e+02
243 242 -5.120000000000000e+02
243 243 1.024000000000000e+03
243 244 -5.120000000000000e+02
244 243 -5.120000000000000e+02
244 244 1.024000000000000e+03
244 245 -5.120000000000000e+02
245 244 -5.120000000000000e+02
245 245 1.024000000000000e+03
245 246 -5.120000000000000e+02
246 245 -5.120000000000000e+02
246 246 1.024000000000000e+03
246 247 -5.120000000000000e+02
247 246 -5.120000000000000e+02
247 247 1.024000000000000e+03
247 248 -5.120000000000000e+02
248 247 -5.120000000000000e+02
248 248 1.024000000000000e+03
248 249 -5.120000000000000e+02
249 248 -5.120000000000000e+02
249 249 1.024000000000000e+03
249 250 -5.120000000000000e+02
250 249 -5.120000000000000e+02
250 250 1.024000000000000e+03
250 251 -5.120000000000000e+02
251 250 -5.120000000000000e+02
251 251 1.024000000000000e+03
251 252 -5.120000000000000e+02
252 251 -5.120000000000000e+02
252 252 1.024000000000000e+03
252 253 -5.120000000000000e+02
253 252 -5.120000000000000e+02
253 253 1.024000000000000e+03
253 254 -5.120000000000000e+02
254 253 -5.120000000000000e+02
254 254 1.024000000000000e+03
254 255 -5.120000000000000e+02
255 254 -5.120000000000000e+02
255 255 1.024000000000000e+03
255 256 -5.120000000000000e+02
256 255 -5.120000000000000e+02
256 256 1.024000000000000e+03
256 257 -5.120000000000000e+02
257 256 -5.120000000000000e+02
257 257 1.024000000000000e+03
257 258 -5.120000000000000e+02
258 257 -5.120000000000000e+02
258 258 1.024000000000000e+03
258 259 -5.120000000000000e+02
259 258 -5.120000000000000e+02
259 259 1.024000000000000e+03
259 260 -5.120000000000000e+02
260 259 -5.120000000000000e+02
260 260 1.024000000000000e+03
260 261 -5.120000000000000e+02
261 260 -5.120000000000000e+02
261 261 1.024000000000000e+03
261 262 -5.120000000000000e+02
262 261 -5.120000000000000e+02
262 262 1.024000000000000e+03
262 263 -5.120000000000000e+02
263 262 -5.120000000000000e+02
263 263 1.024000000000000e+03
263 264 -5.120000000000000e+02
264 263 -5.120000000000000e+02
264 264 1.024000000000000e+03
264 265 -5.120000000000000e+02
265 264 -5.120000000000000e+02
265 265 1.024000000000000e+03
265 266 -5.120000000000000e+02
266 265 -5.120000000000000e+02
266 266 1.024000000000000e+03
266 267 -5.120000000000000e+02
267 266 -5.120000000000000e+02
267 267 1.024000000000000e+03
267 268 -5.120000000000000e+02
268 267 -5.120000000000000e+02
268 268 1.024000000000000e+03
268 269 -5.120000000000000e+02
269 268 -5.120000000000000e+02
269 269 1.024000000000000e+03
269 270 -5.120000000000000e+02
270 269 -5.120000000000000e+02
270 270 1.024000000000000e+03
270 271 -5.120000000000000e+02
271 270 -5.120000000000000e+02
271 271 1.024000000000000e+03
271 272 -5.120000000000000e+02
272 271 -5.120000000000000e+02
272 272 1.024000000000000e+03
272 273 -5.120000000000000e+02
273 272 -5.120000000000000e+02
273 273 1.024000000000000e+03
273 274 -5.120000000000000e+02
274 273 -5.120000000000000e+02
274 274 1.024000000000000e+03
274 275 -5.120000000000000e+02
275 274 -5.120000000000000e+02
275 275 1.024000000000000e+03
275 276 -5.120000000000000e+02
276 275 -5.120000000000000e+02
276 276 1.024000000000000e+03
276 277 -5.120000000000000e+02
277 276 -5.120000000000000e+02
277 277 1.024000000000000e+03
277 278 -5.120000000000000e+02
278 277 -5.120000000000000e+02
278 278 1.024000000000000e+03
278 279 -5.120000000000000e+02
279 278 -5.120000000000000e+02
279 279 1.024000000000000e+03
279 280 -5.120000000000000e+02
280 279 -5.120000000000000e+02
280 280 1.024000000000000e+03
280 281 -5.120000000000000e+02
281 280 -5.120000000000000e+02
281 281 1.024000000000000e+03
281 282 -5.120000000000000e+02
282 281 -5.120000000000000e+02
282 282 1.024000000000000e+03
282 283 -5.120000000000000e+02
283 282 -5.120000000000000e+02
283 283 1.024000000000000e+03
283 284 -5.120000000000000e+02
284 283 -5.120000000000000e+02
284 284 1.024000000000000e+03
284 285 -5.120000000000000e+02
285 284 -5.120000000000000e+02
285 285 1.024000000000000e+03
285 286 -5.120000000000000e+02
286 285 -5.120000000000000e+02
286 286 1.024000000000000e+03
286 287 -5.120000000000000e+02
287 286 -5.120000000000000e+02
287 287 1.024000000000000e+03
287 288 -5.120000000000000e+02
288 287 -5.120000000000000e+02
288 288 1.024000000000000e+03
288 289 -5.120000000000000e+02
289 288 -5.120000000000000e+02
289 289 1.024000000000000e+03
289 290 -5.120000000000000e+02
290 289 -5.120000000000000e+02
290 290 1.024000000000000e+03
290 291 -5.120000000000000e+02
291 290 -5.120000000000000e+02
291 291 1.024000000000000e+03
291 292 -5.120000000000000e+02
292 291 -5.120000000000000e+02
292 292 1.024000000000000e+03
292 293 -5.120000000000000e+02
293 292 -5.120000000000000e+02
293 293 1.024000000000000e+03
293 294 -5.120000000000000e+02
294 293 -5.120000000000000e+02
294 294 1.024000000000000e+03
294 295 -5.120000000000000e+02
295 294 -5.120000000000000e+02
295 295 1.024000000000000e+03
295 296 -5.120000000000000e+02
296 295 -5.120000000000000e+02
296 296 1.024000000000000e+03
296 297 -5.120000000000000e+02
297 296 -5.120000000000000e+02
297 297 1.024000000000000e+03
297 298 -5.120000000000000e+02
298 297 -5.120000000000000e+02
298 298 1.024000000000000e+03
298 299 -5.120000000000000e+02
299 298 -5.120000000000000e+02
299 299 1.024000000000000e+03
299 300 -5.120000000000000e+02
300 299 -5.120000000000000e+02
300 300 1.024000000000000e+03
300 301 -5.120000000000000e+02
301 300 -5.120000000000000e+02
301 301 1.024000000000000e+03
301 302 -5.120000000000000e+02
302 301 -5.120000000000000e+02
302 302 1.024000000000000e+03
302 303 -5.120000000000000e+02
303 302 -5.120000000000000e+02
303 303 1.024000000000000e+03
303 304 -5.120000000000000e+02
304 303 -5.120000000000000e+02
304 304 1.024000000000000e+03
304 305 -5.120000000000000e+02
305 304 -5.120000000000000e+02
305 305 1.024000000000000e+03
305 306 -5.120000000000000e+02
306 305 -5.120000000000000e+02
306 306 1.024000000000000e+03
306 307 -5.120000000000000e+02
307 306 -5.120000000000000e+02
307 307 1.024000000000000e+03
307 308 -5.120000000000000e+02
308 307 -5.120000000000000e+02
308 308 1.024000000000000e+03
308 309 -5.120000000000000e+02
309 308 -5.120000000000000e+02
309 309 1.024000000000000e+03
309 310 -5.120000000000000e+02
310 309 -5.120000000000000e+02
310 310 1.024000000000000e+03
310 311 -5.120000000000000e+02
311 310 -5.120000000000000e+02
311 311 1.024000000000000e+03
311 312 -5.120000000000000e+02
312 311 -5.120000000000000e+02
312 312 1.024000000000000e+03
312 313 -5.120000000000000e+02
313 312 -5.120000000000000e+02
313 313 1.024000000000000e+03
313 314 -5.120000000000000e+02
314 313 -5.120000000000000e+02
314 314 1.024000000000000e+03
314 315 -5.120000000000000e+02
315 314 -5.120000000000000e+02
315 315 1.024000000000000e+03
315 316 -5.120000000000000e+02
316 315 -5.120000000000000e+02
316 316 1.024000000000000e+03
316 317 -5.120000000000000e+02
317 316 -5.120000000000000e+02
317 317 1.024000000000000e+03
317 318 -5.120000000000000e+02
318 317 -5.120000000000000e+02
318 318 1.024000000000000e+03
318 319 -5.120000000000000e+02
319 318 -5.120000000000000e+02
319 319 1.024000000000000e+03
319 320 -5.120000000000000e+02
320 319 -5.120000000000000e+02
320 320 1.024000000000000e+03
320 321 -5.120000000000000e+02
321 320 -5.120000000000000e+02
321 321 1.024000000000000e+03
321 322 -5.120000000000000e+02
322 321 -5.120000000000000e+02
322 322 1.024000000000000e+03
322 323 -5.120000000000000e+02
323 322 -5.120000000000000e+02
323 323 1.024000000000000e+03
323 324 -5.120000000000000e+02
324 323 -5.120000000000000e+02
324 324 1.024000000000000e+03
324 325 -5.120000000000000e+02
325 324 -5.120000000000000e+02
325 325 1.024000000000000e+03
325 326 -5.120000000000000e+02
326 325 -5.120000000000000e+02
326 326 1.024000000000000e+03
326 327 -5.120000000000000e+02
327 326 -5.120000000000000e+02
327 327 1.024000000000000e+03
327 328 -5.120000000000000e+02
328 327 -5.120000000000000e+02
328 328 1.024000000000000e+03
328 329 -5.120000000000000e+02
329 328 -5.120000000000000e+02
329 329 1.024000000000000e+03
329 330 -5.120000000000000e+02
330 329 -5.120000000000000e+02
330 330 1.024000000000000e+03
330 331 -5.120000000000000e+02
331 330 -5.120000000000000e+02
331 331 1.024000000000000e+03
331 332 -5.120000000000000e+02
332 331 -5.120000000000000e+02
332 332 1.024000000000000e+03
332 333 -5.120000000000000e+02
333 332 -5.120000000000000e+02
333 333 1.024000000000000e+03
333 334 -5.120000000000000e+02
334 333 -5.120000000000000e+02
334 334 1.024000000000000e+03
334 335 -5.120000000000000e+02
335 334 -5.120000000000000e+02
335 335 1.024000000000000e+03
335 336 -5.120000000000000e+02
336 335 -5.120000000000000e+02
336 336 1.024000000000000e+03
336 337 -5.120000000000000e+02
337 336 -5.120000000000000e+02
337 337 1.024000000000000e+03
337 338 -5.120000000000000e+02
338 337 -5.120000000000000e+02
338 338 1.024000000000000e+03
338 339 -5.120000000000000e+02
339 338 -5.120000000000000e+02
339 339 1.024000000000000e+03
339 340 -5.120000000000000e+02
340 339 -5.120000000000000e+02
340 340 1.024000000000000e+03
340 341 -5.120000000000000e+02
341 340 -5.120000000000000e+02
341 341 1.024000000000000e+03
341 342 -5.120000000000000e+02
342 341 -5.120000000000000e+02
342 342 1.024000000000000e+03
342 343 -5.120000000000000e+02
343 342 -5.120000000000000e+02
343 343 1.024000000000000e+03
343 344 -5.120000000000000e+02
344 343 -5.120000000000000e+02
344 344 1.024000000000000e+03
344 345 -5.120000000000000e+02
345 344 -5.120000000000000e+02
345 345 1.024000000000000e+03
345 346 -5.120000000000000e+02
346 345 -5.120000000000000e+02
346 346 1.024000000000000e+03
346 347 -5.120000000000000e+02
347 346 -5.120000000000000e+02
347 347 1.024000000000000e+03
347 348 -5.120000000000000e+02
348 347 -5.120000000000000e+02
348 348 1.024000000000000e+03
348 349 -5.120000000000000e+02
349 348 -5.120000000000000e+02
349 349 1.024000000000000e+03
349 350 -5.120000000000000e+02
350 349 -5.120000000000000e+02
350 350 1.024000000000000e+03
350 351 -5.120000000000000e+02
351 350 -5.120000000000000e+02
351 351 1.024000000000000e+03
351 352 -5.120000000000000e+02
352 351 -5.120000000000000e+02
352 352 1.024000000000000e+03
352 353 -5.120000000000000e+02
353 352 -5.120000000000000e+02
353 353 1.024000000000000e+03
353 354 -5.120000000000000e+02
354 353 -5.120000000000000e+02
354 354 1.024000000000000e+03
354 355 -5.120000000000000e+02
355 354 -5.120000000000000e+02
355 355 1.024000000000000e+03
355 356 -5.120000000000000e+02
356 355 -5.120000000000000e+02
356 356 1.024000000000000e+03
356 357 -5.120000000000000e+02
357 356 -5.120000000000000e+02
357 357 1.024000000000000e+03
357 358 -5.120000000000000e+02
358 357 -5.120000000000000e+02
358 358 1.024000000000000e+03
358 359 -5.120000000000000e+02
359 358 -5.120000000000000e+02
359 359 1.024000000000000e+03
359 360 -5.120000000000000e+02
360 359 -5.120000000000000e+02
360 360 1.024000000000000e+03
360 361 -5.120000000000000e+02
361 360 -5.120000000000000e+02
361 361 1.024000000000000e+03
361 362 -5.120000000000000e+02
362 361 -5.120000000000000e+02
362 362 1.024000000000000e+03
362 363 -5.120000000000000e+02
363 362 -5.120000000000000e+02
363 363 1.024000000000000e+03
363 364 -5.120000000000000e+02
364 363 -5.120000000000000e+02
364 364 1.024000000000000e+03
364 365 -5.120000000000000e+02
365 364 -5.120000000000000e+02
365 365 1.024000000000000e+03
365 366 -5.120000000000000e+02
366 365 -5.120000000000000e+02
366 366 1.024000000000000e+03
366 367 -5.120000000000000e+02
367 366 -5.120000000000000e+02
367 367 1.024000000000000e+03
367 368 -5.120000000000000e+02
368 367 -5.120000000000000e+02
368 368 1.024000000000000e+03
368 369 -5.120000000000000e+02
369 368 -5.120000000000000e+02
369 369 1.024000000000000e+03
369 370 -5.120000000000000e+02
370 369 -5.120000000000000e+02
370 370 1.024000000000000e+03
370 371 -5.120000000000000e+02
371 370 -5.120000000000000e+02
371 371 1.024000000000000e+03
371 372 -5.120000000000000e+02
372 371 -5.120000000000000e+02
372 372 1.024000000000000e+03
372 373 -5.120000000000000e+02
373 372 -5.120000000000000e+02
373 373 1.024000000000000e+03
373 374 -5.120000000000000e+02
374 373 -5.120000000000000e+02
374 374 1.024000000000000e+03
374 375 -5.120000000000000e+02
375 374 -5.120000000000000e+02
375 375 1.024000000000000e+03
375 376 -5.120000000000000e+02
376 375 -5.120000000000000e+02
376 376 1.024000000000000e+03
376 377 -5.120000000000000e+02
377 376 -5.120000000000000e+02
377 377 1.024000000000000e+03
377 378 -5.120000000000000e+02
378 377 -5.120000000000000e+02
378 378 1.024000000000000e+03
378 379 -5.120000000000000e+02
379 378 -5.120000000000000e+02
379 379 1.024000000000000e+03
379 380 -5.120000000000000e+02
380 379 -5.120000000000000e+02
380 380 1.024000000000000e+03
380 381 -5.120000000000000e+02
381 380 -5.120000000000000e+02
381 381 1.024000000000000e+03
381 382 -5.120000000000000e+02
382 381 -5.120000000000000e+02
382 382 1.024000000000000e+03
382 383 -5.120000000000000e+02
383 382 -5.120000000000000e+02
383 383 1.024000000000000e+03
383 384 -5.120000000000000e+02
384 383 -5.120000000000000e+02
384 384 1.024000000000000e+03
384 385 -5.120000000000000e+02
385 384 -5.120000000000000e+02
385 385 1.024000000000000e+03
385 386 -5.120000000000000e+02
386 385 -5.120000000000000e+02
386 386 1.024000000000000e+03
386 387 -5.120000000000000e+02
387 386 -5.120000000000000e+02
387 387 1.024000000000000e+03
387 388 -5.120000000000000e+02
388 387 -5.120000000000000e+02
388 388 1.024000000000000e+03
388 389 -5.120000000000000e+02
389 388 -5.120000000000000e+02
389 389 1.024000000000000e+03
389 390 -5.120000000000000e+02
390 389 -5.120000000000000e+02
390 390 1.024000000000000e+03
390 391 -5.120000000000000e+02
391 390 -5.120000000000000e+02
391 391 1.024000000000000e+03
391 392 -5.120000000000000e+02
392 391 -5.120000000000000e+02
392 392 1.024000000000000e+03
392 393 -5.120000000000000e+02
393 392 -5.120000000000000e+02
393 393 1.024000000000000e+03
393 394 -5.120000000000000e+02
394 393 -5.120000000000000e+02
394 394 1.024000000000000e+03
394 395 -5.120000000000000e+02
395 394 -5.120000000000000e+02
395 395 1.024000000000000e+03
395 396 -5.120000000000000e+02
396 395 -5.120000000000000e+02
396 396 1.024000000000000e+03
396 397 -5.120000000000000e+02
397 396 -5.120000000000000e+02
397 397 1.024000000000000e+03
397 398 -5.120000000000000e+02
398 397 -5.120000000000000e+02
398 398 1.024000000000000e+03
398 399 -5.120000000000000e+02
399 398 -5.120000000000000e+02
399 399 1.024000000000000e+03
399 400 -5.120000000000000e+02
400 399 -5.120000000000000e+02
400 400 1.024000000000000e+03
400 401 -5.120000000000000e+02
401 400 -5.120000000000000e+02
401 401 1.024000000000000e+03
401 402 -5.120000000000000e+02
402 401 -5.120000000000000e+02
402 402 1.024000000000000e+03
402 403 -5.120000000000000e+02
403 402 -5.120000000000000e+02
403 403 1.024000000000000e+03
403 404 -5.120000000000000e+02
404 403 -5.120000000000000e+02
404 404 1.024000000000000e+03
404 405 -5.120000000000000e+02
405 404 -5.120000000000000e+02
405 405 1.024000000000000e+03
405 406 -5.120000000000000e+02
406 405 -5.120000000000000e+02
406 406 1.024000000000000e+03
406 407 -5.120000000000000e+02
407 406 -5.120000000000000e+02
407 407 1.024000000000000e+03
407 408 -5.120000000000000e+02
408 407 -5.120000000000000e+02
408 408 1.024000000000000e+03
408 409 -5.120000000000000e+02
409 408 -5.120000000000000e+02
409 409 1.024000000000000e+03
409 410 -5.120000000000000e+02
410 409 -5.120000000000000e+02
410 410 1.024000000000000e+03
410 411 -5.120000000000000e+02
411 410 -5.120000000000000e+02
411 411 1.024000000000000e+03
411 412 -5.120000000000000e+02
412 411 -5.120000000000000e+02
412 412 1.024000000000000e+03
412 413 -5.120000000000000e+02
413 412 -5.120000000000000e+02
413 413 1.024000000000000e+03
413 414 -5.120000000000000e+02
414 413 -5.120000000000000e+02
414 414 1.024000000000000e+03
414 415 -5.120000000000000e+02
415 414 -5.120000000000000e+02
415 415 1.024000000000000e+03
415 416 -5.120000000000000e+02
416 415 -5.120000000000000e+02
416 416 1.024000000000000e+03
416 417 -5.120000000000000e+02
417 416 -5.120000000000000e+02
417 417 1.024000000000000e+03
417 418 -5.120000000000000e+02
418 417 -5.120000000000000e+02
418 418 1.024000000000000e+03
418 419 -5.120000000000000e+02
419 418 -5.120000000000000e+02
419 419 1.024000000000000e+03
419 420 -5.120000000000000e+02
420 419 -5.120000000000000e+02
420 420 1.024000000000000e+03
420 421 -5.120000000000000e+02
421 420 -5.120000000000000e+02
421 421 1.024000000000000e+03
421 422 -5.120000000000000e+02
422 421 -5.120000000000000e+02
422 422 1.024000000000000e+03
422 423 -5.120000000000000e+02
423 422 -5.120000000000000e+02
423 423 1.024000000000000e+03
423 424 -5.120000000000000e+02
424 423 -5.120000000000000e+02
424 424 1.024000000000000e+03
424 425 -5.120000000000000e+02
425 424 -5.120000000000000e+02
425 425 1.024000000000000e+03
425 426 -5.120000000000000e+02
426 425 -5.120000000000000e+02
426 426 1.024000000000000e+03
426 427 -5.120000000000000e+02
427 426 -5.120000000000000e+02
427 427 1.024000000000000e+03
427 428 -5.120000000000000e+02
428 427 -5.120000000000000e+02
428 428 1.024000000000000e+03
428 429 -5.120000000000000e+02
429 428 -5.120000000000000e+02
429 429 1.024000000000000e+03
429 430 -5.120000000000000e+02
430 429 -5.120000000000000e+02
430 430 1.024000000000000e+03
430 431 -5.120000000000000e+02
431 430 -5.120000000000000e+02
431 431 1.024000000000000e+03
431 432 -5.120000000000000e+02
432 431 -5.120000000000000e+02
432 432 1.024000000000000e+03
432 433 -5.120000000000000e+02
433 432 -5.120000000000000e+02
433 433 1.024000000000000e+03
433 434 -5.120000000000000e+02
434 433 -5.120000000000000e+02
434 434 1.024000000000000e+03
434 435 -5.120000000000000e+02
435 434 -5.120000000000000e+02
435 435 1.024000000000000e+03
435 436 -5.120000000000000e+02
436 435 -5.120000000000000e+02
436 436 1.024000000000000e+03
436 437 -5.120000000000000e+02
437 436 -5.120000000000000e+02
437 437 1.024000000000000e+03
437 438 -5.120000000000000e+02
438 437 -5.120000000000000e+02
438 438 1.024000000000000e+03
438 439 -5.120000000000000e+02
439 438 -5.120000000000000e+02
439 439 1.024000000000000e+03
439 440 -5.120000000000000e+02
440 439 -5.120000000000000e+02
440 440 1.024000000000000e+03
440 441 -5.120000000000000e+02
441 440 -5.120000000000000e+02
441 441 1.024000000000000e+03
441 442 -5.120000000000000e+02
442 441 -5.120000000000000e+02
442 442 1.024000000000000e+03
442 443 -5.120000000000000e+02
443 442 -5.120000000000000e+02
443 443 1.024000000000000e+03
443 444 -5.120000000000000e+02
444 443 -5.120000000000000e+02
444 444 1.024000000000000e+03
444 445 -5.120000000000000e+02
445 444 -5.120000000000000e+02
445 445 1.024000000000000e+03
445 446 -5.120000000000000e+02
446 445 -5.120000000000000e+02
446 446 1.024000000000000e+03
446 447 -5.120000000000000e+02
447 446 -5.120000000000000e+02
447 447 1.024000000000000e+03
447 448 -5.120000000000000e+02
448 447 -5.120000000000000e+02
448 448 1.024000000000000e+03
448 449 -5.120000000000000e+02
449 448 -5.120000000000000e+02
449 449 1.024000000000000e+03
449 450 -5.120000000000000e+02
450 449 -5.120000000000000e+02
450 450 1.024000000000000e+03
450 451 -5.120000000000000e+02
451 450 -5.120000000000000e+02
451 451 1.024000000000000e+03
451 452 -5.120000000000000e+02
452 451 -5.120000000000000e+02
452 452 1.024000000000000e+03
452 453 -5.120000000000000e+02
453 452 -5.120000000000000e+02
453 453 1.024000000000000e+03
453 454 -5.120000000000000e+02
454 453 -5.120000000000000e+02
454 454 1.024000000000000e+03
454 455 -5.120000000000000e+02
455 454 -5.120000000000000e+02
455 455 1.024000000000000e+03
455 456 -5.120000000000000e+02
456 455 -5.120000000000000e+02
456 456 1.024000000000000e+03
456 457 -5.120000000000000e+02
457 456 -5.120000000000000e+02
457 457 1.024000000000000e+03
457 458 -5.120000000000000e+02
458 457 -5.120000000000000e+02
458 458 1.024000000000000e+03
458 459 -5.120000000000000e+02
459 458 -5.120000000000000e+02
459 459 1.024000000000000e+03
459 460 -5.120000000000000e+02
460 459 -5.120000000000000e+02
460 460 1.024000000000000e+03
460 461 -5.120000000000000e+02
461 460 -5.120000000000000e+02
461 461 1.024000000000000e+03
461 462 -5.120000000000000e+02
462 461 -5.120000000000000e+02
462 462 1.024000000000000e+03
462 463 -5.120000000000000e+02
463 462 -5.120000000000000e+02
463 463 1.024000000000000e+03
463 464 -5.120000000000000e+02
464 463 -5.120000000000000e+02
464 464 1.024000000000000e+03
464 465 -5.120000000000000e+02
465 464 -5.120000000000000e+02
465 465 1.024000000000000e+03
465 466 -5.120000000000000e+02
466 465 -5.120000000000000e+02
466 466 1.024000000000000e+03
466 467 -5.120000000000000e+02
467 466 -5.120000000000000e+02
467 467 1.024000000000000e+03
467 468 -5.120000000000000e+02
468 467 -5.120000000000000e+02
468 468 1.024000000000000e+03
468 469 -5.120000000000000e+02
469 468 -5.120000000000000e+02
469 469 1.024000000000000e+03
469 470 -5.120000000000000e+02
470 469 -5.120000000000000e+02
470 470 1.024000000000000e+03
470 471 -5.120000000000000e+02
471 470 -5.120000000000000e+02
471 471 1.024000000000000e+03
471 472 -5.120000000000000e+02
472 471 -5.120000000000000e+02
472 472 1.024000000000000e+03
472 473 -5.120000000000000e+02
473 472 -5.120000000000000e+02
473 473 1.024000000000000e+03
473 474 -5.120000000000000e+02
474 473 -5.120000000000000e+02
474 474 1.024000000000000e+03
474 475 -5.120000000000000e+02
475 474 -5.120000000000000e+02
475 475 1.024000000000000e+03
475 476 -5.120000000000000e+02
476 475 -5.120000000000000e+02
476 476 1.024000000000000e+03
476 477 -5.120000000000000e+02
477 476 -5.120000000000000e+02
477 477 1.024000000000000e+03
477 478 -5.120000000000000e+02
478 477 -5.120000000000000e+02
478 478 1.024000000000000e+03
478 479 -5.120000000000000e+02
479 478 -5.120000000000000e+02
479 479 1.024000000000000e+03
479 480 -5.120000000000000e+02
480 479 -5.120000000000000e+02
480 480 1.024000000000000e+03
480 481 -5.120000000000000e+02
481 480 -5.120000000000000e+02
481 481 1.024000000000000e+03
481 482 -5.120000000000000e+02
482 481 -5.120000000000000e+02
482 482 1.024000000000000e+03
482 483 -5.120000000000000e+02
483 482 -5.120000000000000e+02
483 483 1.024000000000000e+03
483 484 -5.120000000000000e+02
484 483 -5.120000000000000e+02
484 484 1.024000000000000e+03
484 485 -5.120000000000000e+02
485 484 -5.120000000000000e+02
485 485 1.024000000000000e+03
485 486 -5.120000000000000e+02
486 485 -5.120000000000000e+02
486 486 1.024000000000000e+03
486 487 -5.120000000000000e+02
487 486 -5.120000000000000e+02
487 487 1.024000000000000e+03
487 488 -5.120000000000000e+02
488 487 -5.120000000000000e+02
488 488 1.024000000000000e+03
488 489 -5.120000000000000e+02
489 488 -5.120000000000000e+02
489 489 1.024000000000000e+03
489 490 -5.120000000000000e+02
490 489 -5.120000000000000e+02
490 490 1.024000000000000e+03
490 491 -5.120000000000000e+02
491 490 -5.120000000000000e+02
491 491 1.024000000000000e+03
491 492 -5.120000000000000e+02
492 491 -5.120000000000000e+02
492 492 1.024000000000000e+03
492 493 -5.120000000000000e+02
493 492 -5.120000000000000e+02
493 493 1.024000000000000e+03
493 494 -5.120000000000000e+02
494 493 -5.120000000000000e+02
494 494 1.024000000000000e+03
494 495 -5.120000000000000e+02
495 494 -5.120000000000000e+02
495 495 1.024000000000000e+03
495 496 -5.120000000000000e+02
496 495 -5.120000000000000e+02
496 496 1.024000000000000e+03
496 497 -5.120000000000000e+02
497 496 -5.120000000000000e+02
497 497 1.024000000000000e+03
497 498 -5.120000000000000e+02
498 497 -5.120000000000000e+02
498 498 1.024000000000000e+03
498 499 -5.120000000000000e+02
499 498 -5.120000000000000e+02
499 499 1.024000000000000e+03
499 500 -5.120000000000000e+02
500 499 -5.120000000000000e+02
500 500 1.024000000000000e+03
500 501 -5.120000000000000e+02
501 500 -5.120000000000000e+02
501 501 1.024000000000000e+03
501 502 -5.120000000000000e+02
502 501 -5.120000000000000e+02
502 502 1.024000000000000e+03
502 503 -5.120000000000000e+02
503 502 -5.120000000000000e+02
503 503 1.024000000000000e+03
503 504 -5.120000000000000e+02
504 503 -5.120000000000000e+02
504 504 1.024000000000000e+03
504 505 -5.120000000000000e+02
505 504 -5.120000000000000e+02
505 505 1.024000000000000e+03
505 506 -5.120000000000000e+02
506 505 -5.120000000000000e+02
506 506 1.024000000000000e+03
506 507 -5.120000000000000e+02
507 506 -5.120000000000000e+02
507 507 1.024000000000000e+03
507 508 -5.120000000000000e+02
508 507 -5.120000000000000e+02
508 508 1.024000000000000e+03
508 509 -5.120000000000000e+02
509 508 -5.120000000000000e+02
509 509 1.024000000000000e+03
509 510 -5.120000000000000e+02
510 509 -5.120000000000000e+02
510 510 1.024000000000000e+03
510 511 -5.120000000000000e+02
511 510 -5.120000000000000e+02
511 511 1.024000000000000e+03
511 512 -5.120000000000000e+02
512 511 -5.120000000000000e+02
512 512 1.024000000000000e+03
512 513 -5.120000000000000e+02
513 512 -5.120000000000000e+02
513 513 1.024000000000000e+03
513 514 -5.120000000000000e+02
514 513 -5.120000000000000e+02
514 514 1.024000000000000e+03
514 515 -5.120000000000000e+02
515 514 -5.120000000000000e+02
515 515 1.024000000000000e+03
515 516 -5.120000000000000e+02
516 515 -5.120000000000000e+02
516 516 1.024000000000000e+03
516 517 -5.120000000000000e+02
517 516 -5.120000000000000e+02
517 517 1.024000000000000e+03
517 518 -5.120000000000000e+02
518 517 -5.120000000000000e+02
518 518 1.024000000000000e+03
518 519 -5.120000000000000e+02
519 518 -5.120000000000000e+02
519 519 1.024000000000000e+03
519 520 -5.120000000000000e+02
520 519 -5.120000000000000e+02
520 520 1.024000000000000e+03
520 521 -5.120000000000000e+02
521 520 -5.120000000000000e+02
521 521 1.024000000000000e+03
521 522 -5.120000000000000e+02
522 521 -5.120000000000000e+02
522 522 1.024000000000000e+03
522 523 -5.120000000000000e+02
523 522 -5.120000000000000e+02
523 523 1.024000000000000e+03
523 524 -5.120000000000000e+02
524 523 -5.120000000000000e+02
524 524 1.024000000000000e+03
524 525 -5.120000000000000e+02
525 524 -5.120000000000000e+02
525 525 1.024000000000000e+03
525 526 -5.120000000000000e+02
526 525 -5.120000000000000e+02
526 526 1.024000000000000e+03
526 527 -5.120000000000000e+02
527 526 -5.120000000000000e+02
527 527 1.024000000000000e+03
527 528 -5.120000000000000e+02
528 527 -5.120000000000000e+02
528 528 1.024000000000000e+03
528 529 -5.120000000000000e+02
529 528 -5.120000000000000e+02
529 529 1.024000000000000e+03
529 530 -5.120000000000000e+02
530 529 -5.120000000000000e+02
530 530 1.024000000000000e+03
530 531 -5.120000000000000e+02
531 530 -5.120000000000000e+02
531 531 1.024000000000000e+03
531 532 -5.120000000000000e+02
532 531 -5.120000000000000e+02
532 532 1.024000000000000e+03
532 533 -5.120000000000000e+02
533 532 -5.120000000000000e+02
533 533 1.024000000000000e+03
533 534 -5.120000000000000e+02
534 533 -5.120000000000000e+02
534 534 1.024000000000000e+03
534 535 -5.120000000000000e+02
535 534 -5.120000000000000e+02
535 535 1.024000000000000e+03
535 536 -5.120000000000000e+02
536 535 -5.120000000000000e+02
536 536 1.024000000000000e+03
536 537 -5.120000000000000e+02
537 536 -5.120000000000000e+02
537 537 1.024000000000000e+03
537 538 -5.120000000000000e+02
538 537 -5.120000000000000e+02
538 538 1.024000000000000e+03
538 539 -5.120000000000000e+02
539 538 -5.120000000000000e+02
539 539 1.024000000000000e+03
539 540 -5.120000000000000e+02
540 539 -5.120000000000000e+02
540 540 1.024000000000000e+03
540 541 -5.120000000000000e+02
541 540 -5.120000000000000e+02
541 541 1.024000000000000e+03
541 542 -5.120000000000000e+02
542 541 -5.120000000000000e+02
542 542 1.024000000000000e+03
542 543 -5.120000000000000e+02
543 542 -5.120000000000000e+02
543 543 1.024000000000000e+03
543 544 -5.120000000000000e+02
544 543 -5.120000000000000e+02
544 544 1.024000000000000e+03
544 545 -5.120000000000000e+02
545 544 -5.120000000000000e+02
545 545 1.024000000000000e+03
545 546 -5.120000000000000e+02
546 545 -5.120000000000000e+02
546 546 1.024000000000000e+03
546 547 -5.120000000000000e+02
547 546 -5.120000000000000e+02
547 547 1.024000000000000e+03
547 548 -5.120000000000000e+02
548 547 -5.120000000000000e+02
548 548 1.024000000000000e+03
548 549 -5.120000000000000e+02
549 548 -5.120000000000000e+02
549 549 1.024000000000000e+03
549 550 -5.120000000000000e+02
550 549 -5.120000000000000e+02
550 550 1.024000000000000e+03
550 551 -5.120000000000000e+02
551 550 -5.120000000000000e+02
551 551 1.024000000000000e+03
551 552 -5.120000000000000e+02
552 551 -5.120000000000000e+02
552 552 1.024000000000000e+03
552 553 -5.120000000000000e+02
553 552 -5.120000000000000e+02
553 553 1.024000000000000e+03
553 554 -5.120000000000000e+02
554 553 -5.120000000000000e+02
554 554 1.024000000000000e+03
554 555 -5.120000000000000e+02
555 554 -5.120000000000000e+02
555 555 1.024000000000000e+03
555 556 -5.120000000000000e+02
556 555 -5.120000000000000e+02
556 556 1.024000000000000e+03
556 557 -5.120000000000000e+02
557 556 -5.120000000000000e+02
557 557 1.024000000000000e+03
557 558 -5.120000000000000e+02
558 557 -5.120000000000000e+02
558 558 1.024000000000000e+03
558 559 -5.120000000000000e+02
559 558 -5.120000000000000e+02
559 559 1.024000000000000e+03
559 560 -5.120000000000000e+02
560 559 -5.120000000000000e+02
560 560 1.024000000000000e+03
560 561 -5.120000000000000e+02
561 560 -5.120000000000000e+02
561 561 1.024000000000000e+03
561 562 -5.120000000000000e+02
562 561 -5.120000000000000e+02
562 562 1.024000000000000e+03
562 563 -5.120000000000000e+02
563 562 -5.120000000000000e+02
563 563 1.024000000000000e+03
563 564 -5.120000000000000e+02
564 563 -5.120000000000000e+02
564 564 1.024000000000000e+03
564 565 -5.120000000000000e+02
565 564 -5.120000000000000e+02
565 565 1.024000000000000e+03
565 566 -5.120000000000000e+02
566 565 -5.120000000000000e+02
566 566 1.024000000000000e+03
566 567 -5.120000000000000e+02
567 566 -5.120000000000000e+02
567 567 1.024000000000000e+03
567 568 -5.120000000000000e+02
568 567 -5.120000000000000e+02
568 568 1.024000000000000e+03
568 569 -5.120000000000000e+02
569 568 -5.120000000000000e+02
569 569 1.024000000000000e+03
569 570 -5.120000000000000e+02
570 569 -5.120000000000000e+02
570 570 1.024000000000000e+03
570 571 -5.120000000000000e+02
571 570 -5.120000000000000e+02
571 571 1.024000000000000e+03
571 572 -5.120000000000000e+02
572 571 -5.120000000000000e+02
572 572 1.024000000000000e+03
572 573 -5.120000000000000e+02
573 572 -5.120000000000000e+02
573 573 1.024000000000000e+03
573 574 -5.120000000000000e+02
574 573 -5.120000000000000e+02
574 574 1.024000000000000e+03
574 575 -5.120000000000000e+02
575 574 -5.120000000000000e+02
575 575 1.024000000000000e+03
575 576 -5.120000000000000e+02
576 575 -5.120000000000000e+02
576 576 1.024000000000000e+03
576 577 -5.120000000000000e+02
577 576 -5.120000000000000e+02
577 577 1.024000000000000e+03
577 578 -5.120000000000000e+02
578 577 -5.120000000000000e+02
578 578 1.024000000000000e+03
578 579 -5.120000000000000e+02
579 578 -5.120000000000000e+02
579 579 1.024000000000000e+03
579 580 -5.120000000000000e+02
580 579 -5.120000000000000e+02
580 580 1.024000000000000e+03
580 581 -5.120000000000000e+02
581 580 -5.120000000000000e+02
581 581 1.024000000000000e+03
581 582 -5.120000000000000e+02
582 581 -5.120000000000000e+02
582 582 1.024000000000000e+03
582 583 -5.120000000000000e+02
583 582 -5.120000000000000e+02
583 583 1.024000000000000e+03
583 584 -5.120000000000000e+02
584 583 -5.120000000000000e+02
584 584 1.024000000000000e+03
584 585 -5.120000000000000e+02
585 584 -5.120000000000000e+02
585 585 1.024000000000000e+03
585 586 -5.120000000000000e+02
586 585 -5.120000000000000e+02
586 586 1.024000000000000e+03
586 587 -5.120000000000000e+02
587 586 -5.120000000000000e+02
587 587 1.024000000000000e+03
587 588 -5.120000000000000e+02
588 587 -5.120000000000000e+02
588 588 1.024000000000000e+03
588 589 -5.120000000000000e+02
589 588 -5.120000000000000e+02
589 589 1.024000000000000e+03
589 590 -5.120000000000000e+02
590 589 -5.120000000000000e+02
590 590 1.024000000000000e+03
590 591 -5.120000000000000e+02
591 590 -5.120000000000000e+02
591 591 1.024000000000000e+03
591 592 -5.120000000000000e+02
592 591 -5.120000000000000e+02
592 592 1.024000000000000e+03
592 593 -5.120000000000000e+02
593 592 -5.120000000000000e+02
593 593 1.024000000000000e+03
593 594 -5.120000000000000e+02
594 593 -5.120000000000000e+02
594 594 1.024000000000000e+03
594 595 -5.120000000000000e+02
595 594 -5.120000000000000e+02
595 595 1.024000000000000e+03
595 596 -5.120000000000000e+02
596 595 -5.120000000000000e+02
596 596 1.024000000000000e+03
596 597 -5.120000000000000e+02
597 596 -5.120000000000000e+02
597 597 1.024000000000000e+03
597 598 -5.120000000000000e+02
598 597 -5.120000000000000e+02
598 598 1.024000000000000e+03
598 599 -5.120000000000000e+02
599 598 -5.120000000000000e+02
599 599 1.024000000000000e+03
599 600 -5.120000000000000e+02
600 599 -5.120000000000000e+02
600 600 1.024000000000000e+03
600 601 -5.120000000000000e+02
601 600 -5.120000000000000e+02
601 601 1.024000000000000e+03
601 602 -5.120000000000000e+02
602 601 -5.120000000000000e+02
602 602 1.024000000000000e+03
602 603 -5.120000000000000e+02
603 602 -5.120000000000000e+02
603 603 1.024000000000000e+03
603 604 -5.120000000000000e+02
604 603 -5.120000000000000e+02
604 604 1.024000000000000e+03
604 605 -5.120000000000000e+02
605 604 -5.120000000000000e+02
605 605 1.024000000000000e+03
605 606 -5.120000000000000e+02
606 605 -5.120000000000000e+02
606 606 1.024000000000000e+03
606 607 -5.120000000000000e+02
607 606 -5.120000000000000e+02
607 607 1.024000000000000e+03
607 608 -5.120000000000000e+02
608 607 -5.120000000000000e+02
608 608 1.024000000000000e+03
608 609 -5.120000000000000e+02
609 608 -5.120000000000000e+02
609 609 1.024000000000000e+03
609 610 -5.120000000000000e+02
610 609 -5.120000000000000e+02
610 610 1.024000000000000e+03
610 611 -5.120000000000000e+02
611 610 -5.120000000000000e+02
611 611 1.024000000000000e+03
611 612 -5.120000000000000e+02
612 611 -5.120000000000000e+02
612 612 1.024000000000000e+03
612 613 -5.120000000000000e+02
613 612 -5.120000000000000e+02
613 613 1.024000000000000e+03
613 614 -5.120000000000000e+02
614 613 -5.120000000000000e+02
614 614 1.024000000000000e+03
614 615 -5.120000000000000e+02
615 614 -5.120000000000000e+02
615 615 1.024000000000000e+03
615 616 -5.120000000000000e+02
616 615 -5.120000000000000e+02
616 616 1.024000000000000e+03
616 617 -5.120000000000000e+02
617 616 -5.120000000000000e+02
617 617 1.024000000000000e+03
617 618 -5.120000000000000e+02
618 617 -5.120000000000000e+02
618 618 1.024000000000000e+03
618 619 -5.120000000000000e+02
619 618 -5.120000000000000e+02
619 619 1.024000000000000e+03
619 620 -5.120000000000000e+02
620 619 -5.120000000000000e+02
620 620 1.024000000000000e+03
620 621 -5.120000000000000e+02
621 620 -5.120000000000000e+02
621 621 1.024000000000000e+03
621 622 -5.120000000000000e+02
622 621 -5.120000000000000e+02
622 622 1.024000000000000e+03
622 623 -5.120000000000000e+02
623 622 -5.120000000000000e+02
623 623 1.024000000000000e+03
623 624 -5.120000000000000e+02
624 623 -5.120000000000000e+02
624 624 1.024000000000000e+03
624 625 -5.120000000000000e+02
625 624 -5.120000000000000e+02
625 625 1.024000000000000e+03
625 626 -5.120000000000000e+02
626 625 -5.120000000000000e+02
626 626 1.024000000000000e+03
626 627 -5.120000000000000e+02
627 626 -5.120000000000000e+02
627 627 1.024000000000000e+03
627 628 -5.120000000000000e+02
628 627 -5.120000000000000e+02
628 628 1.024000000000000e+03
628 629 -5.120000000000000e+02
629 628 -5.120000000000000e+02
629 629 1.024000000000000e+03
629 630 -5.120000000000000e+02
630 629 -5.120000000000000e+02
630 630 1.024000000000000e+03
630 631 -5.120000000000000e+02
631 630 -5.120000000000000e+02
631 631 1.024000000000000e+03
631 632 -5.120000000000000e+02
632 631 -5.120000000000000e+02
632 632 1.024000000000000e+03
632 633 -5.120000000000000e+02
633 632 -5.120000000000000e+02
633 633 1.024000000000000e+03
633 634 -5.120000000000000e+02
634 633 -5.120000000000000e+02
634 634 1.024000000000000e+03
634 635 -5.120000000000000e+02
635 634 -5.120000000000000e+02
635 635 1.024000000000000e+03
635 636 -5.120000000000000e+02
636 635 -5.120000000000000e+02
636 636 1.024000000000000e+03
636 637 -5.120000000000000e+02
637 636 -5.120000000000000e+02
637 637 1.024000000000000e+03
637 638 -5.120000000000000e+02
638 637 -5.120000000000000e+02
638 638 1.024000000000000e+03
638 639 -5.120000000000000e+02
639 638 -5.120000000000000e+02
639 639 1.024000000000000e+03
639 640 -5.120000000000000e+02
640 639 -5.120000000000000e+02
640 640 1.024000000000000e+03
640 641 -5.120000000000000e+02
641 640 -5.120000000000000e+02
641 641 1.024000000000000e+03
641 642 -5.120000000000000e+02
642 641 -5.120000000000000e+02
642 642 1.024000000000000e+03
642 643 -5.120000000000000e+02
643 642 -5.120000000000000e+02
643 643 1.024000000000000e+03
643 644 -5.120000000000000e+02
644 643 -5.120000000000000e+02
644 644 1.024000000000000e+03
644 645 -5.120000000000000e+02
645 644 -5.120000000000000e+02
645 645 1.024000000000000e+03
645 646 -5.120000000000000e+02
646 645 -5.120000000000000e+02
646 646 1.024000000000000e+03
646 647 -5.120000000000000e+02
647 646 -5.120000000000000e+02
647 647 1.024000000000000e+03
647 648 -5.120000000000000e+02
648 647 -5.120000000000000e+02
648 648 1.024000000000000e+03
648 649 -5.120000000000000e+02
649 648 -5.120000000000000e+02
649 649 1.024000000000000e+03
649 650 -5.120000000000000e+02
650 649 -5.120000000000000e+02
650 650 1.024000000000000e+03
650 651 -5.120000000000000e+02
651 650 -5.120000000000000e+02
651 651 1.024000000000000e+03
651 652 -5.120000000000000e+02
652 651 -5.120000000000000e+02
652 652 1.024000000000000e+03
652 653 -5.120000000000000e+02
653 652 -5.120000000000000e+02
653 653 1.024000000000000e+03
653 654 -5.120000000000000e+02
654 653 -5.120000000000000e+02
654 654 1.024000000000000e+03
654 655 -5.120000000000000e+02
655 654 -5.120000000000000e+02
655 655 1.024000000000000e+03
655 656 -5.120000000000000e+02
656 655 -5.120000000000000e+02
656 656 1.024000000000000e+03
656 657 -5.120000000000000e+02
657 656 -5.120000000000000e+02
657 657 1.024000000000000e+03
657 658 -5.120000000000000e+02
658 657 -5.120000000000000e+02
658 658 1.024000000000000e+03
658 659 -5.120000000000000e+02
659 658 -5.120000000000000e+02
659 659 1.024000000000000e+03
659 660 -5.120000000000000e+02
660 659 -5.120000000000000e+02
660 660 1.024000000000000e+03
660 661 -5.120000000000000e+02
661 660 -5.120000000000000e+02
661 661 1.024000000000000e+03
661 662 -5.120000000000000e+02
662 661 -5.120000000000000e+02
662 662 1.024000000000000e+03
662 663 -5.120000000000000e+02
663 662 -5.120000000000000e+02
663 663 1.024000000000000e+03
663 664 -5.120000000000000e+02
664 663 -5.120000000000000e+02
664 664 1.024000000000000e+03
664 665 -5.120000000000000e+02
665 664 -5.120000000000000e+02
665 665 1.024000000000000e+03
665 666 -5.120000000000000e+02
666 665 -5.120000000000000e+02
666 666 1.024000000000000e+03
666 667 -5.120000000000000e+02
667 666 -5.120000000000000e+02
667 667 1.024000000000000e+03
667 668 -5.120000000000000e+02
668 667 -5.120000000000000e+02
668 668 1.024000000000000e+03
668 669 -5.120000000000000e+02
669 668 -5.120000000000000e+02
669 669 1.024000000000000e+03
669 670 -5.120000000000000e+02
670 669 -5.120000000000000e+02
670 670 1.024000000000000e+03
670 671 -5.120000000000000e+02
671 670 -5.120000000000000e+02
671 671 1.024000000000000e+03
671 672 -5.120000000000000e+02
672 671 -5.120000000000000e+02
672 672 1.024000000000000e+03
672 673 -5.120000000000000e+02
673 672 -5.120000000000000e+02
673 673 1.024000000000000e+03
673 674 -5.120000000000000e+02
674 673 -5.120000000000000e+02
674 674 1.024000000000000e+03
674 675 -5.120000000000000e+02
675 674 -5.120000000000000e+02
675 675 1.024000000000000e+03
675 676 -5.120000000000000e+02
676 675 -5.120000000000000e+02
676 676 1.024000000000000e+03
676 677 -5.120000000000000e+02
677 676 -5.120000000000000e+02
677 677 1.024000000000000e+03
677 678 -5.120000000000000e+02
678 677 -5.120000000000000e+02
678 678 1.024000000000000e+03
678 679 -5.120000000000000e+02
679 678 -5.120000000000000e+02
679 679 1.024000000000000e+03
679 680 -5.120000000000000e+02
680 679 -5.120000000000000e+02
680 680 1.024000000000000e+03
680 681 -5.120000000000000e+02
681 680 -5.120000000000000e+02
681 681 1.024000000000000e+03
681 682 -5.120000000000000e+02
682 681 -5.120000000000000e+02
682 682 1.024000000000000e+03
682 683 -5.120000000000000e+02
683 682 -5.120000000000000e+02
683 683 1.024000000000000e+03
683 684 -5.120000000000000e+02
684 683 -5.120000000000000e+02
684 684 1.024000000000000e+03
684 685 -5.120000000000000e+02
685 684 -5.120000000000000e+02
685 685 1.024000000000000e+03
685 686 -5.120000000000000e+02
686 685 -5.120000000000000e+02
686 686 1.024000000000000e+03
686 687 -5.120000000000000e+02
687 686 -5.120000000000000e+02
687 687 1.024000000000000e+03
687 688 -5.120000000000000e+02
688 687 -5.120000000000000e+02
688 688 1.024000000000000e+03
688 689 -5.120000000000000e+02
689 688 -5.120000000000000e+02
689 689 1.024000000000000e+03
689 690 -5.120000000000000e+02
690 689 -5.120000000000000e+02
690 690 1.024000000000000e+03
690 691 -5.120000000000000e+02
691 690 -5.120000000000000e+02
691 691 1.024000000000000e+03
691 692 -5.120000000000000e+02
692 691 -5.120000000000000e+02
692 692 1.024000000000000e+03
692 693 -5.120000000000000e+02
693 692 -5.120000000000000e+02
693 693 1.024000000000000e+03
693 694 -5.120000000000000e+02
694 693 -5.120000000000000e+02
694 694 1.024000000000000e+03
694 695 -5.120000000000000e+02
695 694 -5.120000000000000e+02
695 695 1.024000000000000e+03
695 696 -5.120000000000000e+02
696 695 -5.120000000000000e+02
696 696 1.024000000000000e+03
696 697 -5.120000000000000e+02
697 696 -5.120000000000000e+02
697 697 1.024000000000000e+03
697 698 -5.120000000000000e+02
698 697 -5.120000000000000e+02
698 698 1.024000000000000e+03
698 699 -5.120000000000000e+02
699 698 -5.120000000000000e+02
699 699 1.024000000000000e+03
699 700 -5.120000000000000e+02
700 699 -5.120000000000000e+02
700 700 1.024000000000000e+03
700 701 -5.120000000000000e+02
701 700 -5.120000000000000e+02
701 701 1.024000000000000e+03
701 702 -5.120000000000000e+02
702 701 -5.120000000000000e+02
702 702 1.024000000000000e+03
702 703 -5.120000000000000e+02
703 702 -5.120000000000000e+02
703 703 1.024000000000000e+03
703 704 -5.120000000000000e+02
704 703 -5.120000000000000e+02
704 704 1.024000000000000e+03
704 705 -5.120000000000000e+02
705 704 -5.120000000000000e+02
705 705 1.024000000000000e+03
705 706 -5.120000000000000e+02
706 705 -5.120000000000000e+02
706 706 1.024000000000000e+03
706 707 -5.120000000000000e+02
707 706 -5.120000000000000e+02
707 707 1.024000000000000e+03
707 708 -5.120000000000000e+02
708 707 -5.120000000000000e+02
708 708 1.024000000000000e+03
708 709 -5.120000000000000e+02
709 708 -5.120000000000000e+02
709 709 1.024000000000000e+03
709 710 -5.120000000000000e+02
710 709 -5.120000000000000e+02
710 710 1.024000000000000e+03
710 711 -5.120000000000000e+02
711 710 -5.120000000000000e+02
711 711 1.024000000000000e+03
711 712 -5.120000000000000e+02
712 711 -5.120000000000000e+02
712 712 1.024000000000000e+03
712 713 -5.120000000000000e+02
713 712 -5.120000000000000e+02
713 713 1.024000000000000e+03
713 714 -5.120000000000000e+02
714 713 -5.120000000000000e+02
714 714 1.024000000000000e+03
714 715 -5.120000000000000e+02
715 714 -5.120000000000000e+02
715 715 1.024000000000000e+03
715 716 -5.120000000000000e+02
716 715 -5.120000000000000e+02
716 716 1.024000000000000e+03
716 717 -5.120000000000000e+02
717 716 -5.120000000000000e+02
717 717 1.024000000000000e+03
717 718 -5.120000000000000e+02
718 717 -5.120000000000000e+02
718 718 1.024000000000000e+03
718 719 -5.120000000000000e+02
719 718 -5.120000000000000e+02
719 719 1.024000000000000e+03
719 720 -5.120000000000000e+02
720 719 -5.120000000000000e+02
720 720 1.024000000000000e+03
720 721 -5.120000000000000e+02
721 720 -5.120000000000000e+02
721 721 1.024000000000000e+03
721 722 -5.120000000000000e+02
722 721 -5.120000000000000e+02
722 722 1.024000000000000e+03
722 723 -5.120000000000000e+02
723 722 -5.120000000000000e+02
723 723 1.024000000000000e+03
723 724 -5.120000000000000e+02
724 723 -5.120000000000000e+02
724 724 1.024000000000000e+03
724 725 -5.120000000000000e+02
725 724 -5.120000000000000e+02
725 725 1.024000000000000e+03
725 726 -5.120000000000000e+02
726 725 -5.120000000000000e+02
726 726 1.024000000000000e+03
726 727 -5.120000000000000e+02
727 726 -5.120000000000000e+02
727 727 1.024000000000000e+03
727 728 -5.120000000000000e+02
728 727 -5.120000000000000e+02
728 728 1.024000000000000e+03
728 729 -5.120000000000000e+02
729 728 -5.120000000000000e+02
729 729 1.024000000000000e+03
729 730 -5.120000000000000e+02
730 729 -5.120000000000000e+02
730 730 1.024000000000000e+03
730 731 -5.120000000000000e+02
731 730 -5.120000000000000e+02
731 731 1.024000000000000e+03
731 732 -5.120000000000000e+02
732 731 -5.120000000000000e+02
732 732 1.024000000000000e+03
732 733 -5.120000000000000e+02
733 732 -5.120000000000000e+02
733 733 1.024000000000000e+03
733 734 -5.120000000000000e+02
734 733 -5.120000000000000e+02
734 734 1.024000000000000e+03
734 735 -5.120000000000000e+02
735 734 -5.120000000000000e+02
735 735 1.024000000000000e+03
735 736 -5.120000000000000e+02
736 735 -5.120000000000000e+02
736 736 1.024000000000000e+03
736 737 -5.120000000000000e+02
737 736 -5.120000000000000e+02
737 737 1.024000000000000e+03
737 738 -5.120000000000000e+02
738 737 -5.120000000000000e+02
738 738 1.024000000000000e+03
738 739 -5.120000000000000e+02
739 738 -5.120000000000000e+02
739 739 1.024000000000000e+03
739 740 -5.120000000000000e+02
740 739 -5.120000000000000e+02
740 740 1.024000000000000e+03
740 741 -5.120000000000000e+02
741 740 -5.120000000000000e+02
741 741 1.024000000000000e+03
741 742 -5.120000000000000e+02
742 741 -5.120000000000000e+02
742 742 1.024000000000000e+03
742 743 -5.120000000000000e+02
743 742 -5.120000000000000e+02
743 743 1.024000000000000e+03
743 744 -5.120000000000000e+02
744 743 -5.120000000000000e+02
744 744 1.024000000000000e+03
744 745 -5.120000000000000e+02
745 744 -5.120000000000000e+02
745 745 1.024000000000000e+03
745 746 -5.120000000000000e+02
746 745 -5.120000000000000e+02
746 746 1.024000000000000e+03
746 747 -5.120000000000000e+02
747 746 -5.120000000000000e+02
747 747 1.024000000000000e+03
747 748 -5.120000000000000e+02
748 747 -5.120000000000000e+02
748 748 1.024000000000000e+03
748 749 -5.120000000000000e+02
749 748 -5.120000000000000e+02
749 749 1.024000000000000e+03
749 750 -5.120000000000000e+02
750 749 -5.120000000000000e+02
750 750 1.024000000000000e+03
750 751 -5.120000000000000e+02
751 750 -5.120000000000000e+02
751 751 1.024000000000000e+03
751 752 -5.120000000000000e+02
752 751 -5.120000000000000e+02
752 752 1.024000000000000e+03
752 753 -5.120000000000000e+02
753 752 -5.120000000000000e+02
753 753 1.024000000000000e+03
753 754 -5.120000000000000e+02
754 753 -5.120000000000000e+02
754 754 1.024000000000000e+03
754 755 -5.120000000000000e+02
755 754 -5.120000000000000e+02
755 755 1.024000000000000e+03
755 756 -5.120000000000000e+02
756 755 -5.120000000000000e+02
756 756 1.024000000000000e+03
756 757 -5.120000000000000e+02
757 756 -5.120000000000000e+02
757 757 1.024000000000000e+03
757 758 -5.120000000000000e+02
758 757 -5.120000000000000e+02
758 758 1.024000000000000e+03
758 759 -5.120000000000000e+02
759 758 -5.120000000000000e+02
759 759 1.024000000000000e+03
759 760 -5.120000000000000e+02
760 759 -5.120000000000000e+02
760 760 1.024000000000000e+03
760 761 -5.120000000000000e+02
761 760 -5.120000000000000e+02
761 761 1.024000000000000e+03
761 762 -5.120000000000000e+02
762 761 -5.120000000000000e+02
762 762 1.024000000000000e+03
762 763 -5.120000000000000e+02
763 762 -5.120000000000000e+02
763 763 1.024000000000000e+03
763 764 -5.120000000000000e+02
764 763 -5.120000000000000e+02
764 764 1.024000000000000e+03
764 765 -5.120000000000000e+02
765 764 -5.120000000000000e+02
765 765 1.024000000000000e+03
765 766 -5.120000000000000e+02
766 765 -5.120000000000000e+02
766 766 1.024000000000000e+03
766 767 -5.120000000000000e+02
767 766 -5.120000000000000e+02
767 767 1.024000000000000e+03
767 768 -5.120000000000000e+02
768 767 -5.120000000000000e+02
768 768 1.024000000000000e+03
768 769 -5.120000000000000e+02
769 768 -5.120000000000000e+02
769 769 1.024000000000000e+03
769 770 -5.120000000000000e+02
770 769 -5.120000000000000e+02
770 770 1.024000000000000e+03
770 771 -5.120000000000000e+02
771 770 -5.120000000000000e+02
771 771 1.024000000000000e+03
771 772 -5.120000000000000e+02
772 771 -5.120000000000000e+02
772 772 1.024000000000000e+03
772 773 -5.120000000000000e+02
773 772 -5.120000000000000e+02
773 773 1.024000000000000e+03
773 774 -5.120000000000000e+02
774 773 -5.120000000000000e+02
774 774 1.024000000000000e+03
774 775 -5.120000000000000e+02
775 774 -5.120000000000000e+02
775 775 1.024000000000000e+03
775 776 -5.120000000000000e+02
776 775 -5.120000000000000e+02
776 776 1.024000000000000e+03
776 777 -5.120000000000000e+02
777 776 -5.120000000000000e+02
777 777 1.024000000000000e+03
777 778 -5.120000000000000e+02
778 777 -5.120000000000000e+02
778 778 1.024000000000000e+03
778 779 -5.120000000000000e+02
779 778 -5.120000000000000e+02
779 779 1.024000000000000e+03
779 780 -5.120000000000000e+02
780 779 -5.120000000000000e+02
780 780 1.024000000000000e+03
780 781 -5.120000000000000e+02
781 780 -5.120000000000000e+02
781 781 1.024000000000000e+03
781 782 -5.120000000000000e+02
782 781 -5.120000000000000e+02
782 782 1.024000000000000e+03
782 783 -5.120000000000000e+02
783 782 -5.120000000000000e+02
783 783 1.024000000000000e+03
783 784 -5.120000000000000e+02
784 783 -5.120000000000000e+02
784 784 1.024000000000000e+03
784 785 -5.120000000000000e+02
785 784 -5.120000000000000e+02
785 785 1.024000000000000e+03
785 786 -5.120000000000000e+02
786 785 -5.120000000000000e+02
786 786 1.024000000000000e+03
786 787 -5.120000000000000e+02
787 786 -5.120000000000000e+02
787 787 1.024000000000000e+03
787 788 -5.120000000000000e+02
788 787 -5.120000000000000e+02
788 788 1.024000000000000e+03
788 789 -5.120000000000000e+02
789 788 -5.120000000000000e+02
789 789 1.024000000000000e+03
789 790 -5.120000000000000e+02
790 789 -5.120000000000000e+02
790 790 1.024000000000000e+03
790 791 -5.120000000000000e+02
791 790 -5.120000000000000e+02
791 791 1.024000000000000e+03
791 792 -5.120000000000000e+02
792 791 -5.120000000000000e+02
792 792 1.024000000000000e+03
792 793 -5.120000000000000e+02
793 792 -5.120000000000000e+02
793 793 1.024000000000000e+03
793 794 -5.120000000000000e+02
794 793 -5.120000000000000e+02
794 794 1.024000000000000e+03
794 795 -5.120000000000000e+02
795 794 -5.120000000000000e+02
795 795 1.024000000000000e+03
795 796 -5.120000000000000e+02
796 795 -5.120000000000000e+02
796 796 1.024000000000000e+03
796 797 -5.120000000000000e+02
797 796 -5.120000000000000e+02
797 797 1.024000000000000e+03
797 798 -5.120000000000000e+02
798 797 -5.120000000000000e+02
798 798 1.024000000000000e+03
798 799 -5.120000000000000e+02
799 798 -5.120000000000000e+02
799 799 1.024000000000000e+03
799 800 -5.120000000000000e+02
800 799 -5.120000000000000e+02
800 800 1.024000000000000e+03
800 801 -5.120000000000000e+02
801 800 -5.120000000000000e+02
801 801 1.024000000000000e+03
801 802 -5.120000000000000e+02
802 801 -5.120000000000000e+02
802 802 1.024000000000000e+03
802 803 -5.120000000000000e+02
803 802 -5.120000000000000e+02
803 803 1.024000000000000e+03
803 804 -5.120000000000000e+02
804 803 -5.120000000000000e+02
804 804 1.024000000000000e+03
804 805 -5.120000000000000e+02
805 804 -5.120000000000000e+02
805 805 1.024000000000000e+03
805 806 -5.120000000000000e+02
806 805 -5.120000000000000e+02
806 806 1.024000000000000e+03
806 807 -5.120000000000000e+02
807 806 -5.120000000000000e+02
807 807 1.024000000000000e+03
807 808 -5.120000000000000e+02
808 807 -5.120000000000000e+02
808 808 1.024000000000000e+03
808 809 -5.120000000000000e+02
809 808 -5.120000000000000e+02
809 809 1.024000000000000e+03
809 810 -5.120000000000000e+02
810 809 -5.120000000000000e+02
810 810 1.024000000000000e+03
810 811 -5.120000000000000e+02
811 810 -5.120000000000000e+02
811 811 1.024000000000000e+03
811 812 -5.120000000000000e+02
812 811 -5.120000000000000e+02
812 812 1.024000000000000e+03
812 813 -5.120000000000000e+02
813 812 -5.120000000000000e+02
813 813 1.024000000000000e+03
813 814 -5.120000000000000e+02
814 813 -5.120000000000000e+02
814 814 1.024000000000000e+03
814 815 -5.120000000000000e+02
815 814 -5.120000000000000e+02
815 815 1.024000000000000e+03
815 816 -5.120000000000000e+02
816 815 -5.120000000000000e+02
816 816 1.024000000000000e+03
816 817 -5.120000000000000e+02
817 816 -5.120000000000000e+02
817 817 1.024000000000000e+03
817 818 -5.120000000000000e+02
818 817 -5.120000000000000e+02
818 818 1.024000000000000e+03
818 819 -5.120000000000000e+02
819 818 -5.120000000000000e+02
819 819 1.024000000000000e+03
819 820 -5.120000000000000e+02
820 819 -5.120000000000000e+02
820 820 1.024000000000000e+03
820 821 -5.120000000000000e+02
821 820 -5.120000000000000e+02
821 821 1.024000000000000e+03
821 822 -5.120000000000000e+02
822 821 -5.120000000000000e+02
822 822 1.024000000000000e+03
822 823 -5.120000000000000e+02
823 822 -5.120000000000000e+02
823 823 1.024000000000000e+03
823 824 -5.120000000000000e+02
824 823 -5.120000000000000e+02
824 824 1.024000000000000e+03
824 825 -5.120000000000000e+02
825 824 -5.120000000000000e+02
825 825 1.024000000000000e+03
825 826 -5.120000000000000e+02
826 825 -5.120000000000000e+02
826 826 1.024000000000000e+03
826 827 -5.120000000000000e+02
827 826 -5.120000000000000e+02
827 827 1.024000000000000e+03
827 828 -5.120000000000000e+02
828 827 -5.120000000000000e+02
828 828 1.024000000000000e+03
828 829 -5.120000000000000e+02
829 828 -5.120000000000000e+02
829 829 1.024000000000000e+03
829 830 -5.120000000000000e+02
830 829 -5.120000000000000e+02
830 830 1.024000000000000e+03
830 831 -5.120000000000000e+02
831 830 -5.120000000000000e+02
831 831 1.024000000000000e+03
831 832 -5.120000000000000e+02
832 831 -5.120000000000000e+02
832 832 1.024000000000000e+03
832 833 -5.120000000000000e+02
833 832 -5.120000000000000e+02
833 833 1.024000000000000e+03
833 834 -5.120000000000000e+02
834 833 -5.120000000000000e+02
834 834 1.024000000000000e+03
834 835 -5.120000000000000e+02
835 834 -5.120000000000000e+02
835 835 1.024000000000000e+03
835 836 -5.120000000000000e+02
836 835 -5.120000000000000e+02
836 836 1.024000000000000e+03
836 837 -5.120000000000000e+02
837 836 -5.120000000000000e+02
837 837 1.024000000000000e+03
837 838 -5.120000000000000e+02
838 837 -5.120000000000000e+02
838 838 1.024000000000000e+03
838 839 -5.120000000000000e+02
839 838 -5.120000000000000e+02
839 839 1.024000000000000e+03
839 840 -5.120000000000000e+02
840 839 -5.120000000000000e+02
840 840 1.024000000000000e+03
840 841 -5.120000000000000e+02
841 840 -5.120000000000000e+02
841 841 1.024000000000000e+03
841 842 -5.120000000000000e+02
842 841 -5.120000000000000e+02
842 842 1.024000000000000e+03
842 843 -5.120000000000000e+02
843 842 -5.120000000000000e+02
843 843 1.024000000000000e+03
843 844 -5.120000000000000e+02
844 843 -5.120000000000000e+02
844 844 1.024000000000000e+03
844 845 -5.120000000000000e+02
845 844 -5.120000000000000e+02
845 845 1.024000000000000e+03
845 846 -5.120000000000000e+02
846 845 -5.120000000000000e+02
846 846 1.024000000000000e+03
846 847 -5.120000000000000e+02
847 846 -5.120000000000000e+02
847 847 1.024000000000000e+03
847 848 -5.120000000000000e+02
848 847 -5.120000000000000e+02
848 848 1.024000000000000e+03
848 849 -5.120000000000000e+02
849 848 -5.120000000000000e+02
849 849 1.024000000000000e+03
849 850 -5.120000000000000e+02
850 849 -5.120000000000000e+02
850 850 1.024000000000000e+03
850 851 -5.120000000000000e+02
851 850 -5.120000000000000e+02
851 851 1.024000000000000e+03
851 852 -5.120000000000000e+02
852 851 -5.120000000000000e+02
852 852 1.024000000000000e+03
852 853 -5.120000000000000e+02
853 852 -5.120000000000000e+02
853 853 1.024000000000000e+03
853 854 -5.120000000000000e+02
854 853 -5.120000000000000e+02
854 854 1.024000000000000e+03
854 855 -5.120000000000000e+02
855 854 -5.120000000000000e+02
855 855 1.024000000000000e+03
855 856 -5.120000000000000e+02
856 855 -5.120000000000000e+02
856 856 1.024000000000000e+03
856 857 -5.120000000000000e+02
857 856 -5.120000000000000e+02
857 857 1.024000000000000e+03
857 858 -5.120000000000000e+02
858 857 -5.120000000000000e+02
858 858 1.024000000000000e+03
858 859 -5.120000000000000e+02
859 858 -5.120000000000000e+02
859 859 1.024000000000000e+03
859 860 -5.120000000000000e+02
860 859 -5.120000000000000e+02
860 860 1.024000000000000e+03
860 861 -5.120000000000000e+02
861 860 -5.120000000000000e+02
861 861 1.024000000000000e+03
861 862 -5.120000000000000e+02
862 861 -5.120000000000000e+02
862 862 1.024000000000000e+03
862 863 -5.120000000000000e+02
863 862 -5.120000000000000e+02
863 863 1.024000000000000e+03
863 864 -5.120000000000000e+02
864 863 -5.120000000000000e+02
864 864 1.024000000000000e+03
864 865 -5.120000000000000e+02
865 864 -5.120000000000000e+02
865 865 1.024000000000000e+03
865 866 -5.120000000000000e+02
866 865 -5.120000000000000e+02
866 866 1.024000000000000e+03
866 867 -5.120000000000000e+02
867 866 -5.120000000000000e+02
867 867 1.024000000000000e+03
867 868 -5.120000000000000e+02
868 867 -5.120000000000000e+02
868 868 1.024000000000000e+03
868 869 -5.120000000000000e+02
869 868 -5.120000000000000e+02
869 869 1.024000000000000e+03
869 870 -5.120000000000000e+02
870 869 -5.120000000000000e+02
870 870 1.024000000000000e+03
870 871 -5.120000000000000e+02
871 870 -5.120000000000000e+02
871 871 1.024000000000000e+03
871 872 -5.120000000000000e+02
872 871 -5.120000000000000e+02
872 872 1.024000000000000e+03
872 873 -5.120000000000000e+02
873 872 -5.120000000000000e+02
873 873 1.024000000000000e+03
873 874 -5.120000000000000e+02
874 873 -5.120000000000000e+02
874 874 1.024000000000000e+03
874 875 -5.120000000000000e+02
875 874 -5.120000000000000e+02
875 875 1.024000000000000e+03
875 876 -5.120000000000000e+02
876 875 -5.120000000000000e+02
876 876 1.024000000000000e+03
876 877 -5.120000000000000e+02
877 876 -5.120000000000000e+02
877 877 1.024000000000000e+03
877 878 -5.120000000000000e+02
878 877 -5.120000000000000e+02
878 878 1.024000000000000e+03
878 879 -5.120000000000000e+02
879 878 -5.120000000000000e+02
879 879 1.024000000000000e+03
879 880 -5.120000000000000e+02
880 879 -5.120000000000000e+02
880 880 1.024000000000000e+03
880 881 -5.120000000000000e+02
881 880 -5.120000000000000e+02
881 881 1.024000000000000e+03
881 882 -5.120000000000000e+02
882 881 -5.120000000000000e+02
882 882 1.024000000000000e+03
882 883 -5.120000000000000e+02
883 882 -5.120000000000000e+02
883 883 1.024000000000000e+03
883 884 -5.120000000000000e+02
884 883 -5.120000000000000e+02
884 884 1.024000000000000e+03
884 885 -5.120000000000000e+02
885 884 -5.120000000000000e+02
885 885 1.024000000000000e+03
885 886 -5.120000000000000e+02
886 885 -5.120000000000000e+02
886 886 1.024000000000000e+03
886 887 -5.120000000000000e+02
887 886 -5.120000000000000e+02
887 887 1.024000000000000e+03
887 888 -5.120000000000000e+02
888 887 -5.120000000000000e+02
888 888 1.024000000000000e+03
888 889 -5.120000000000000e+02
889 888 -5.120000000000000e+02
889 889 1.024000000000000e+03
889 890 -5.120000000000000e+02
890 889 -5.120000000000000e+02
890 890 1.024000000000000e+03
890 891 -5.120000000000000e+02
891 890 -5.120000000000000e+02
891 891 1.024000000000000e+03
891 892 -5.120000000000000e+02
892 891 -5.120000000000000e+02
892 892 1.024000000000000e+03
892 893 -5.120000000000000e+02
893 892 -5.120000000000000e+02
893 893 1.024000000000000e+03
893 894 -5.120000000000000e+02
894 893 -5.120000000000000e+02
894 894 1.024000000000000e+03
894 895 -5.120000000000000e+02
895 894 -5.120000000000000e+02
895 895 1.024000000000000e+03
895 896 -5.120000000000000e+02
896 895 -5.120000000000000e+02
896 896 1.024000000000000e+03
896 897 -5.120000000000000e+02
897 896 -5.120000000000000e+02
897 897 1.024000000000000e+03
897 898 -5.120000000000000e+02
898 897 -5.120000000000000e+02
898 898 1.024000000000000e+03
898 899 -5.120000000000000e+02
899 898 -5.120000000000000e+02
899 899 1.024000000000000e+03
899 900 -5.120000000000000e+02
900 899 -5.120000000000000e+02
900 900 1.024000000000000e+03
900 901 -5.120000000000000e+02
901 900 -5.120000000000000e+02
901 901 1.024000000000000e+03
901 902 -5.120000000000000e+02
902 901 -5.120000000000000e+02
902 902 1.024000000000000e+03
902 903 -5.120000000000000e+02
903 902 -5.120000000000000e+02
903 903 1.024000000000000e+03
903 904 -5.120000000000000e+02
904 903 -5.120000000000000e+02
904 904 1.024000000000000e+03
904 905 -5.120000000000000e+02
905 904 -5.120000000000000e+02
905 905 1.024000000000000e+03
905 906 -5.120000000000000e+02
906 905 -5.120000000000000e+02
906 906 1.024000000000000e+03
906 907 -5.120000000000000e+02
907 906 -5.120000000000000e+02
907 907 1.024000000000000e+03
907 908 -5.120000000000000e+02
908 907 -5.120000000000000e+02
908 908 1.024000000000000e+03
908 909 -5.120000000000000e+02
909 908 -5.120000000000000e+02
909 909 1.024000000000000e+03
909 910 -5.120000000000000e+02
910 909 -5.120000000000000e+02
910 910 1.024000000000000e+03
910 911 -5.120000000000000e+02
911 910 -5.120000000000000e+02
911 911 1.024000000000000e+03
911 912 -5.120000000000000e+02
912 911 -5.120000000000000e+02
912 912 1.024000000000000e+03
912 913 -5.120000000000000e+02
913 912 -5.120000000000000e+02
913 913 1.024000000000000e+03
913 914 -5.120000000000000e+02
914 913 -5.120000000000000e+02
914 914 1.024000000000000e+03
914 915 -5.120000000000000e+02
915 914 -5.120000000000000e+02
915 915 1.024000000000000e+03
915 916 -5.120000000000000e+02
916 915 -5.120000000000000e+02
916 916 1.024000000000000e+03
916 917 -5.120000000000000e+02
917 916 -5.120000000000000e+02
917 917 1.024000000000000e+03
917 918 -5.120000000000000e+02
918 917 -5.120000000000000e+02
918 918 1.024000000000000e+03
918 919 -5.120000000000000e+02
919 918 -5.120000000000000e+02
919 919 1.024000000000000e+03
919 920 -5.120000000000000e+02
920 919 -5.120000000000000e+02
920 920 1.024000000000000e+03
920 921 -5.120000000000000e+02
921 920 -5.120000000000000e+02
921 921 1.024000000000000e+03
921 922 -5.120000000000000e+02
922 921 -5.120000000000000e+02
922 922 1.024000000000000e+03
922 923 -5.120000000000000e+02
923 922 -5.120000000000000e+02
923 923 1.024000000000000e+03
923 924 -5.120000000000000e+02
924 923 -5.120000000000000e+02
924 924 1.024000000000000e+03
924 925 -5.120000000000000e+02
925 924 -5.120000000000000e+02
925 925 1.024000000000000e+03
925 926 -5.120000000000000e+02
926 925 -5.120000000000000e+02
926 926 1.024000000000000e+03
926 927 -5.120000000000000e+02
927 926 -5.120000000000000e+02
927 927 1.024000000000000e+03
927 928 -5.120000000000000e+02
928 927 -5.120000000000000e+02
928 928 1.024000000000000e+03
928 929 -5.120000000000000e+02
929 928 -5.120000000000000e+02
929 929 1.024000000000000e+03
929 930 -5.120000000000000e+02
930 929 -5.120000000000000e+02
930 930 1.024000000000000e+03
930 931 -5.120000000000000e+02
931 930 -5.120000000000000e+02
931 931 1.024000000000000e+03
931 932 -5.120000000000000e+02
932 931 -5.120000000000000e+02
932 932 1.024000000000000e+03
932 933 -5.120000000000000e+02
933 932 -5.120000000000000e+02
933 933 1.024000000000000e+03
933 934 -5.120000000000000e+02
934 933 -5.120000000000000e+02
934 934 1.024000000000000e+03
934 935 -5.120000000000000e+02
935 934 -5.120000000000000e+02
935 935 1.024000000000000e+03
935 936 -5.120000000000000e+02
936 935 -5.120000000000000e+02
936 936 1.024000000000000e+03
936 937 -5.120000000000000e+02
937 936 -5.120000000000000e+02
937 937 1.024000000000000e+03
937 938 -5.120000000000000e+02
938 937 -5.120000000000000e+02
938 938 1.024000000000000e+03
938 939 -5.120000000000000e+02
939 938 -5.120000000000000e+02
939 939 1.024000000000000e+03
939 940 -5.120000000000000e+02
940 939 -5.120000000000000e+02
940 940 1.024000000000000e+03
940 941 -5.120000000000000e+02
941 940 -5.120000000000000e+02
941 941 1.024000000000000e+03
941 942 -5.120000000000000e+02
942 941 -5.120000000000000e+02
942 942 1.024000000000000e+03
942 943 -5.120000000000000e+02
943 942 -5.120000000000000e+02
943 943 1.024000000000000e+03
943 944 -5.120000000000000e+02
944 943 -5.120000000000000e+02
944 944 1.024000000000000e+03
944 945 -5.120000000000000e+02
945 944 -5.120000000000000e+02
945 945 1.024000000000000e+03
945 946 -5.120000000000000e+02
946 945 -5.120000000000000e+02
946 946 1.024000000000000e+03
946 947 -5.120000000000000e+02
947 946 -5.120000000000000e+02
947 947 1.024000000000000e+03
947 948 -5.120000000000000e+02
948 947 -5.120000000000000e+02
948 948 1.024000000000000e+03
948 949 -5.120000000000000e+02
949 948 -5.120000000000000e+02
949 949 1.024000000000000e+03
949 950 -5.120000000000000e+02
950 949 -5.120000000000000e+02
950 950 1.024000000000000e+03
950 951 -5.120000000000000e+02
951 950 -5.120000000000000e+02
951 951 1.024000000000000e+03
951 952 -5.120000000000000e+02
952 951 -5.120000000000000e+02
952 952 1.024000000000000e+03
952 953 -5.120000000000000e+02
953 952 -5.120000000000000e+02
953 953 1.024000000000000e+03
953 954 -5.120000000000000e+02
954 953 -5.120000000000000e+02
954 954 1.024000000000000e+03
954 955 -5.120000000000000e+02
955 954 -5.120000000000000e+02
955 955 1.024000000000000e+03
955 956 -5.120000000000000e+02
956 955 -5.120000000000000e+02
956 956 1.024000000000000e+03
956 957 -5.120000000000000e+02
957 956 -5.120000000000000e+02
957 957 1.024000000000000e+03
957 958 -5.120000000000000e+02
958 957 -5.120000000000000e+02
958 958 1.024000000000000e+03
958 959 -5.120000000000000e+02
959 958 -5.120000000000000e+02
959 959 1.024000000000000e+03
959 960 -5.120000000000000e+02
960 959 -5.120000000000000e+02
960 960 1.024000000000000e+03
960 961 -5.120000000000000e+02
961 960 -5.120000000000000e+02
961 961 1.024000000000000e+03
961 962 -5.120000000000000e+02
962 961 -5.120000000000000e+02
962 962 1.024000000000000e+03
962 963 -5.120000000000000e+02
963 962 -5.120000000000000e+02
963 963 1.024000000000000e+03
963 964 -5.120000000000000e+02
964 963 -5.120000000000000e+02
964 964 1.024000000000000e+03
964 965 -5.120000000000000e+02
965 964 -5.120000000000000e+02
965 965 1.024000000000000e+03
965 966 -5.120000000000000e+02
966 965 -5.120000000000000e+02
966 966 1.024000000000000e+03
966 967 -5.120000000000000e+02
967 966 -5.120000000000000e+02
967 967 1.024000000000000e+03
967 968 -5.120000000000000e+02
968 967 -5.120000000000000e+02
968 968 1.024000000000000e+03
968 969 -5.120000000000000e+02
969 968 -5.120000000000000e+02
969 969 1.024000000000000e+03
969 970 -5.120000000000000e+02
970 969 -5.120000000000000e+02
970 970 1.024000000000000e+03
970 971 -5.120000000000000e+02
971 970 -5.120000000000000e+02
971 971 1.024000000000000e+03
971 972 -5.120000000000000e+02
972 971 -5.120000000000000e+02
972 972 1.024000000000000e+03
972 973 -5.120000000000000e+02
973 972 -5.120000000000000e+02
973 973 1.024000000000000e+03
973 974 -5.120000000000000e+02
974 973 -5.120000000000000e+02
974 974 1.024000000000000e+03
974 975 -5.120000000000000e+02
975 974 -5.120000000000000e+02
975 975 1.024000000000000e+03
975 976 -5.120000000000000e+02
976 975 -5.120000000000000e+02
976 976 1.024000000000000e+03
976 977 -5.120000000000000e+02
977 976 -5.120000000000000e+02
977 977 1.024000000000000e+03
977 978 -5.120000000000000e+02
978 977 -5.120000000000000e+02
978 978 1.024000000000000e+03
978 979 -5.120000000000000e+02
979 978 -5.120000000000000e+02
979 979 1.024000000000000e+03
979 980 -5.120000000000000e+02
980 979 -5.120000000000000e+02
980 980 1.024000000000000e+03
980 981 -5.120000000000000e+02
981 980 -5.120000000000000e+02
981 981 1.024000000000000e+03
981 982 -5.120000000000000e+02
982 981 -5.120000000000000e+02
982 982 1.024000000000000e+03
982 983 -5.120000000000000e+02
983 982 -5.120000000000000e+02
983 983 1.024000000000000e+03
983 984 -5.120000000000000e+02
984 983 -5.120000000000000e+02
984 984 1.024000000000000e+03
984 985 -5.120000000000000e+02
985 984 -5.120000000000000e+02
985 985 1.024000000000000e+03
985 986 -5.120000000000000e+02
986 985 -5.120000000000000e+02
986 986 1.024000000000000e+03
986 987 -5.120000000000000e+02
987 986 -5.120000000000000e+02
987 987 1.024000000000000e+03
987 988 -5.120000000000000e+02
988 987 -5.120000000000000e+02
988 988 1.024000000000000e+03
988 989 -5.120000000000000e+02
989 988 -5.120000000000000e+02
989 989 1.024000000000000e+03
989 990 -5.120000000000000e+02
990 989 -5.120000000000000e+02
990 990 1.024000000000000e+03
990 991 -5.120000000000000e+02
991 990 -5.120000000000000e+02
991 991 1.024000000000000e+03
991 992 -5.120000000000000e+02
992 991 -5.120000000000000e+02
992 992 1.024000000000000e+03
992 993 -5.120000000000000e+02
993 992 -5.120000000000000e+02
993 993 1.024000000000000e+03
993 994 -5.120000000000000e+02
994 993 -5.120000000000000e+02
994 994 1.024000000000000e+03
994 995 -5.120000000000000e+02
995 994 -5.120000000000000e+02
995 995 1.024000000000000e+03
995 996 -5.120000000000000e+02
996 995 -5.120000000000000e+02
996 996 1.024000000000000e+03
996 997 -5.120000000000000e+02
997 996 -5.120000000000000e+02
997 997 1.024000000000000e+03
997 998 -5.120000000000000e+02
998 997 -5.120000000000000e+02
998 998 1.024000000000000e+03
998 999 -5.120000000000000e+02
999 998 -5.120000000000000e+02
999 999 1.024000000000000e+03
999 1000 -5.120000000000000e+02
1000 999 -5.120000000000000e+02
1000 1000 1.024000000000000e+03
1000 1001 -5.120000000000000e+02
1001 1000 -5.120000000000000e+02
1001 1001 1.024000000000000e+03
1001 1002 -5.120000000000000e+02
1002 1001 -5.120000000000000e+02
1002 1002 1.024000000000000e+03
1002 1003 -5.120000000000000e+02
1003 1002 -5.120000000000000e+02
1003 1003 1.024000000000000e+03
1003 1004 -5.120000000000000e+02
1004 1003 -5.120000000000000e+02
1004 1004 1.024000000000000e+03
1004 1005 -5.120000000000000e+02
1005 1004 -5.120000000000000e+02
1005 1005 1.024000000000000e+03
1005 1006 -5.120000000000000e+02
1006 1005 -5.120000000000000e+02
1006 1006 1.024000000000000e+03
1006 1007 -5.120000000000000e+02
1007 1006 -5.120000000000000e+02
1007 1007 1.024000000000000e+03
1007 1008 -5.120000000000000e+02
1008 1007 -5.120000000000000e+02
1008 1008 1.024000000000000e+03
1008 1009 -5.120000000000000e+02
1009 1008 -5.120000000000000e+02
1009 1009 1.024000000000000e+03
1009 1010 -5.120000000000000e+02
1010 1009 -5.120000000000000e+02
1010 1010 1.024000000000000e+03
1010 1011 -5.120000000000000e+02
1011 1010 -5.120000000000000e+02
1011 1011 1.024000000000000e+03
1011 1012 -5.120000000000000e+02
1012 1011 -5.120000000000000e+02
1012 1012 1.024000000000000e+03
1012 1013 -5.120000000000000e+02
1013 1012 -5.120000000000000e+02
1013 1013 1.024000000000000e+03
1013 1014 -5.120000000000000e+02
1014 1013 -5.120000000000000e+02
1014 1014 1.024000000000000e+03
1014 1015 -5.120000000000000e+02
1015 1014 -5.120000000000000e+02
1015 1015 1.024000000000000e+03
1015 1016 -5.120000000000000e+02
1016 1015 -5.120000000000000e+02
1016 1016 1.024000000000000e+03
1016 1017 -5.120000000000000e+02
1017 1016 -5.120000000000000e+02
1017 1017 1.024000000000000e+03
1017 1018 -5.120000000000000e+02
1018 1017 -5.120000000000000e+02
1018 1018 1.024000000000000e+03
1018 1019 -5.120000000000000e+02
1019 1018 -5.120000000000000e+02
1019 1019 1.024000000000000e+03
1019 1020 -5.120000000000000e+02
1020 1019 -5.120000000000000e+02
1020 1020 1.024000000000000e+03
1020 1021 -5.120000000000000e+02
1021 1020 -5.120000000000000e+02
1021 1021 1.024000000000000e+03
1021 1022 -5.120000000000000e+02
1022 1021 -5.120000000000000e+02
1022 1022 1.024000000000000e+03
1022 1023 -5.120000000000000e+02
1023 1022 -5.120000000000000e+02
1023 1023 1.024000000000000e+03
