%%MatrixMarket matrix coordinate real general
%
1116 1116 648
1 10 1.128886721016068e+00
1 11 3.648015281808026e-01
1 12 -8.108833879502317e-02
1 13 -1.934548288090387e-02
1 14 3.963055707113157e-02
1 15 -4.360522943874613e-03
1 16 -2.383468761167499e-02
1 17 -1.130981914556010e-02
1 18 -6.608998355542497e-04
1 145 6.559061877940150e-04
1 146 9.942562460241651e-03
1 147 1.662768741732000e-02
1 148 2.189690916089127e-03
1 149 -1.300883063495634e-02
1 150 3.684009202837277e-03
1 151 7.370407434919079e-03
1 152 -9.903211170919062e-03
1 153 4.320187133485827e-03
2 10 -1.946603400966420e-01
2 11 8.194556018114637e-01
2 12 8.453519213002958e-01
2 13 8.941016994555676e-02
2 14 -1.509472923848867e-01
2 15 1.531926222076541e-02
2 16 8.043313241304531e-02
2 17 3.738448385480556e-02
2 18 2.165125410075797e-03
2 145 -2.146531909365995e-03
2 146 -3.228741036227865e-02
2 147 -5.333825339575225e-02
2 148 -6.933037876038517e-03
2 149 4.071918096306302e-02
2 150 -1.142812838892234e-02
2 151 -2.271675331676659e-02
2 152 3.039815995453323e-02
2 153 -1.323457091334373e-02
3 10 1.077898942356713e-01
3 11 -2.889109156923248e-01
3 12 3.299673359533300e-01
3 13 9.980348603289079e-01
3 14 5.879695423797844e-01
3 15 -4.002974318365059e-02
3 16 -1.820905196773940e-01
3 17 -7.934326425256337e-02
3 18 -4.475936270564448e-03
3 145 4.424225860598829e-03
3 146 6.510554638922857e-02
3 147 1.040152149855680e-01
3 148 1.306870827771027e-02
3 149 -7.459286110187001e-02
3 150 2.048688777259693e-02
3 151 4.011304269704104e-02
3 152 -5.317155405934341e-02
3 153 2.304476016308864e-02
4 10 -7.107467396218857e-02
4 11 1.739602865291659e-01
4 12 -1.504395625967402e-01
4 13 -1.006522569631177e-01
4 14 6.690128883233533e-01
4 15 9.933317053474532e-01
4 16 6.265934279351885e-01
4 17 2.023782023491814e-01
4 18 1.037216001587786e-02
4 145 -1.014809266520458e-02
4 146 -1.391183040317297e-01
4 147 -2.017600458799609e-01
4 148 -2.324486740935293e-02
4 149 1.242615554319795e-01
4 150 -3.260165948376758e-02
4 151 -6.193432351704962e-02
4 152 8.061353422324739e-02
4 153 -3.464021496124542e-02
5 10 4.956823738510598e-02
5 11 -1.172434297766254e-01
5 12 9.337627083999379e-02
5 13 5.241160046681225e-02
5 14 -2.230447400475990e-01
5 15 5.065880465089875e-02
5 16 6.333540438136608e-01
5 17 9.472480027386746e-01
5 18 9.998140432063428e-01
5 145 9.998140432063428e-01
5 146 9.472480027386744e-01
5 147 6.333540438136602e-01
5 148 5.065880465089870e-02
5 149 -2.230447400475984e-01
5 150 5.241160046681314e-02
5 151 9.337627083999406e-02
5 152 -1.172434297766255e-01
5 153 4.956823738510606e-02
6 10 -3.464021496124541e-02
6 11 8.061353422324735e-02
6 12 -6.193432351704951e-02
6 13 -3.260165948376707e-02
6 14 1.242615554319800e-01
6 15 -2.324486740935298e-02
6 16 -2.017600458799613e-01
6 17 -1.391183040317298e-01
6 18 -1.014809266520460e-02
6 145 1.037216001587787e-02
6 146 2.023782023491816e-01
6 147 6.265934279351886e-01
6 148 9.933317053474532e-01
6 149 6.690128883233522e-01
6 150 -1.006522569631195e-01
6 151 -1.504395625967409e-01
6 152 1.739602865291664e-01
6 153 -7.107467396218876e-02
7 10 2.304476016308861e-02
7 11 -5.317155405934335e-02
7 12 4.011304269704094e-02
7 13 2.048688777259659e-02
7 14 -7.459286110187024e-02
7 15 1.306870827771029e-02
7 16 1.040152149855682e-01
7 17 6.510554638922862e-02
7 18 4.424225860598831e-03
7 145 -4.475936270564451e-03
7 146 -7.934326425256341e-02
7 147 -1.820905196773940e-01
7 148 -4.002974318365060e-02
7 149 5.879695423797846e-01
7 150 9.980348603289083e-01
7 151 3.299673359533302e-01
7 152 -2.889109156923248e-01
7 153 1.077898942356713e-01
8 10 -1.323457091334368e-02
8 11 3.039815995453312e-02
8 12 -2.271675331676647e-02
8 13 -1.142812838892212e-02
8 14 4.071918096306303e-02
8 15 -6.933037876038508e-03
8 16 -5.333825339575216e-02
8 17 -3.228741036227857e-02
8 18 -2.146531909365989e-03
8 145 2.165125410075791e-03
8 146 3.738448385480546e-02
8 147 8.043313241304505e-02
8 148 1.531926222076535e-02
8 149 -1.509472923848859e-01
8 150 8.941016994555802e-02
8 151 8.453519213002961e-01
8 152 8.194556018114629e-01
8 153 -1.946603400966418e-01
9 10 4.320187133485814e-03
9 11 -9.903211170919033e-03
9 12 7.370407434919046e-03
9 13 3.684009202837210e-03
9 14 -1.300883063495635e-02
9 15 2.189690916089126e-03
9 16 1.662768741731999e-02
9 17 9.942562460241638e-03
9 18 6.559061877940140e-04
9 145 -6.608998355542487e-04
9 146 -1.130981914556008e-02
9 147 -2.383468761167493e-02
9 148 -4.360522943874602e-03
9 149 3.963055707113140e-02
9 150 -1.934548288090417e-02
9 151 -8.108833879502329e-02
9 152 3.648015281808027e-01
9 153 1.128886721016068e+00
280 289 1.129411500546783e+00
280 290 3.670587123461221e-01
280 291 -8.049160724422084e-02
280 292 -2.032779703371169e-02
280 293 3.979771743152468e-02
280 294 -3.653023273099715e-03
280 295 -2.390769583422669e-02
280 296 -1.192764283693716e-02
280 297 -1.348774781601022e-03
280 424 -2.769334835519586e-05
280 425 9.459177033964393e-03
280 426 1.667465881859010e-02
280 427 2.558493179496206e-03
280 428 -1.301800780792159e-02
280 429 3.513446234667463e-03
280 430 7.458144490217358e-03
280 431 -9.892693448703253e-03
280 432 4.301228990786796e-03
281 289 -1.954658507609630e-01
281 290 8.172051897065901e-01
281 291 8.485883218629841e-01
281 292 9.418268414471936e-02
281 293 -1.517806004204929e-01
281 294 1.284495107653857e-02
281 295 8.073455683811769e-02
281 296 3.944978508915496e-02
281 297 4.421028511261779e-03
281 424 9.067875947276132e-05
281 425 -3.073142604477410e-02
281 426 -5.350591789649448e-02
281 427 -8.102369106559046e-03
281 428 4.075260508754468e-02
281 429 -1.089968456047366e-02
281 430 -2.298780093000991e-02
281 431 3.036615027213540e-02
281 432 -1.317650674636973e-02
282 289 1.082520994427534e-01
282 290 -2.889831904537399e-01
282 291 3.248829650141359e-01
282 292 9.970774308689473e-01
282 293 5.961024869195350e-01
282 294 -3.367981223730954e-02
282 295 -1.831797001588229e-01
282 296 -8.387339051456283e-02
282 297 -9.153920411521615e-03
282 424 -1.871888697977664e-04
282 425 6.204552542802626e-02
282 426 1.044305775838866e-01
282 427 1.528067052375861e-02
282 428 -7.467512415084204e-02
282 429 1.954235577407953e-02
282 430 4.059422848908621e-02
282 431 -5.311666292266019e-02
282 432 2.294370586195645e-02
283 289 -7.138223443736651e-02
283 290 1.740834065912314e-01
283 291 -1.484845065565627e-01
283 292 -1.049235629513362e-01
283 293 6.609088867175743e-01
283 294 9.949463440350268e-01
283 295 6.382749766949400e-01
283 296 2.153988514319247e-01
283 297 2.132780628751802e-02
283 424 4.316393375768704e-04
283 425 -1.330939268701062e-01
283 426 -2.030321726873077e-01
283 427 -2.721254616727112e-02
283 428 1.244753190317419e-01
283 429 -3.110768401439445e-02
283 430 -6.268503575026510e-02
283 431 8.053348214855779e-02
283 432 -3.448845468129739e-02
284 289 4.978351309021623e-02
284 290 -1.173453856460458e-01
284 291 9.221850329094038e-02
284 292 5.474453575062177e-02
284 293 -2.222222222222222e-01
284 294 4.193559628619540e-02
284 295 6.214620396774779e-01
284 296 9.411301078682682e-01
284 297 9.992308119045481e-01
284 424 9.999996712135830e-01
284 425 9.530885297305625e-01
284 426 6.452282034579943e-01
284 427 5.955243333140715e-02
284 428 -2.237879592571277e-01
284 429 5.004246053513065e-02
284 430 9.453183932501989e-02
284 431 -1.171358555372252e-01
284 432 4.935145649296358e-02
285 289 -3.479092359412734e-02
285 290 8.068968438828859e-02
285 291 -6.118162989078909e-02
285 292 -3.407479357032992e-02
285 293 1.239997546686380e-01
285 294 -1.932067089943150e-02
285 295 -2.003414469256311e-01
285 296 -1.448427411451554e-01
285 297 -2.040102646753047e-02
285 424 -4.312431621256262e-04
285 425 1.893804309416283e-01
285 426 6.147343966585301e-01
285 427 9.915039436273511e-01
285 428 6.771081466091788e-01
285 429 -9.629648679611330e-02
285 430 -1.523943170459345e-01
285 431 1.738290246087277e-01
285 432 -7.076495429407921e-02
286 289 2.314511493126564e-02
286 290 -5.322385868251336e-02
286 291 3.963041032797558e-02
286 292 2.141880768979498e-02
286 293 -7.448107462312172e-02
286 294 1.087558270779069e-02
286 295 1.035174746041493e-01
286 296 6.804174656093516e-02
286 297 8.940094922500908e-03
286 424 1.870974323655495e-04
286 425 -7.475027283968258e-02
286 426 -1.808515628966702e-01
286 427 -4.629297099848516e-02
286 428 5.797523298480373e-01
286 429 9.989180323621645e-01
286 430 3.350848809027738e-01
286 431 -2.888261975066064e-01
286 432 1.073244113536807e-01
287 289 -1.329223336631325e-02
287 290 3.042868713306712e-02
287 291 -2.244483970189565e-02
287 292 -1.194967046758753e-02
287 293 4.066948930938204e-02
287 294 -5.772473560016135e-03
287 295 -5.312732759263696e-02
287 296 -3.378505081770156e-02
287 297 -4.344146984209209e-03
287 424 -9.064588083784855e-05
287 425 3.528195766424555e-02
287 426 8.006299731787808e-02
287 427 1.777683241109549e-02
287 428 -1.500544854393664e-01
287 429 8.464781839456975e-02
287 430 8.420712710301355e-01
287 431 8.217080328079526e-01
287 432 -1.938488998438378e-01
288 289 4.339014147751970e-03
288 290 -9.913245383000186e-03
288 291 7.282382897431945e-03
288 292 3.852365568882114e-03
288 293 -1.299443778081730e-02
288 294 1.823505864305507e-03
288 295 1.656712269663253e-02
288 296 1.040833436407406e-02
288 297 1.328127019033700e-03
288 424 2.768451811848766e-05
288 425 -1.067999504386462e-02
288 426 -2.374118035640687e-02
288 427 -5.064486800793292e-03
288 428 3.944717607875494e-02
288 429 -1.836025792963043e-02
288 430 -8.167321051102366e-02
288 431 3.625347195778215e-01
288 432 1.128358012866197e+00
559 568 1.128886721016069e+00
559 569 3.648015281808015e-01
559 570 -8.108833879502317e-02
559 571 -1.934548288090388e-02
559 572 3.963055707113158e-02
559 573 -4.360522943874616e-03
559 574 -2.383468761167500e-02
559 575 -1.130981914556014e-02
559 576 -6.608998355542505e-04
559 703 6.559061877940158e-04
559 704 9.942562460241699e-03
559 705 1.662768741732003e-02
559 706 2.189690916089160e-03
559 707 -1.300883063495634e-02
559 708 3.684009202837246e-03
559 709 7.370407434919071e-03
559 710 -9.903211170919057e-03
559 711 4.320187133485825e-03
560 568 -1.946603400966434e-01
560 569 8.194556018114642e-01
560 570 8.453519213002958e-01
560 571 8.941016994555667e-02
560 572 -1.509472923848865e-01
560 573 1.531926222076540e-02
560 574 8.043313241304528e-02
560 575 3.738448385480563e-02
560 576 2.165125410075797e-03
560 703 -2.146531909365995e-03
560 704 -3.228741036227877e-02
560 705 -5.333825339575232e-02
560 706 -6.933037876038616e-03
560 707 4.071918096306300e-02
560 708 -1.142812838892223e-02
560 709 -2.271675331676655e-02
560 710 3.039815995453319e-02
560 711 -1.323457091334372e-02
561 568 1.077898942356721e-01
561 569 -2.889109156923245e-01
561 570 3.299673359533293e-01
561 571 9.980348603289079e-01
561 572 5.879695423797846e-01
561 573 -4.002974318365059e-02
561 574 -1.820905196773940e-01
561 575 -7.934326425256356e-02
561 576 -4.475936270564452e-03
561 703 4.424225860598832e-03
561 704 6.510554638922886e-02
561 705 1.040152149855682e-01
561 706 1.306870827771046e-02
561 707 -7.459286110187001e-02
561 708 2.048688777259675e-02
561 709 4.011304269704098e-02
561 710 -5.317155405934335e-02
561 711 2.304476016308862e-02
562 568 -7.107467396218911e-02
562 569 1.739602865291657e-01
562 570 -1.504395625967400e-01
562 571 -1.006522569631177e-01
562 572 6.690128883233529e-01
562 573 9.933317053474531e-01
562 574 6.265934279351885e-01
562 575 2.023782023491819e-01
562 576 1.037216001587786e-02
562 703 -1.014809266520459e-02
562 704 -1.391183040317302e-01
562 705 -2.017600458799612e-01
562 706 -2.324486740935327e-02
562 707 1.242615554319795e-01
562 708 -3.260165948376730e-02
562 709 -6.193432351704953e-02
562 710 8.061353422324730e-02
562 711 -3.464021496124538e-02
563 568 4.956823738510633e-02
563 569 -1.172434297766251e-01
563 570 9.337627083999360e-02
563 571 5.241160046681224e-02
563 572 -2.230447400475988e-01
563 573 5.065880465089871e-02
563 574 6.333540438136603e-01
563 575 9.472480027386746e-01
563 576 9.998140432063428e-01
563 703 9.998140432063432e-01
563 704 9.472480027386749e-01
563 705 6.333540438136609e-01
563 706 5.065880465089941e-02
563 707 -2.230447400475983e-01
563 708 5.241160046681264e-02
563 709 9.337627083999385e-02
563 710 -1.172434297766253e-01
563 711 4.956823738510598e-02
564 568 -3.464021496124565e-02
564 569 8.061353422324717e-02
564 570 -6.193432351704937e-02
564 571 -3.260165948376705e-02
564 572 1.242615554319798e-01
564 573 -2.324486740935295e-02
564 574 -2.017600458799610e-01
564 575 -1.391183040317300e-01
564 576 -1.014809266520459e-02
564 703 1.037216001587786e-02
564 704 2.023782023491824e-01
564 705 6.265934279351886e-01
564 706 9.933317053474532e-01
564 707 6.690128883233527e-01
564 708 -1.006522569631186e-01
564 709 -1.504395625967406e-01
564 710 1.739602865291661e-01
564 711 -7.107467396218868e-02
565 568 2.304476016308881e-02
565 569 -5.317155405934330e-02
565 570 4.011304269704091e-02
565 571 2.048688777259661e-02
565 572 -7.459286110187026e-02
565 573 1.306870827771030e-02
565 574 1.040152149855682e-01
565 575 6.510554638922879e-02
565 576 4.424225860598836e-03
565 703 -4.475936270564458e-03
565 704 -7.934326425256384e-02
565 705 -1.820905196773944e-01
565 706 -4.002974318365120e-02
565 707 5.879695423797842e-01
565 708 9.980348603289085e-01
565 709 3.299673359533303e-01
565 710 -2.889109156923250e-01
565 711 1.077898942356714e-01
566 568 -1.323457091334380e-02
566 569 3.039815995453311e-02
566 570 -2.271675331676647e-02
566 571 -1.142812838892213e-02
566 572 4.071918096306307e-02
566 573 -6.933037876038516e-03
566 574 -5.333825339575223e-02
566 575 -3.228741036227868e-02
566 576 -2.146531909365994e-03
566 703 2.165125410075796e-03
566 704 3.738448385480569e-02
566 705 8.043313241304530e-02
566 706 1.531926222076560e-02
566 707 -1.509472923848861e-01
566 708 8.941016994555735e-02
566 709 8.453519213002959e-01
566 710 8.194556018114632e-01
566 711 -1.946603400966419e-01
567 568 4.320187133485850e-03
567 569 -9.903211170919024e-03
567 570 7.370407434919042e-03
567 571 3.684009202837213e-03
567 572 -1.300883063495636e-02
567 573 2.189690916089128e-03
567 574 1.662768741732000e-02
567 575 9.942562460241666e-03
567 576 6.559061877940149e-04
567 703 -6.608998355542498e-04
567 704 -1.130981914556015e-02
567 705 -2.383468761167499e-02
567 706 -4.360522943874670e-03
567 707 3.963055707113143e-02
567 708 -1.934548288090401e-02
567 709 -8.108833879502322e-02
567 710 3.648015281808026e-01
567 711 1.128886721016068e+00
838 847 1.128886721016068e+00
838 848 3.648015281808026e-01
838 849 -8.108833879502317e-02
838 850 -1.934548288090387e-02
838 851 3.963055707113157e-02
838 852 -4.360522943874613e-03
838 853 -2.383468761167499e-02
838 854 -1.130981914556010e-02
838 855 -6.608998355542497e-04
838 982 6.559061877940150e-04
838 983 9.942562460241651e-03
838 984 1.662768741732000e-02
838 985 2.189690916089127e-03
838 986 -1.300883063495634e-02
838 987 3.684009202837277e-03
838 988 7.370407434919079e-03
838 989 -9.903211170919062e-03
838 990 4.320187133485827e-03
839 847 -1.946603400966420e-01
839 848 8.194556018114637e-01
839 849 8.453519213002958e-01
839 850 8.941016994555676e-02
839 851 -1.509472923848867e-01
839 852 1.531926222076541e-02
839 853 8.043313241304531e-02
839 854 3.738448385480556e-02
839 855 2.165125410075797e-03
839 982 -2.146531909365995e-03
839 983 -3.228741036227865e-02
839 984 -5.333825339575225e-02
839 985 -6.933037876038517e-03
839 986 4.071918096306302e-02
839 987 -1.142812838892234e-02
839 988 -2.271675331676659e-02
839 989 3.039815995453323e-02
839 990 -1.323457091334373e-02
840 847 1.077898942356713e-01
840 848 -2.889109156923248e-01
840 849 3.299673359533300e-01
840 850 9.980348603289079e-01
840 851 5.879695423797844e-01
840 852 -4.002974318365059e-02
840 853 -1.820905196773940e-01
840 854 -7.934326425256337e-02
840 855 -4.475936270564448e-03
840 982 4.424225860598829e-03
840 983 6.510554638922857e-02
840 984 1.040152149855680e-01
840 985 1.306870827771027e-02
840 986 -7.459286110187001e-02
840 987 2.048688777259693e-02
840 988 4.011304269704104e-02
840 989 -5.317155405934341e-02
840 990 2.304476016308864e-02
841 847 -7.107467396218857e-02
841 848 1.739602865291659e-01
841 849 -1.504395625967402e-01
841 850 -1.006522569631177e-01
841 851 6.690128883233533e-01
841 852 9.933317053474532e-01
841 853 6.265934279351885e-01
841 854 2.023782023491814e-01
841 855 1.037216001587786e-02
841 982 -1.014809266520458e-02
841 983 -1.391183040317297e-01
841 984 -2.017600458799609e-01
841 985 -2.324486740935293e-02
841 986 1.242615554319795e-01
841 987 -3.260165948376758e-02
841 988 -6.193432351704962e-02
841 989 8.061353422324739e-02
841 990 -3.464021496124542e-02
842 847 4.956823738510598e-02
842 848 -1.172434297766254e-01
842 849 9.337627083999379e-02
842 850 5.241160046681225e-02
842 851 -2.230447400475990e-01
842 852 5.065880465089875e-02
842 853 6.333540438136608e-01
842 854 9.472480027386746e-01
842 855 9.998140432063428e-01
842 982 9.998140432063428e-01
842 983 9.472480027386744e-01
842 984 6.333540438136602e-01
842 985 5.065880465089870e-02
842 986 -2.230447400475984e-01
842 987 5.241160046681314e-02
842 988 9.337627083999406e-02
842 989 -1.172434297766255e-01
842 990 4.956823738510606e-02
843 847 -3.464021496124541e-02
843 848 8.061353422324735e-02
843 849 -6.193432351704951e-02
843 850 -3.260165948376707e-02
843 851 1.242615554319800e-01
843 852 -2.324486740935298e-02
843 853 -2.017600458799613e-01
843 854 -1.391183040317298e-01
843 855 -1.014809266520460e-02
843 982 1.037216001587787e-02
843 983 2.023782023491816e-01
843 984 6.265934279351886e-01
843 985 9.933317053474532e-01
843 986 6.690128883233522e-01
843 987 -1.006522569631195e-01
843 988 -1.504395625967409e-01
843 989 1.739602865291664e-01
843 990 -7.107467396218876e-02
844 847 2.304476016308861e-02
844 848 -5.317155405934335e-02
844 849 4.011304269704094e-02
844 850 2.048688777259659e-02
844 851 -7.459286110187024e-02
844 852 1.306870827771029e-02
844 853 1.040152149855682e-01
844 854 6.510554638922862e-02
844 855 4.424225860598831e-03
844 982 -4.475936270564451e-03
844 983 -7.934326425256341e-02
844 984 -1.820905196773940e-01
844 985 -4.002974318365060e-02
844 986 5.879695423797846e-01
844 987 9.980348603289083e-01
844 988 3.299673359533302e-01
844 989 -2.889109156923248e-01
844 990 1.077898942356713e-01
845 847 -1.323457091334368e-02
845 848 3.039815995453312e-02
845 849 -2.271675331676647e-02
845 850 -1.142812838892212e-02
845 851 4.071918096306303e-02
845 852 -6.933037876038508e-03
845 853 -5.333825339575216e-02
845 854 -3.228741036227857e-02
845 855 -2.146531909365989e-03
845 982 2.165125410075791e-03
845 983 3.738448385480546e-02
845 984 8.043313241304505e-02
845 985 1.531926222076535e-02
845 986 -1.509472923848859e-01
845 987 8.941016994555802e-02
845 988 8.453519213002961e-01
845 989 8.194556018114629e-01
845 990 -1.946603400966418e-01
846 847 4.320187133485814e-03
846 848 -9.903211170919033e-03
846 849 7.370407434919046e-03
846 850 3.684009202837210e-03
846 851 -1.300883063495635e-02
846 852 2.189690916089126e-03
846 853 1.662768741731999e-02
846 854 9.942562460241638e-03
846 855 6.559061877940140e-04
846 982 -6.608998355542487e-04
846 983 -1.130981914556008e-02
846 984 -2.383468761167493e-02
846 985 -4.360522943874602e-03
846 986 3.963055707113140e-02
846 987 -1.934548288090417e-02
846 988 -8.108833879502329e-02
846 989 3.648015281808027e-01
846 990 1.128886721016068e+00
