%%MatrixMarket matrix coordinate real general
%
1116 1116 2592
19 28 1.127337591104767e+00
19 29 3.581803123145827e-01
19 30 -8.275622364938288e-02
19 31 -1.647201287983658e-02
19 32 3.905164342835259e-02
19 33 -6.396858715894082e-03
19 34 -2.350502600205559e-02
19 35 -9.446121266013484e-03
19 36 1.341205845607540e-03
19 55 -1.362265824185773e-03
19 56 8.487647252886718e-03
19 57 1.672506100817144e-02
19 58 3.269116801862750e-03
19 59 -1.302060500417382e-02
19 60 3.181723537341464e-03
19 61 7.624768649835909e-03
19 62 -9.871243074084103e-03
19 63 4.264667105949906e-03
20 28 -1.922830829601800e-01
20 29 8.260133191084557e-01
20 30 8.356838818943058e-01
20 31 7.558727102103155e-02
20 32 -1.481841308439271e-01
20 33 2.241613345136356e-02
20 34 7.916366620200271e-02
20 35 3.117098545351212e-02
20 36 -4.386880907561372e-03
20 55 4.465297339933927e-03
20 56 -2.759918986753031e-02
20 57 -5.370085579481166e-02
20 58 -1.035683940699942e-02
20 59 4.076984829088422e-02
20 60 -9.871741963054886e-03
20 61 -2.350261848546818e-02
20 62 3.030083677823432e-02
20 63 -1.306452632632732e-02
21 28 1.064265344782319e-01
21 29 -2.886290461498082e-01
21 30 3.449469309961213e-01
21 31 1.000392437420346e+00
21 32 5.638333964581613e-01
21 33 -5.799754933334017e-02
21 34 -1.780696083183281e-01
21 35 -6.582166366027509e-02
21 36 9.027771977723777e-03
21 55 -9.245866670384694e-03
21 56 5.585817628857204e-02
21 57 1.049843649593245e-01
21 58 1.955185861067560e-02
21 59 -7.474755887491967e-02
21 60 1.770422947357950e-02
21 61 4.150843175724517e-02
21 62 -5.300453519820944e-02
21 63 2.274881512221995e-02
22 28 -7.016759340117676e-02
22 29 1.735553128493496e-01
22 30 -1.561239953893063e-01
22 31 -8.774286432824714e-02
22 32 6.925293570792230e-01
22 33 9.874100819505106e-01
22 34 5.916114520752486e-01
22 35 1.646597577537455e-01
22 36 -2.059904582301588e-02
22 55 2.154433625498943e-02
22 56 -1.207398053365276e-01
22 57 -2.050311138188882e-01
22 58 -3.490220705075005e-02
22 59 1.247453761320625e-01
22 60 -2.819771551760648e-02
22 61 -6.411209206256374e-02
22 62 8.036958734762605e-02
22 63 -3.419577051632377e-02
23 28 4.893336539283901e-02
23 29 -1.169145439761470e-01
23 30 9.673091628921318e-02
23 31 4.541867323644696e-02
23 32 -2.249773266656631e-01
23 33 7.700626369257126e-02
23 34 6.678220596893359e-01
23 35 9.634302133816298e-01
23 36 9.992154478068930e-01
23 55 9.992154478068929e-01
23 56 9.634302133816302e-01
23 57 6.678220596893362e-01
23 58 7.700626369257128e-02
23 59 -2.249773266656631e-01
23 60 4.541867323644697e-02
23 61 9.673091628921317e-02
23 62 -1.169145439761470e-01
23 63 4.893336539283900e-02
24 28 -3.419577051632377e-02
24 29 8.036958734762603e-02
24 30 -6.411209206256374e-02
24 31 -2.819771551760647e-02
24 32 1.247453761320625e-01
24 33 -3.490220705075004e-02
24 34 -2.050311138188881e-01
24 35 -1.207398053365276e-01
24 36 2.154433625498943e-02
24 55 -2.059904582301587e-02
24 56 1.646597577537455e-01
24 57 5.916114520752487e-01
24 58 9.874100819505106e-01
24 59 6.925293570792229e-01
24 60 -8.774286432824713e-02
24 61 -1.561239953893062e-01
24 62 1.735553128493496e-01
24 63 -7.016759340117673e-02
25 28 2.274881512221996e-02
25 29 -5.300453519820943e-02
25 30 4.150843175724517e-02
25 31 1.770422947357950e-02
25 32 -7.474755887491966e-02
25 33 1.955185861067559e-02
25 34 1.049843649593245e-01
25 35 5.585817628857203e-02
25 36 -9.245866670384694e-03
25 55 9.027771977723774e-03
25 56 -6.582166366027510e-02
25 57 -1.780696083183282e-01
25 58 -5.799754933334018e-02
25 59 5.638333964581613e-01
25 60 1.000392437420346e+00
25 61 3.449469309961212e-01
25 62 -2.886290461498081e-01
25 63 1.064265344782319e-01
26 28 -1.306452632632732e-02
26 29 3.030083677823433e-02
26 30 -2.350261848546819e-02
26 31 -9.871741963054886e-03
26 32 4.076984829088422e-02
26 33 -1.035683940699942e-02
26 34 -5.370085579481165e-02
26 35 -2.759918986753031e-02
26 36 4.465297339933929e-03
26 55 -4.386880907561372e-03
26 56 3.117098545351214e-02
26 57 7.916366620200274e-02
26 58 2.241613345136357e-02
26 59 -1.481841308439272e-01
26 60 7.558727102103158e-02
26 61 8.356838818943058e-01
26 62 8.260133191084559e-01
26 63 -1.922830829601800e-01
27 28 4.264667105949907e-03
27 29 -9.871243074084105e-03
27 30 7.624768649835910e-03
27 31 3.181723537341464e-03
27 32 -1.302060500417382e-02
27 33 3.269116801862750e-03
27 34 1.672506100817144e-02
27 35 8.487647252886716e-03
27 36 -1.362265824185773e-03
27 55 1.341205845607540e-03
27 56 -9.446121266013487e-03
27 57 -2.350502600205560e-02
27 58 -6.396858715894085e-03
27 59 3.905164342835259e-02
27 60 -1.647201287983659e-02
27 61 -8.275622364938288e-02
27 62 3.581803123145828e-01
27 63 1.127337591104767e+00
82 91 1.127337591104767e+00
82 92 3.581803123145827e-01
82 93 -8.275622364938288e-02
82 94 -1.647201287983658e-02
82 95 3.905164342835259e-02
82 96 -6.396858715894082e-03
82 97 -2.350502600205559e-02
82 98 -9.446121266013484e-03
82 99 1.341205845607540e-03
82 118 -1.362265824185773e-03
82 119 8.487647252886718e-03
82 120 1.672506100817144e-02
82 121 3.269116801862750e-03
82 122 -1.302060500417382e-02
82 123 3.181723537341464e-03
82 124 7.624768649835909e-03
82 125 -9.871243074084103e-03
82 126 4.264667105949906e-03
83 91 -1.922830829601800e-01
83 92 8.260133191084557e-01
83 93 8.356838818943058e-01
83 94 7.558727102103155e-02
83 95 -1.481841308439271e-01
83 96 2.241613345136356e-02
83 97 7.916366620200271e-02
83 98 3.117098545351212e-02
83 99 -4.386880907561372e-03
83 118 4.465297339933927e-03
83 119 -2.759918986753031e-02
83 120 -5.370085579481166e-02
83 121 -1.035683940699942e-02
83 122 4.076984829088422e-02
83 123 -9.871741963054886e-03
83 124 -2.350261848546818e-02
83 125 3.030083677823432e-02
83 126 -1.306452632632732e-02
84 91 1.064265344782319e-01
84 92 -2.886290461498082e-01
84 93 3.449469309961213e-01
84 94 1.000392437420346e+00
84 95 5.638333964581613e-01
84 96 -5.799754933334017e-02
84 97 -1.780696083183281e-01
84 98 -6.582166366027509e-02
84 99 9.027771977723777e-03
84 118 -9.245866670384694e-03
84 119 5.585817628857204e-02
84 120 1.049843649593245e-01
84 121 1.955185861067560e-02
84 122 -7.474755887491967e-02
84 123 1.770422947357950e-02
84 124 4.150843175724517e-02
84 125 -5.300453519820944e-02
84 126 2.274881512221995e-02
85 91 -7.016759340117676e-02
85 92 1.735553128493496e-01
85 93 -1.561239953893063e-01
85 94 -8.774286432824714e-02
85 95 6.925293570792230e-01
85 96 9.874100819505106e-01
85 97 5.916114520752486e-01
85 98 1.646597577537455e-01
85 99 -2.059904582301588e-02
85 118 2.154433625498943e-02
85 119 -1.207398053365276e-01
85 120 -2.050311138188882e-01
85 121 -3.490220705075005e-02
85 122 1.247453761320625e-01
85 123 -2.819771551760648e-02
85 124 -6.411209206256374e-02
85 125 8.036958734762605e-02
85 126 -3.419577051632377e-02
86 91 4.893336539283901e-02
86 92 -1.169145439761470e-01
86 93 9.673091628921318e-02
86 94 4.541867323644696e-02
86 95 -2.249773266656631e-01
86 96 7.700626369257126e-02
86 97 6.678220596893359e-01
86 98 9.634302133816298e-01
86 99 9.992154478068930e-01
86 118 9.992154478068929e-01
86 119 9.634302133816302e-01
86 120 6.678220596893362e-01
86 121 7.700626369257128e-02
86 122 -2.249773266656631e-01
86 123 4.541867323644697e-02
86 124 9.673091628921317e-02
86 125 -1.169145439761470e-01
86 126 4.893336539283900e-02
87 91 -3.419577051632377e-02
87 92 8.036958734762603e-02
87 93 -6.411209206256374e-02
87 94 -2.819771551760647e-02
87 95 1.247453761320625e-01
87 96 -3.490220705075004e-02
87 97 -2.050311138188881e-01
87 98 -1.207398053365276e-01
87 99 2.154433625498943e-02
87 118 -2.059904582301587e-02
87 119 1.646597577537455e-01
87 120 5.916114520752487e-01
87 121 9.874100819505106e-01
87 122 6.925293570792229e-01
87 123 -8.774286432824713e-02
87 124 -1.561239953893062e-01
87 125 1.735553128493496e-01
87 126 -7.016759340117673e-02
88 91 2.274881512221996e-02
88 92 -5.300453519820943e-02
88 93 4.150843175724517e-02
88 94 1.770422947357950e-02
88 95 -7.474755887491966e-02
88 96 1.955185861067559e-02
88 97 1.049843649593245e-01
88 98 5.585817628857203e-02
88 99 -9.245866670384694e-03
88 118 9.027771977723774e-03
88 119 -6.582166366027510e-02
88 120 -1.780696083183282e-01
88 121 -5.799754933334018e-02
88 122 5.638333964581613e-01
88 123 1.000392437420346e+00
88 124 3.449469309961212e-01
88 125 -2.886290461498081e-01
88 126 1.064265344782319e-01
89 91 -1.306452632632732e-02
89 92 3.030083677823433e-02
89 93 -2.350261848546819e-02
89 94 -9.871741963054886e-03
89 95 4.076984829088422e-02
89 96 -1.035683940699942e-02
89 97 -5.370085579481165e-02
89 98 -2.759918986753031e-02
89 99 4.465297339933929e-03
89 118 -4.386880907561372e-03
89 119 3.117098545351214e-02
89 120 7.916366620200274e-02
89 121 2.241613345136357e-02
89 122 -1.481841308439272e-01
89 123 7.558727102103158e-02
89 124 8.356838818943058e-01
89 125 8.260133191084559e-01
89 126 -1.922830829601800e-01
90 91 4.264667105949907e-03
90 92 -9.871243074084105e-03
90 93 7.624768649835910e-03
90 94 3.181723537341464e-03
90 95 -1.302060500417382e-02
90 96 3.269116801862750e-03
90 97 1.672506100817144e-02
90 98 8.487647252886716e-03
90 99 -1.362265824185773e-03
90 118 1.341205845607540e-03
90 119 -9.446121266013487e-03
90 120 -2.350502600205560e-02
90 121 -6.396858715894085e-03
90 122 3.905164342835259e-02
90 123 -1.647201287983659e-02
90 124 -8.275622364938288e-02
90 125 3.581803123145828e-01
90 126 1.127337591104767e+00
154 163 1.127337591104767e+00
154 164 3.581803123145827e-01
154 165 -8.275622364938288e-02
154 166 -1.647201287983658e-02
154 167 3.905164342835259e-02
154 168 -6.396858715894082e-03
154 169 -2.350502600205559e-02
154 170 -9.446121266013484e-03
154 171 1.341205845607540e-03
154 190 -1.362265824185773e-03
154 191 8.487647252886718e-03
154 192 1.672506100817144e-02
154 193 3.269116801862750e-03
154 194 -1.302060500417382e-02
154 195 3.181723537341464e-03
154 196 7.624768649835909e-03
154 197 -9.871243074084103e-03
154 198 4.264667105949906e-03
155 163 -1.922830829601800e-01
155 164 8.260133191084557e-01
155 165 8.356838818943058e-01
155 166 7.558727102103155e-02
155 167 -1.481841308439271e-01
155 168 2.241613345136356e-02
155 169 7.916366620200271e-02
155 170 3.117098545351212e-02
155 171 -4.386880907561372e-03
155 190 4.465297339933927e-03
155 191 -2.759918986753031e-02
155 192 -5.370085579481166e-02
155 193 -1.035683940699942e-02
155 194 4.076984829088422e-02
155 195 -9.871741963054886e-03
155 196 -2.350261848546818e-02
155 197 3.030083677823432e-02
155 198 -1.306452632632732e-02
156 163 1.064265344782319e-01
156 164 -2.886290461498082e-01
156 165 3.449469309961213e-01
156 166 1.000392437420346e+00
156 167 5.638333964581613e-01
156 168 -5.799754933334017e-02
156 169 -1.780696083183281e-01
156 170 -6.582166366027509e-02
156 171 9.027771977723777e-03
156 190 -9.245866670384694e-03
156 191 5.585817628857204e-02
156 192 1.049843649593245e-01
156 193 1.955185861067560e-02
156 194 -7.474755887491967e-02
156 195 1.770422947357950e-02
156 196 4.150843175724517e-02
156 197 -5.300453519820944e-02
156 198 2.274881512221995e-02
157 163 -7.016759340117676e-02
157 164 1.735553128493496e-01
157 165 -1.561239953893063e-01
157 166 -8.774286432824714e-02
157 167 6.925293570792230e-01
157 168 9.874100819505106e-01
157 169 5.916114520752486e-01
157 170 1.646597577537455e-01
157 171 -2.059904582301588e-02
157 190 2.154433625498943e-02
157 191 -1.207398053365276e-01
157 192 -2.050311138188882e-01
157 193 -3.490220705075005e-02
157 194 1.247453761320625e-01
157 195 -2.819771551760648e-02
157 196 -6.411209206256374e-02
157 197 8.036958734762605e-02
157 198 -3.419577051632377e-02
158 163 4.893336539283901e-02
158 164 -1.169145439761470e-01
158 165 9.673091628921318e-02
158 166 4.541867323644696e-02
158 167 -2.249773266656631e-01
158 168 7.700626369257126e-02
158 169 6.678220596893359e-01
158 170 9.634302133816298e-01
158 171 9.992154478068930e-01
158 190 9.992154478068929e-01
158 191 9.634302133816302e-01
158 192 6.678220596893362e-01
158 193 7.700626369257128e-02
158 194 -2.249773266656631e-01
158 195 4.541867323644697e-02
158 196 9.673091628921317e-02
158 197 -1.169145439761470e-01
158 198 4.893336539283900e-02
159 163 -3.419577051632377e-02
159 164 8.036958734762603e-02
159 165 -6.411209206256374e-02
159 166 -2.819771551760647e-02
159 167 1.247453761320625e-01
159 168 -3.490220705075004e-02
159 169 -2.050311138188881e-01
159 170 -1.207398053365276e-01
159 171 2.154433625498943e-02
159 190 -2.059904582301587e-02
159 191 1.646597577537455e-01
159 192 5.916114520752487e-01
159 193 9.874100819505106e-01
159 194 6.925293570792229e-01
159 195 -8.774286432824713e-02
159 196 -1.561239953893062e-01
159 197 1.735553128493496e-01
159 198 -7.016759340117673e-02
160 163 2.274881512221996e-02
160 164 -5.300453519820943e-02
160 165 4.150843175724517e-02
160 166 1.770422947357950e-02
160 167 -7.474755887491966e-02
160 168 1.955185861067559e-02
160 169 1.049843649593245e-01
160 170 5.585817628857203e-02
160 171 -9.245866670384694e-03
160 190 9.027771977723774e-03
160 191 -6.582166366027510e-02
160 192 -1.780696083183282e-01
160 193 -5.799754933334018e-02
160 194 5.638333964581613e-01
160 195 1.000392437420346e+00
160 196 3.449469309961212e-01
160 197 -2.886290461498081e-01
160 198 1.064265344782319e-01
161 163 -1.306452632632732e-02
161 164 3.030083677823433e-02
161 165 -2.350261848546819e-02
161 166 -9.871741963054886e-03
161 167 4.076984829088422e-02
161 168 -1.035683940699942e-02
161 169 -5.370085579481165e-02
161 170 -2.759918986753031e-02
161 171 4.465297339933929e-03
161 190 -4.386880907561372e-03
161 191 3.117098545351214e-02
161 192 7.916366620200274e-02
161 193 2.241613345136357e-02
161 194 -1.481841308439272e-01
161 195 7.558727102103158e-02
161 196 8.356838818943058e-01
161 197 8.260133191084559e-01
161 198 -1.922830829601800e-01
162 163 4.264667105949907e-03
162 164 -9.871243074084105e-03
162 165 7.624768649835910e-03
162 166 3.181723537341464e-03
162 167 -1.302060500417382e-02
162 168 3.269116801862750e-03
162 169 1.672506100817144e-02
162 170 8.487647252886716e-03
162 171 -1.362265824185773e-03
162 190 1.341205845607540e-03
162 191 -9.446121266013487e-03
162 192 -2.350502600205560e-02
162 193 -6.396858715894085e-03
162 194 3.905164342835259e-02
162 195 -1.647201287983659e-02
162 196 -8.275622364938288e-02
162 197 3.581803123145828e-01
162 198 1.127337591104767e+00
217 226 1.127337591104767e+00
217 227 3.581803123145827e-01
217 228 -8.275622364938288e-02
217 229 -1.647201287983659e-02
217 230 3.905164342835259e-02
217 231 -6.396858715894084e-03
217 232 -2.350502600205560e-02
217 233 -9.446121266013487e-03
217 234 1.341205845607541e-03
217 253 -1.362265824185773e-03
217 254 8.487647252886723e-03
217 255 1.672506100817145e-02
217 256 3.269116801862753e-03
217 257 -1.302060500417383e-02
217 258 3.181723537341472e-03
217 259 7.624768649835947e-03
217 260 -9.871243074084265e-03
217 261 4.264667105949406e-03
218 226 -1.922830829601800e-01
218 227 8.260133191084558e-01
218 228 8.356838818943058e-01
218 229 7.558727102103156e-02
218 230 -1.481841308439272e-01
218 231 2.241613345136357e-02
218 232 7.916366620200274e-02
218 233 3.117098545351214e-02
218 234 -4.386880907561374e-03
218 253 4.465297339933930e-03
218 254 -2.759918986753034e-02
218 255 -5.370085579481168e-02
218 256 -1.035683940699943e-02
218 257 4.076984829088427e-02
218 258 -9.871741963054908e-03
218 259 -2.350261848546830e-02
218 260 3.030083677823481e-02
218 261 -1.306452632632579e-02
219 226 1.064265344782319e-01
219 227 -2.886290461498081e-01
219 228 3.449469309961212e-01
219 229 1.000392437420346e+00
219 230 5.638333964581614e-01
219 231 -5.799754933334018e-02
219 232 -1.780696083183282e-01
219 233 -6.582166366027511e-02
219 234 9.027771977723781e-03
219 253 -9.245866670384698e-03
219 254 5.585817628857207e-02
219 255 1.049843649593246e-01
219 256 1.955185861067562e-02
219 257 -7.474755887491977e-02
219 258 1.770422947357954e-02
219 259 4.150843175724536e-02
219 260 -5.300453519821029e-02
219 261 2.274881512221729e-02
220 226 -7.016759340117674e-02
220 227 1.735553128493496e-01
220 228 -1.561239953893063e-01
220 229 -8.774286432824711e-02
220 230 6.925293570792230e-01
220 231 9.874100819505106e-01
220 232 5.916114520752487e-01
220 233 1.646597577537455e-01
220 234 -2.059904582301589e-02
220 253 2.154433625498943e-02
220 254 -1.207398053365277e-01
220 255 -2.050311138188883e-01
220 256 -3.490220705075008e-02
220 257 1.247453761320627e-01
220 258 -2.819771551760654e-02
220 259 -6.411209206256403e-02
220 260 8.036958734762732e-02
220 261 -3.419577051631974e-02
221 226 4.893336539283899e-02
221 227 -1.169145439761469e-01
221 228 9.673091628921314e-02
221 229 4.541867323644695e-02
221 230 -2.249773266656631e-01
221 231 7.700626369257124e-02
221 232 6.678220596893358e-01
221 233 9.634302133816298e-01
221 234 9.992154478068930e-01
221 253 9.992154478068929e-01
221 254 9.634302133816302e-01
221 255 6.678220596893363e-01
221 256 7.700626369257131e-02
221 257 -2.249773266656633e-01
221 258 4.541867323644706e-02
221 259 9.673091628921360e-02
221 260 -1.169145439761488e-01
221 261 4.893336539283324e-02
222 226 -3.419577051632374e-02
222 227 8.036958734762596e-02
222 228 -6.411209206256367e-02
222 229 -2.819771551760645e-02
222 230 1.247453761320624e-01
222 231 -3.490220705075001e-02
222 232 -2.050311138188880e-01
222 233 -1.207398053365275e-01
222 234 2.154433625498942e-02
222 253 -2.059904582301587e-02
222 254 1.646597577537454e-01
222 255 5.916114520752486e-01
222 256 9.874100819505106e-01
222 257 6.925293570792233e-01
222 258 -8.774286432824725e-02
222 259 -1.561239953893069e-01
222 260 1.735553128493523e-01
222 261 -7.016759340116845e-02
223 226 2.274881512221991e-02
223 227 -5.300453519820932e-02
223 228 4.150843175724508e-02
223 229 1.770422947357946e-02
223 230 -7.474755887491952e-02
223 231 1.955185861067556e-02
223 232 1.049843649593243e-01
223 233 5.585817628857193e-02
223 234 -9.245866670384678e-03
223 253 9.027771977723760e-03
223 254 -6.582166366027500e-02
223 255 -1.780696083183279e-01
223 256 -5.799754933334011e-02
223 257 5.638333964581609e-01
223 258 1.000392437420346e+00
223 259 3.449469309961222e-01
223 260 -2.886290461498122e-01
223 261 1.064265344782192e-01
224 226 -1.306452632632723e-02
224 227 3.030083677823412e-02
224 228 -2.350261848546803e-02
224 229 -9.871741963054818e-03
224 230 4.076984829088395e-02
224 231 -1.035683940699935e-02
224 232 -5.370085579481130e-02
224 233 -2.759918986753014e-02
224 234 4.465297339933900e-03
224 253 -4.386880907561343e-03
224 254 3.117098545351194e-02
224 255 7.916366620200226e-02
224 256 2.241613345136344e-02
224 257 -1.481841308439263e-01
224 258 7.558727102103122e-02
224 259 8.356838818943041e-01
224 260 8.260133191084635e-01
224 261 -1.922830829601561e-01
225 226 4.264667105949846e-03
225 227 -9.871243074083965e-03
225 228 7.624768649835802e-03
225 229 3.181723537341419e-03
225 230 -1.302060500417363e-02
225 231 3.269116801862703e-03
225 232 1.672506100817120e-02
225 233 8.487647252886595e-03
225 234 -1.362265824185754e-03
225 253 1.341205845607521e-03
225 254 -9.446121266013352e-03
225 255 -2.350502600205526e-02
225 256 -6.396858715893993e-03
225 257 3.905164342835203e-02
225 258 -1.647201287983635e-02
225 259 -8.275622364938170e-02
225 260 3.581803123145777e-01
225 261 1.127337591104751e+00
298 307 1.129411500546775e+00
298 308 3.670587123461249e-01
298 309 -8.049160724421951e-02
298 310 -2.032779703371163e-02
298 311 3.979771743152472e-02
298 312 -3.653023273099707e-03
298 313 -2.390769583422662e-02
298 314 -1.192764283693709e-02
298 315 -1.348774781600940e-03
298 334 -4.198667441749750e-03
298 335 6.301849789441356e-03
298 336 1.665653779613008e-02
298 337 4.745353029115988e-03
298 338 -1.296163490696997e-02
298 339 2.477732868262182e-03
298 340 7.961805476532425e-03
298 341 -9.821496402565586e-03
298 342 4.188254619641184e-03
299 307 -1.954658507609512e-01
299 308 8.172051897065891e-01
299 309 8.485883218629858e-01
299 310 9.418268414471984e-02
299 311 -1.517806004204941e-01
299 312 1.284495107653862e-02
299 313 8.073455683811792e-02
299 314 3.944978508915496e-02
299 315 4.421028511261536e-03
299 334 1.379384603374461e-02
299 335 -2.053008029539685e-02
299 336 -5.355144098812496e-02
299 337 -1.504610353509699e-02
299 338 4.060437416110366e-02
299 339 -7.689403638574528e-03
299 340 -2.454422559452952e-02
299 341 3.014923900646506e-02
299 342 -1.283049170970290e-02
300 307 1.082520994427470e-01
300 308 -2.889831904537422e-01
300 309 3.248829650141315e-01
300 310 9.970774308689461e-01
300 311 5.961024869195359e-01
300 312 -3.367981223730953e-02
300 313 -1.831797001588228e-01
300 314 -8.387339051456258e-02
300 315 -9.153920411521086e-03
300 334 -2.875043604688231e-02
300 335 4.177055877128091e-02
300 336 1.050631500406109e-01
300 337 2.846427830129505e-02
300 338 -7.453028269481807e-02
300 339 1.379841575459075e-02
300 340 4.335919353178148e-02
300 341 -5.274377092766237e-02
300 342 2.234149643925560e-02
301 307 -7.138223443736195e-02
301 308 1.740834065912322e-01
301 309 -1.484845065565601e-01
301 310 -1.049235629513356e-01
301 311 6.609088867175752e-01
301 312 9.949463440350267e-01
301 313 6.382749766949394e-01
301 314 2.153988514319239e-01
301 315 2.132780628751676e-02
301 334 6.856089691670345e-02
301 335 -9.181057189607499e-02
301 336 -2.071940355343535e-01
301 337 -5.107217057563787e-02
301 338 1.246991336183559e-01
301 339 -2.200317396231978e-02
301 340 -6.700442871112171e-02
301 341 7.998694894283111e-02
301 342 -3.358405153338073e-02
302 307 4.978351309021305e-02
302 308 -1.173453856460463e-01
302 309 9.221850329093882e-02
302 310 5.474453575062155e-02
302 311 -2.222222222222228e-01
302 312 4.193559628619541e-02
302 313 6.214620396774779e-01
302 314 9.411301078682676e-01
302 315 9.992308119045479e-01
302 334 9.927033233726963e-01
302 335 9.810160178630802e-01
302 336 7.135841730750176e-01
302 337 1.146988647957132e-01
302 338 -2.264037708906060e-01
302 339 3.553598977168160e-02
302 340 1.011982840154461e-01
302 341 -1.163935778027997e-01
302 342 4.805950582466950e-02
303 307 -3.479092359412510e-02
303 308 8.068968438828895e-02
303 309 -6.118162989078804e-02
303 310 -3.407479357032978e-02
303 311 1.239997546686382e-01
303 312 -1.932067089943148e-02
303 313 -2.003414469256308e-01
303 314 -1.448427411451548e-01
303 315 -2.040102646752927e-02
303 334 -5.977438838790423e-02
303 335 1.146466908880999e-01
303 336 5.423680023784611e-01
303 337 9.764620148538173e-01
303 338 7.239005454859901e-01
303 339 -6.922825311408902e-02
303 340 -1.637424646876965e-01
303 341 1.728963890849723e-01
303 342 -6.891893280298435e-02
304 307 2.314511493126418e-02
304 308 -5.322385868251369e-02
304 309 3.963041032797494e-02
304 310 2.141880768979492e-02
304 311 -7.448107462312198e-02
304 312 1.087558270779069e-02
304 313 1.035174746041493e-01
304 314 6.804174656093497e-02
304 315 8.940094922500398e-03
304 334 2.672933017068349e-02
304 335 -4.699475667815087e-02
304 336 -1.706673596596049e-01
304 337 -8.084458002770099e-02
304 338 5.303097279263170e-01
304 339 1.002504763979036e+00
304 340 3.655183310800766e-01
304 341 -2.880739191554186e-01
304 342 1.045493091485225e-01
305 307 -1.329223336631245e-02
305 308 3.042868713306740e-02
305 309 -2.244483970189537e-02
305 310 -1.194967046758754e-02
305 311 4.066948930938231e-02
305 312 -5.772473560016158e-03
305 313 -5.312732759263711e-02
305 314 -3.378505081770158e-02
305 315 -4.344146984208974e-03
305 334 -1.306753988002880e-02
305 335 2.240564471734907e-02
305 336 7.652205228823060e-02
305 337 3.165712896908383e-02
305 338 -1.436711784367422e-01
305 339 5.718482886330038e-02
305 340 8.220853274433516e-01
305 341 8.348470229832067e-01
305 342 -1.890067309258010e-01
306 307 4.339014147751727e-03
306 308 -9.913245383000317e-03
306 309 7.282382897431882e-03
306 310 3.852365568882131e-03
306 311 -1.299443778081744e-02
306 312 1.823505864305521e-03
306 313 1.656712269663265e-02
306 314 1.040833436407410e-02
306 315 1.328127019033634e-03
306 334 4.003635262736730e-03
306 335 -6.805353159628998e-03
306 336 -2.278107939636710e-02
306 337 -9.064785810589658e-03
306 338 3.805308573736963e-02
306 339 -1.258090052188775e-02
306 340 -8.483182255384043e-02
306 341 3.491531642709712e-01
306 342 1.125201640939780e+00
361 370 1.127337591104735e+00
361 371 3.581803123145701e-01
361 372 -8.275622364938082e-02
361 373 -1.647201287983644e-02
361 374 3.905164342835236e-02
361 375 -6.396858715894252e-03
361 376 -2.350502600205533e-02
361 377 -9.446121266013548e-03
361 378 1.341205845607527e-03
361 397 -1.362265824185603e-03
361 398 8.487647252886756e-03
361 399 1.672506100817127e-02
361 400 3.269116801862838e-03
361 401 -1.302060500417369e-02
361 402 3.181723537341553e-03
361 403 7.624768649835753e-03
361 404 -9.871243074084117e-03
361 405 4.264667105949359e-03
362 370 -1.922830829601326e-01
362 371 8.260133191084716e-01
362 372 8.356838818943071e-01
362 373 7.558727102103183e-02
362 374 -1.481841308439278e-01
362 375 2.241613345136437e-02
362 376 7.916366620200257e-02
362 377 3.117098545351263e-02
362 378 -4.386880907561369e-03
362 397 4.465297339933412e-03
362 398 -2.759918986753069e-02
362 399 -5.370085579481160e-02
362 400 -1.035683940699979e-02
362 401 4.076984829088419e-02
362 402 -9.871741963055247e-03
362 403 -2.350261848546790e-02
362 404 3.030083677823463e-02
362 405 -1.306452632632575e-02
363 370 1.064265344782055e-01
363 371 -2.886290461498118e-01
363 372 3.449469309961156e-01
363 373 1.000392437420345e+00
363 374 5.638333964581608e-01
363 375 -5.799754933334206e-02
363 376 -1.780696083183275e-01
363 377 -6.582166366027610e-02
363 378 9.027771977723762e-03
363 397 -9.245866670383613e-03
363 398 5.585817628857274e-02
363 399 1.049843649593244e-01
363 400 1.955185861067630e-02
363 401 -7.474755887491960e-02
363 402 1.770422947358014e-02
363 403 4.150843175724467e-02
363 404 -5.300453519820997e-02
363 405 2.274881512221723e-02
364 370 -7.016759340115898e-02
364 371 1.735553128493507e-01
364 372 -1.561239953893032e-01
364 373 -8.774286432824674e-02
364 374 6.925293570792254e-01
364 375 9.874100819505095e-01
364 376 5.916114520752447e-01
364 377 1.646597577537482e-01
364 378 -2.059904582301585e-02
364 397 2.154433625498688e-02
364 398 -1.207398053365290e-01
364 399 -2.050311138188880e-01
364 400 -3.490220705075129e-02
364 401 1.247453761320623e-01
364 402 -2.819771551760747e-02
364 403 -6.411209206256291e-02
364 404 8.036958734762679e-02
364 405 -3.419577051631964e-02
365 370 4.893336539282669e-02
365 371 -1.169145439761479e-01
365 372 9.673091628921154e-02
365 373 4.541867323644692e-02
365 374 -2.249773266656643e-01
365 375 7.700626369257443e-02
365 376 6.678220596893397e-01
365 377 9.634302133816294e-01
365 378 9.992154478068934e-01
365 397 9.992154478068935e-01
365 398 9.634302133816290e-01
365 399 6.678220596893393e-01
365 400 7.700626369257429e-02
365 401 -2.249773266656632e-01
365 402 4.541867323644865e-02
365 403 9.673091628921208e-02
365 404 -1.169145439761483e-01
365 405 4.893336539283320e-02
366 370 -3.419577051631515e-02
366 371 8.036958734762666e-02
366 372 -6.411209206256269e-02
366 373 -2.819771551760646e-02
366 374 1.247453761320632e-01
366 375 -3.490220705075143e-02
366 376 -2.050311138188886e-01
366 377 -1.207398053365293e-01
366 378 2.154433625498944e-02
366 397 -2.059904582301359e-02
366 398 1.646597577537486e-01
366 399 5.916114520752455e-01
366 400 9.874100819505095e-01
366 401 6.925293570792234e-01
366 402 -8.774286432825025e-02
366 403 -1.561239953893044e-01
366 404 1.735553128493517e-01
366 405 -7.016759340116840e-02
367 370 2.274881512221420e-02
367 371 -5.300453519820979e-02
367 372 4.150843175724445e-02
367 373 1.770422947357947e-02
367 374 -7.474755887491999e-02
367 375 1.955185861067635e-02
367 376 1.049843649593245e-01
367 377 5.585817628857279e-02
367 378 -9.245866670384689e-03
367 397 9.027771977722754e-03
367 398 -6.582166366027616e-02
367 399 -1.780696083183276e-01
367 400 -5.799754933334208e-02
367 401 5.638333964581611e-01
367 402 1.000392437420345e+00
367 403 3.449469309961157e-01
367 404 -2.886290461498118e-01
367 405 1.064265344782192e-01
368 370 -1.306452632632395e-02
368 371 3.030083677823438e-02
368 372 -2.350261848546767e-02
368 373 -9.871741963054827e-03
368 374 4.076984829088420e-02
368 375 -1.035683940699976e-02
368 376 -5.370085579481140e-02
368 377 -2.759918986753057e-02
368 378 4.465297339933904e-03
368 397 -4.386880907560853e-03
368 398 3.117098545351247e-02
368 399 7.916366620200213e-02
368 400 2.241613345136422e-02
368 401 -1.481841308439264e-01
368 402 7.558727102103434e-02
368 403 8.356838818943079e-01
368 404 8.260133191084708e-01
368 405 -1.922830829601561e-01
369 370 4.264667105948777e-03
369 371 -9.871243074084055e-03
369 372 7.624768649835689e-03
369 373 3.181723537341423e-03
369 374 -1.302060500417372e-02
369 375 3.269116801862836e-03
369 376 1.672506100817124e-02
369 377 8.487647252886732e-03
369 378 -1.362265824185756e-03
369 397 1.341205845607371e-03
369 398 -9.446121266013519e-03
369 399 -2.350502600205524e-02
369 400 -6.396858715894220e-03
369 401 3.905164342835206e-02
369 402 -1.647201287983701e-02
369 403 -8.275622364938102e-02
369 404 3.581803123145703e-01
369 405 1.127337591104751e+00
433 442 1.127337591104735e+00
433 443 3.581803123145713e-01
433 444 -8.275622364937985e-02
433 445 -1.647201287983630e-02
433 446 3.905164342835202e-02
433 447 -6.396858715894208e-03
433 448 -2.350502600205520e-02
433 449 -9.446121266013496e-03
433 450 1.341205845607445e-03
433 469 -1.362265824185674e-03
433 470 8.487647252886718e-03
433 471 1.672506100817122e-02
433 472 3.269116801862823e-03
433 473 -1.302060500417361e-02
433 474 3.181723537341469e-03
433 475 7.624768649835682e-03
433 476 -9.871243074084034e-03
433 477 4.264667105949048e-03
434 442 -1.922830829601326e-01
434 443 8.260133191084719e-01
434 444 8.356838818943083e-01
434 445 7.558727102103158e-02
434 446 -1.481841308439272e-01
434 447 2.241613345136432e-02
434 448 7.916366620200246e-02
434 449 3.117098545351259e-02
434 450 -4.386880907561118e-03
434 469 4.465297339933665e-03
434 470 -2.759918986753068e-02
434 471 -5.370085579481167e-02
434 472 -1.035683940699978e-02
434 473 4.076984829088409e-02
434 474 -9.871741963055024e-03
434 475 -2.350261848546778e-02
434 476 3.030083677823448e-02
434 477 -1.306452632632485e-02
435 442 1.064265344782061e-01
435 443 -2.886290461498142e-01
435 444 3.449469309961131e-01
435 445 1.000392437420345e+00
435 446 5.638333964581613e-01
435 447 -5.799754933334213e-02
435 448 -1.780696083183279e-01
435 449 -6.582166366027625e-02
435 450 9.027771977723279e-03
435 469 -9.245866670384170e-03
435 470 5.585817628857291e-02
435 471 1.049843649593249e-01
435 472 1.955185861067635e-02
435 473 -7.474755887491966e-02
435 474 1.770422947357980e-02
435 475 4.150843175724458e-02
435 476 -5.300453519820989e-02
435 477 2.274881512221573e-02
436 442 -7.016759340115944e-02
436 443 1.735553128493525e-01
436 444 -1.561239953893025e-01
436 445 -8.774286432824685e-02
436 446 6.925293570792239e-01
436 447 9.874100819505094e-01
436 448 5.916114520752453e-01
436 449 1.646597577537485e-01
436 450 -2.059904582301474e-02
436 469 2.154433625498818e-02
436 470 -1.207398053365293e-01
436 471 -2.050311138188887e-01
436 472 -3.490220705075135e-02
436 473 1.247453761320624e-01
436 474 -2.819771551760692e-02
436 475 -6.411209206256274e-02
436 476 8.036958734762664e-02
436 477 -3.419577051631738e-02
437 442 4.893336539282691e-02
437 443 -1.169145439761488e-01
437 444 9.673091628921086e-02
437 445 4.541867323644684e-02
437 446 -2.249773266656634e-01
437 447 7.700626369257425e-02
437 448 6.678220596893391e-01
437 449 9.634302133816285e-01
437 450 9.992154478068932e-01
437 469 9.992154478068930e-01
437 470 9.634302133816290e-01
437 471 6.678220596893403e-01
437 472 7.700626369257420e-02
437 473 -2.249773266656628e-01
437 474 4.541867323644765e-02
437 475 9.673091628921161e-02
437 476 -1.169145439761478e-01
437 477 4.893336539282987e-02
438 442 -3.419577051631530e-02
438 443 8.036958734762729e-02
438 444 -6.411209206256223e-02
438 445 -2.819771551760640e-02
438 446 1.247453761320626e-01
438 447 -3.490220705075134e-02
438 448 -2.050311138188882e-01
438 449 -1.207398053365291e-01
438 450 2.154433625498816e-02
438 469 -2.059904582301472e-02
438 470 1.646597577537484e-01
438 471 5.916114520752450e-01
438 472 9.874100819505102e-01
438 473 6.925293570792241e-01
438 474 -8.774286432824849e-02
438 475 -1.561239953893039e-01
438 476 1.735553128493512e-01
438 477 -7.016759340116371e-02
439 442 2.274881512221436e-02
439 443 -5.300453519821034e-02
439 444 4.150843175724426e-02
439 445 1.770422947357948e-02
439 446 -7.474755887491986e-02
439 447 1.955185861067635e-02
439 448 1.049843649593247e-01
439 449 5.585817628857288e-02
439 450 -9.245866670384174e-03
439 469 9.027771977723278e-03
439 470 -6.582166366027631e-02
439 471 -1.780696083183282e-01
439 472 -5.799754933334226e-02
439 473 5.638333964581600e-01
439 474 1.000392437420345e+00
439 475 3.449469309961158e-01
439 476 -2.886290461498119e-01
439 477 1.064265344782124e-01
440 442 -1.306452632632407e-02
440 443 3.030083677823475e-02
440 444 -2.350261848546761e-02
440 445 -9.871741963054848e-03
440 446 4.076984829088421e-02
440 447 -1.035683940699979e-02
440 448 -5.370085579481158e-02
440 449 -2.759918986753067e-02
440 450 4.465297339933666e-03
440 469 -4.386880907561119e-03
440 470 3.117098545351261e-02
440 471 7.916366620200260e-02
440 472 2.241613345136434e-02
440 473 -1.481841308439268e-01
440 474 7.558727102103303e-02
440 475 8.356838818943076e-01
440 476 8.260133191084712e-01
440 477 -1.922830829601444e-01
441 442 4.264667105948812e-03
441 443 -9.871243074084166e-03
441 444 7.624768649835662e-03
441 445 3.181723537341427e-03
441 446 -1.302060500417371e-02
441 447 3.269116801862839e-03
441 448 1.672506100817128e-02
441 449 8.487647252886756e-03
441 450 -1.362265824185682e-03
441 469 1.341205845607452e-03
441 470 -9.446121266013551e-03
441 471 -2.350502600205536e-02
441 472 -6.396858715894249e-03
441 473 3.905164342835212e-02
441 474 -1.647201287983672e-02
441 475 -8.275622364938091e-02
441 476 3.581803123145702e-01
441 477 1.127337591104744e+00
496 505 1.127337591104743e+00
496 506 3.581803123145706e-01
496 507 -8.275622364938034e-02
496 508 -1.647201287983620e-02
496 509 3.905164342835216e-02
496 510 -6.396858715894237e-03
496 511 -2.350502600205532e-02
496 512 -9.446121266013536e-03
496 513 1.341205845607450e-03
496 532 -1.362265824185680e-03
496 533 8.487647252886752e-03
496 534 1.672506100817129e-02
496 535 3.269116801862849e-03
496 536 -1.302060500417365e-02
496 537 3.181723537341448e-03
496 538 7.624768649835699e-03
496 539 -9.871243074084105e-03
496 540 4.264667105949070e-03
497 505 -1.922830829601445e-01
497 506 8.260133191084718e-01
497 507 8.356838818943080e-01
497 508 7.558727102103091e-02
497 509 -1.481841308439274e-01
497 510 2.241613345136437e-02
497 511 7.916366620200271e-02
497 512 3.117098545351266e-02
497 513 -4.386880907561127e-03
497 532 4.465297339933675e-03
497 533 -2.759918986753074e-02
497 534 -5.370085579481176e-02
497 535 -1.035683940699985e-02
497 536 4.076984829088415e-02
497 537 -9.871741963054943e-03
497 538 -2.350261848546779e-02
497 539 3.030083677823465e-02
497 540 -1.306452632632489e-02
498 505 1.064265344782126e-01
498 506 -2.886290461498129e-01
498 507 3.449469309961145e-01
498 508 1.000392437420345e+00
498 509 5.638333964581608e-01
498 510 -5.799754933334220e-02
498 511 -1.780696083183281e-01
498 512 -6.582166366027629e-02
498 513 9.027771977723281e-03
498 532 -9.245866670384175e-03
498 533 5.585817628857294e-02
498 534 1.049843649593249e-01
498 535 1.955185861067643e-02
498 536 -7.474755887491964e-02
498 537 1.770422947357963e-02
498 538 4.150843175724453e-02
498 539 -5.300453519821010e-02
498 540 2.274881512221577e-02
499 505 -7.016759340116376e-02
499 506 1.735553128493516e-01
499 507 -1.561239953893029e-01
499 508 -8.774286432824602e-02
499 509 6.925293570792248e-01
499 510 9.874100819505098e-01
499 511 5.916114520752459e-01
499 512 1.646597577537484e-01
499 513 -2.059904582301473e-02
499 532 2.154433625498817e-02
499 533 -1.207398053365292e-01
499 534 -2.050311138188886e-01
499 535 -3.490220705075148e-02
499 536 1.247453761320623e-01
499 537 -2.819771551760662e-02
499 538 -6.411209206256263e-02
499 539 8.036958734762689e-02
499 540 -3.419577051631741e-02
500 505 4.893336539282991e-02
500 506 -1.169145439761481e-01
500 507 9.673091628921107e-02
500 508 4.541867323644638e-02
500 509 -2.249773266656633e-01
500 510 7.700626369257424e-02
500 511 6.678220596893388e-01
500 512 9.634302133816289e-01
500 513 9.992154478068932e-01
500 532 9.992154478068932e-01
500 533 9.634302133816293e-01
500 534 6.678220596893397e-01
500 535 7.700626369257452e-02
500 536 -2.249773266656627e-01
500 537 4.541867323644719e-02
500 538 9.673091628921146e-02
500 539 -1.169145439761482e-01
500 540 4.893336539282992e-02
501 505 -3.419577051631742e-02
501 506 8.036958734762685e-02
501 507 -6.411209206256240e-02
501 508 -2.819771551760612e-02
501 509 1.247453761320627e-01
501 510 -3.490220705075135e-02
501 511 -2.050311138188884e-01
501 512 -1.207398053365292e-01
501 513 2.154433625498816e-02
501 532 -2.059904582301473e-02
501 533 1.646597577537484e-01
501 534 5.916114520752456e-01
501 535 9.874100819505097e-01
501 536 6.925293570792241e-01
501 537 -8.774286432824764e-02
501 538 -1.561239953893037e-01
501 539 1.735553128493519e-01
501 540 -7.016759340116382e-02
502 505 2.274881512221579e-02
502 506 -5.300453519821011e-02
502 507 4.150843175724441e-02
502 508 1.770422947357933e-02
502 509 -7.474755887491995e-02
502 510 1.955185861067638e-02
502 511 1.049843649593249e-01
502 512 5.585817628857298e-02
502 513 -9.245866670384186e-03
502 532 9.027771977723293e-03
502 533 -6.582166366027641e-02
502 534 -1.780696083183285e-01
502 535 -5.799754933334254e-02
502 536 5.638333964581604e-01
502 537 1.000392437420345e+00
502 538 3.449469309961162e-01
502 539 -2.886290461498132e-01
502 540 1.064265344782127e-01
503 505 -1.306452632632488e-02
503 506 3.030083677823461e-02
503 507 -2.350261848546768e-02
503 508 -9.871741963054759e-03
503 509 4.076984829088424e-02
503 510 -1.035683940699980e-02
503 511 -5.370085579481168e-02
503 512 -2.759918986753071e-02
503 513 4.465297339933672e-03
503 532 -4.386880907561124e-03
503 533 3.117098545351266e-02
503 534 7.916366620200270e-02
503 535 2.241613345136445e-02
503 536 -1.481841308439269e-01
503 537 7.558727102103230e-02
503 538 8.356838818943068e-01
503 539 8.260133191084706e-01
503 540 -1.922830829601444e-01
504 505 4.264667105949067e-03
504 506 -9.871243074084093e-03
504 507 7.624768649835668e-03
504 508 3.181723537341390e-03
504 509 -1.302060500417369e-02
504 510 3.269116801862836e-03
504 511 1.672506100817127e-02
504 512 8.487647252886747e-03
504 513 -1.362265824185680e-03
504 532 1.341205845607450e-03
504 533 -9.446121266013538e-03
504 534 -2.350502600205533e-02
504 535 -6.396858715894262e-03
504 536 3.905164342835204e-02
504 537 -1.647201287983650e-02
504 538 -8.275622364938054e-02
504 539 3.581803123145716e-01
504 540 1.127337591104743e+00
577 586 1.127337591104744e+00
577 587 3.581803123145712e-01
577 588 -8.275622364938044e-02
577 589 -1.647201287983633e-02
577 590 3.905164342835217e-02
577 591 -6.396858715894240e-03
577 592 -2.350502600205533e-02
577 593 -9.446121266013524e-03
577 594 1.341205845607451e-03
577 613 -1.362265824185681e-03
577 614 8.487647252886758e-03
577 615 1.672506100817129e-02
577 616 3.269116801862837e-03
577 617 -1.302060500417366e-02
577 618 3.181723537341450e-03
577 619 7.624768649835703e-03
577 620 -9.871243074084107e-03
577 621 4.264667105949072e-03
578 586 -1.922830829601460e-01
578 587 8.260133191084711e-01
578 588 8.356838818943075e-01
578 589 7.558727102103148e-02
578 590 -1.481841308439274e-01
578 591 2.241613345136437e-02
578 592 7.916366620200273e-02
578 593 3.117098545351261e-02
578 594 -4.386880907561128e-03
578 613 4.465297339933676e-03
578 614 -2.759918986753075e-02
578 615 -5.370085579481177e-02
578 616 -1.035683940699980e-02
578 617 4.076984829088416e-02
578 618 -9.871741963054945e-03
578 619 -2.350261848546779e-02
578 620 3.030083677823465e-02
578 621 -1.306452632632490e-02
579 586 1.064265344782134e-01
579 587 -2.886290461498128e-01
579 588 3.449469309961150e-01
579 589 1.000392437420345e+00
579 590 5.638333964581607e-01
579 591 -5.799754933334219e-02
579 592 -1.780696083183282e-01
579 593 -6.582166366027617e-02
579 594 9.027771977723283e-03
579 613 -9.245866670384175e-03
579 614 5.585817628857295e-02
579 615 1.049843649593249e-01
579 616 1.955185861067635e-02
579 617 -7.474755887491966e-02
579 618 1.770422947357963e-02
579 619 4.150843175724454e-02
579 620 -5.300453519821009e-02
579 621 2.274881512221577e-02
580 586 -7.016759340116427e-02
580 587 1.735553128493515e-01
580 588 -1.561239953893030e-01
580 589 -8.774286432824660e-02
580 590 6.925293570792245e-01
580 591 9.874100819505095e-01
580 592 5.916114520752460e-01
580 593 1.646597577537481e-01
580 594 -2.059904582301473e-02
580 613 2.154433625498817e-02
580 614 -1.207398053365293e-01
580 615 -2.050311138188887e-01
580 616 -3.490220705075133e-02
580 617 1.247453761320623e-01
580 618 -2.819771551760663e-02
580 619 -6.411209206256265e-02
580 620 8.036958734762689e-02
580 621 -3.419577051631742e-02
581 586 4.893336539283026e-02
581 587 -1.169145439761481e-01
581 588 9.673091628921116e-02
581 589 4.541867323644668e-02
581 590 -2.249773266656632e-01
581 591 7.700626369257421e-02
581 592 6.678220596893388e-01
581 593 9.634302133816290e-01
581 594 9.992154478068932e-01
581 613 9.992154478068932e-01
581 614 9.634302133816293e-01
581 615 6.678220596893401e-01
581 616 7.700626369257417e-02
581 617 -2.249773266656627e-01
581 618 4.541867323644719e-02
581 619 9.673091628921146e-02
581 620 -1.169145439761482e-01
581 621 4.893336539282992e-02
582 586 -3.419577051631767e-02
582 587 8.036958734762682e-02
582 588 -6.411209206256245e-02
582 589 -2.819771551760632e-02
582 590 1.247453761320626e-01
582 591 -3.490220705075134e-02
582 592 -2.050311138188884e-01
582 593 -1.207398053365290e-01
582 594 2.154433625498816e-02
582 613 -2.059904582301473e-02
582 614 1.646597577537484e-01
582 615 5.916114520752451e-01
582 616 9.874100819505102e-01
582 617 6.925293570792241e-01
582 618 -8.774286432824764e-02
582 619 -1.561239953893037e-01
582 620 1.735553128493518e-01
582 621 -7.016759340116382e-02
583 586 2.274881512221596e-02
583 587 -5.300453519821009e-02
583 588 4.150843175724444e-02
583 589 1.770422947357945e-02
583 590 -7.474755887491991e-02
583 591 1.955185861067637e-02
583 592 1.049843649593249e-01
583 593 5.585817628857288e-02
583 594 -9.245866670384186e-03
583 613 9.027771977723293e-03
583 614 -6.582166366027641e-02
583 615 -1.780696083183284e-01
583 616 -5.799754933334231e-02
583 617 5.638333964581604e-01
583 618 1.000392437420345e+00
583 619 3.449469309961162e-01
583 620 -2.886290461498132e-01
583 621 1.064265344782127e-01
584 586 -1.306452632632498e-02
584 587 3.030083677823460e-02
584 588 -2.350261848546770e-02
584 589 -9.871741963054823e-03
584 590 4.076984829088422e-02
584 591 -1.035683940699979e-02
584 592 -5.370085579481168e-02
584 593 -2.759918986753066e-02
584 594 4.465297339933672e-03
584 613 -4.386880907561124e-03
584 614 3.117098545351266e-02
584 615 7.916366620200269e-02
584 616 2.241613345136436e-02
584 617 -1.481841308439269e-01
584 618 7.558727102103230e-02
584 619 8.356838818943068e-01
584 620 8.260133191084718e-01
584 621 -1.922830829601444e-01
585 586 4.264667105949098e-03
585 587 -9.871243074084090e-03
585 588 7.624768649835674e-03
585 589 3.181723537341412e-03
585 590 -1.302060500417368e-02
585 591 3.269116801862834e-03
585 592 1.672506100817127e-02
585 593 8.487647252886730e-03
585 594 -1.362265824185680e-03
585 613 1.341205845607450e-03
585 614 -9.446121266013538e-03
585 615 -2.350502600205532e-02
585 616 -6.396858715894237e-03
585 617 3.905164342835204e-02
585 618 -1.647201287983650e-02
585 619 -8.275622364938054e-02
585 620 3.581803123145707e-01
585 621 1.127337591104743e+00
640 649 1.127337591104743e+00
640 650 3.581803123145713e-01
640 651 -8.275622364937985e-02
640 652 -1.647201287983630e-02
640 653 3.905164342835202e-02
640 654 -6.396858715894208e-03
640 655 -2.350502600205520e-02
640 656 -9.446121266013496e-03
640 657 1.341205845607445e-03
640 676 -1.362265824185674e-03
640 677 8.487647252886718e-03
640 678 1.672506100817122e-02
640 679 3.269116801862823e-03
640 680 -1.302060500417361e-02
640 681 3.181723537341469e-03
640 682 7.624768649835682e-03
640 683 -9.871243074084034e-03
640 684 4.264667105949048e-03
641 649 -1.922830829601444e-01
641 650 8.260133191084719e-01
641 651 8.356838818943083e-01
641 652 7.558727102103158e-02
641 653 -1.481841308439272e-01
641 654 2.241613345136432e-02
641 655 7.916366620200246e-02
641 656 3.117098545351259e-02
641 657 -4.386880907561118e-03
641 676 4.465297339933665e-03
641 677 -2.759918986753068e-02
641 678 -5.370085579481167e-02
641 679 -1.035683940699978e-02
641 680 4.076984829088409e-02
641 681 -9.871741963055024e-03
641 682 -2.350261848546778e-02
641 683 3.030083677823448e-02
641 684 -1.306452632632485e-02
642 649 1.064265344782129e-01
642 650 -2.886290461498142e-01
642 651 3.449469309961131e-01
642 652 1.000392437420345e+00
642 653 5.638333964581613e-01
642 654 -5.799754933334213e-02
642 655 -1.780696083183279e-01
642 656 -6.582166366027625e-02
642 657 9.027771977723279e-03
642 676 -9.245866670384170e-03
642 677 5.585817628857291e-02
642 678 1.049843649593249e-01
642 679 1.955185861067635e-02
642 680 -7.474755887491966e-02
642 681 1.770422947357980e-02
642 682 4.150843175724458e-02
642 683 -5.300453519820989e-02
642 684 2.274881512221573e-02
643 649 -7.016759340116396e-02
643 650 1.735553128493525e-01
643 651 -1.561239953893025e-01
643 652 -8.774286432824685e-02
643 653 6.925293570792239e-01
643 654 9.874100819505094e-01
643 655 5.916114520752453e-01
643 656 1.646597577537485e-01
643 657 -2.059904582301474e-02
643 676 2.154433625498818e-02
643 677 -1.207398053365293e-01
643 678 -2.050311138188887e-01
643 679 -3.490220705075135e-02
643 680 1.247453761320624e-01
643 681 -2.819771551760692e-02
643 682 -6.411209206256274e-02
643 683 8.036958734762664e-02
643 684 -3.419577051631738e-02
644 649 4.893336539283008e-02
644 650 -1.169145439761488e-01
644 651 9.673091628921086e-02
644 652 4.541867323644684e-02
644 653 -2.249773266656634e-01
644 654 7.700626369257425e-02
644 655 6.678220596893391e-01
644 656 9.634302133816285e-01
644 657 9.992154478068932e-01
644 676 9.992154478068930e-01
644 677 9.634302133816290e-01
644 678 6.678220596893403e-01
644 679 7.700626369257420e-02
644 680 -2.249773266656628e-01
644 681 4.541867323644765e-02
644 682 9.673091628921161e-02
644 683 -1.169145439761478e-01
644 684 4.893336539282987e-02
645 649 -3.419577051631752e-02
645 650 8.036958734762729e-02
645 651 -6.411209206256223e-02
645 652 -2.819771551760640e-02
645 653 1.247453761320626e-01
645 654 -3.490220705075134e-02
645 655 -2.050311138188882e-01
645 656 -1.207398053365291e-01
645 657 2.154433625498816e-02
645 676 -2.059904582301472e-02
645 677 1.646597577537484e-01
645 678 5.916114520752450e-01
645 679 9.874100819505102e-01
645 680 6.925293570792241e-01
645 681 -8.774286432824849e-02
645 682 -1.561239953893039e-01
645 683 1.735553128493512e-01
645 684 -7.016759340116371e-02
646 649 2.274881512221584e-02
646 650 -5.300453519821034e-02
646 651 4.150843175724426e-02
646 652 1.770422947357948e-02
646 653 -7.474755887491986e-02
646 654 1.955185861067635e-02
646 655 1.049843649593247e-01
646 656 5.585817628857288e-02
646 657 -9.245866670384174e-03
646 676 9.027771977723278e-03
646 677 -6.582166366027631e-02
646 678 -1.780696083183282e-01
646 679 -5.799754933334226e-02
646 680 5.638333964581600e-01
646 681 1.000392437420345e+00
646 682 3.449469309961158e-01
646 683 -2.886290461498119e-01
646 684 1.064265344782124e-01
647 649 -1.306452632632491e-02
647 650 3.030083677823475e-02
647 651 -2.350261848546761e-02
647 652 -9.871741963054848e-03
647 653 4.076984829088421e-02
647 654 -1.035683940699979e-02
647 655 -5.370085579481158e-02
647 656 -2.759918986753067e-02
647 657 4.465297339933666e-03
647 676 -4.386880907561119e-03
647 677 3.117098545351261e-02
647 678 7.916366620200260e-02
647 679 2.241613345136434e-02
647 680 -1.481841308439268e-01
647 681 7.558727102103303e-02
647 682 8.356838818943076e-01
647 683 8.260133191084712e-01
647 684 -1.922830829601444e-01
648 649 4.264667105949089e-03
648 650 -9.871243074084166e-03
648 651 7.624768649835662e-03
648 652 3.181723537341427e-03
648 653 -1.302060500417371e-02
648 654 3.269116801862839e-03
648 655 1.672506100817128e-02
648 656 8.487647252886756e-03
648 657 -1.362265824185682e-03
648 676 1.341205845607452e-03
648 677 -9.446121266013551e-03
648 678 -2.350502600205536e-02
648 679 -6.396858715894249e-03
648 680 3.905164342835212e-02
648 681 -1.647201287983672e-02
648 682 -8.275622364938091e-02
648 683 3.581803123145702e-01
648 684 1.127337591104744e+00
712 721 1.127337591104743e+00
712 722 3.581803123145701e-01
712 723 -8.275622364938082e-02
712 724 -1.647201287983644e-02
712 725 3.905164342835236e-02
712 726 -6.396858715894252e-03
712 727 -2.350502600205533e-02
712 728 -9.446121266013548e-03
712 729 1.341205845607527e-03
712 748 -1.362265824185603e-03
712 749 8.487647252886756e-03
712 750 1.672506100817127e-02
712 751 3.269116801862838e-03
712 752 -1.302060500417369e-02
712 753 3.181723537341553e-03
712 754 7.624768649835753e-03
712 755 -9.871243074084117e-03
712 756 4.264667105949359e-03
713 721 -1.922830829601445e-01
713 722 8.260133191084716e-01
713 723 8.356838818943071e-01
713 724 7.558727102103183e-02
713 725 -1.481841308439278e-01
713 726 2.241613345136437e-02
713 727 7.916366620200257e-02
713 728 3.117098545351263e-02
713 729 -4.386880907561369e-03
713 748 4.465297339933412e-03
713 749 -2.759918986753069e-02
713 750 -5.370085579481160e-02
713 751 -1.035683940699979e-02
713 752 4.076984829088419e-02
713 753 -9.871741963055247e-03
713 754 -2.350261848546790e-02
713 755 3.030083677823463e-02
713 756 -1.306452632632575e-02
714 721 1.064265344782123e-01
714 722 -2.886290461498118e-01
714 723 3.449469309961156e-01
714 724 1.000392437420345e+00
714 725 5.638333964581608e-01
714 726 -5.799754933334206e-02
714 727 -1.780696083183275e-01
714 728 -6.582166366027610e-02
714 729 9.027771977723762e-03
714 748 -9.245866670383613e-03
714 749 5.585817628857274e-02
714 750 1.049843649593244e-01
714 751 1.955185861067630e-02
714 752 -7.474755887491960e-02
714 753 1.770422947358014e-02
714 754 4.150843175724467e-02
714 755 -5.300453519820997e-02
714 756 2.274881512221723e-02
715 721 -7.016759340116353e-02
715 722 1.735553128493507e-01
715 723 -1.561239953893032e-01
715 724 -8.774286432824674e-02
715 725 6.925293570792254e-01
715 726 9.874100819505095e-01
715 727 5.916114520752447e-01
715 728 1.646597577537482e-01
715 729 -2.059904582301585e-02
715 748 2.154433625498688e-02
715 749 -1.207398053365290e-01
715 750 -2.050311138188880e-01
715 751 -3.490220705075129e-02
715 752 1.247453761320623e-01
715 753 -2.819771551760747e-02
715 754 -6.411209206256291e-02
715 755 8.036958734762679e-02
715 756 -3.419577051631964e-02
716 721 4.893336539282988e-02
716 722 -1.169145439761479e-01
716 723 9.673091628921154e-02
716 724 4.541867323644692e-02
716 725 -2.249773266656643e-01
716 726 7.700626369257443e-02
716 727 6.678220596893397e-01
716 728 9.634302133816294e-01
716 729 9.992154478068934e-01
716 748 9.992154478068935e-01
716 749 9.634302133816290e-01
716 750 6.678220596893393e-01
716 751 7.700626369257429e-02
716 752 -2.249773266656632e-01
716 753 4.541867323644865e-02
716 754 9.673091628921208e-02
716 755 -1.169145439761483e-01
716 756 4.893336539283320e-02
717 721 -3.419577051631739e-02
717 722 8.036958734762666e-02
717 723 -6.411209206256269e-02
717 724 -2.819771551760646e-02
717 725 1.247453761320632e-01
717 726 -3.490220705075143e-02
717 727 -2.050311138188886e-01
717 728 -1.207398053365293e-01
717 729 2.154433625498944e-02
717 748 -2.059904582301359e-02
717 749 1.646597577537486e-01
717 750 5.916114520752455e-01
717 751 9.874100819505095e-01
717 752 6.925293570792234e-01
717 753 -8.774286432825025e-02
717 754 -1.561239953893044e-01
717 755 1.735553128493517e-01
717 756 -7.016759340116840e-02
718 721 2.274881512221569e-02
718 722 -5.300453519820979e-02
718 723 4.150843175724445e-02
718 724 1.770422947357947e-02
718 725 -7.474755887491999e-02
718 726 1.955185861067635e-02
718 727 1.049843649593245e-01
718 728 5.585817628857279e-02
718 729 -9.245866670384689e-03
718 748 9.027771977722754e-03
718 749 -6.582166366027616e-02
718 750 -1.780696083183276e-01
718 751 -5.799754933334208e-02
718 752 5.638333964581611e-01
718 753 1.000392437420345e+00
718 754 3.449469309961157e-01
718 755 -2.886290461498118e-01
718 756 1.064265344782192e-01
719 721 -1.306452632632480e-02
719 722 3.030083677823438e-02
719 723 -2.350261848546767e-02
719 724 -9.871741963054827e-03
719 725 4.076984829088420e-02
719 726 -1.035683940699976e-02
719 727 -5.370085579481140e-02
719 728 -2.759918986753057e-02
719 729 4.465297339933904e-03
719 748 -4.386880907560853e-03
719 749 3.117098545351247e-02
719 750 7.916366620200213e-02
719 751 2.241613345136422e-02
719 752 -1.481841308439264e-01
719 753 7.558727102103434e-02
719 754 8.356838818943079e-01
719 755 8.260133191084708e-01
719 756 -1.922830829601561e-01
720 721 4.264667105949057e-03
720 722 -9.871243074084055e-03
720 723 7.624768649835689e-03
720 724 3.181723537341423e-03
720 725 -1.302060500417372e-02
720 726 3.269116801862836e-03
720 727 1.672506100817124e-02
720 728 8.487647252886732e-03
720 729 -1.362265824185756e-03
720 748 1.341205845607371e-03
720 749 -9.446121266013519e-03
720 750 -2.350502600205524e-02
720 751 -6.396858715894220e-03
720 752 3.905164342835206e-02
720 753 -1.647201287983701e-02
720 754 -8.275622364938102e-02
720 755 3.581803123145703e-01
720 756 1.127337591104751e+00
775 784 1.127337591104735e+00
775 785 3.581803123145701e-01
775 786 -8.275622364938082e-02
775 787 -1.647201287983644e-02
775 788 3.905164342835236e-02
775 789 -6.396858715894252e-03
775 790 -2.350502600205533e-02
775 791 -9.446121266013548e-03
775 792 1.341205845607527e-03
775 811 -1.362265824185603e-03
775 812 8.487647252886756e-03
775 813 1.672506100817127e-02
775 814 3.269116801862838e-03
775 815 -1.302060500417369e-02
775 816 3.181723537341553e-03
775 817 7.624768649835753e-03
775 818 -9.871243074084117e-03
775 819 4.264667105949359e-03
776 784 -1.922830829601326e-01
776 785 8.260133191084716e-01
776 786 8.356838818943071e-01
776 787 7.558727102103183e-02
776 788 -1.481841308439278e-01
776 789 2.241613345136437e-02
776 790 7.916366620200257e-02
776 791 3.117098545351263e-02
776 792 -4.386880907561369e-03
776 811 4.465297339933412e-03
776 812 -2.759918986753069e-02
776 813 -5.370085579481160e-02
776 814 -1.035683940699979e-02
776 815 4.076984829088419e-02
776 816 -9.871741963055247e-03
776 817 -2.350261848546790e-02
776 818 3.030083677823463e-02
776 819 -1.306452632632575e-02
777 784 1.064265344782055e-01
777 785 -2.886290461498118e-01
777 786 3.449469309961156e-01
777 787 1.000392437420345e+00
777 788 5.638333964581608e-01
777 789 -5.799754933334206e-02
777 790 -1.780696083183275e-01
777 791 -6.582166366027610e-02
777 792 9.027771977723762e-03
777 811 -9.245866670383613e-03
777 812 5.585817628857274e-02
777 813 1.049843649593244e-01
777 814 1.955185861067630e-02
777 815 -7.474755887491960e-02
777 816 1.770422947358014e-02
777 817 4.150843175724467e-02
777 818 -5.300453519820997e-02
777 819 2.274881512221723e-02
778 784 -7.016759340115898e-02
778 785 1.735553128493507e-01
778 786 -1.561239953893032e-01
778 787 -8.774286432824674e-02
778 788 6.925293570792254e-01
778 789 9.874100819505095e-01
778 790 5.916114520752447e-01
778 791 1.646597577537482e-01
778 792 -2.059904582301585e-02
778 811 2.154433625498688e-02
778 812 -1.207398053365290e-01
778 813 -2.050311138188880e-01
778 814 -3.490220705075129e-02
778 815 1.247453761320623e-01
778 816 -2.819771551760747e-02
778 817 -6.411209206256291e-02
778 818 8.036958734762679e-02
778 819 -3.419577051631964e-02
779 784 4.893336539282669e-02
779 785 -1.169145439761479e-01
779 786 9.673091628921154e-02
779 787 4.541867323644692e-02
779 788 -2.249773266656643e-01
779 789 7.700626369257443e-02
779 790 6.678220596893397e-01
779 791 9.634302133816294e-01
779 792 9.992154478068934e-01
779 811 9.992154478068935e-01
779 812 9.634302133816290e-01
779 813 6.678220596893393e-01
779 814 7.700626369257429e-02
779 815 -2.249773266656632e-01
779 816 4.541867323644865e-02
779 817 9.673091628921208e-02
779 818 -1.169145439761483e-01
779 819 4.893336539283320e-02
780 784 -3.419577051631515e-02
780 785 8.036958734762666e-02
780 786 -6.411209206256269e-02
780 787 -2.819771551760646e-02
780 788 1.247453761320632e-01
780 789 -3.490220705075143e-02
780 790 -2.050311138188886e-01
780 791 -1.207398053365293e-01
780 792 2.154433625498944e-02
780 811 -2.059904582301359e-02
780 812 1.646597577537486e-01
780 813 5.916114520752455e-01
780 814 9.874100819505095e-01
780 815 6.925293570792234e-01
780 816 -8.774286432825025e-02
780 817 -1.561239953893044e-01
780 818 1.735553128493517e-01
780 819 -7.016759340116840e-02
781 784 2.274881512221420e-02
781 785 -5.300453519820979e-02
781 786 4.150843175724445e-02
781 787 1.770422947357947e-02
781 788 -7.474755887491999e-02
781 789 1.955185861067635e-02
781 790 1.049843649593245e-01
781 791 5.585817628857279e-02
781 792 -9.245866670384689e-03
781 811 9.027771977722754e-03
781 812 -6.582166366027616e-02
781 813 -1.780696083183276e-01
781 814 -5.799754933334208e-02
781 815 5.638333964581611e-01
781 816 1.000392437420345e+00
781 817 3.449469309961157e-01
781 818 -2.886290461498118e-01
781 819 1.064265344782192e-01
782 784 -1.306452632632395e-02
782 785 3.030083677823438e-02
782 786 -2.350261848546767e-02
782 787 -9.871741963054827e-03
782 788 4.076984829088420e-02
782 789 -1.035683940699976e-02
782 790 -5.370085579481140e-02
782 791 -2.759918986753057e-02
782 792 4.465297339933904e-03
782 811 -4.386880907560853e-03
782 812 3.117098545351247e-02
782 813 7.916366620200213e-02
782 814 2.241613345136422e-02
782 815 -1.481841308439264e-01
782 816 7.558727102103434e-02
782 817 8.356838818943079e-01
782 818 8.260133191084708e-01
782 819 -1.922830829601561e-01
783 784 4.264667105948777e-03
783 785 -9.871243074084055e-03
783 786 7.624768649835689e-03
783 787 3.181723537341423e-03
783 788 -1.302060500417372e-02
783 789 3.269116801862836e-03
783 790 1.672506100817124e-02
783 791 8.487647252886732e-03
783 792 -1.362265824185756e-03
783 811 1.341205845607371e-03
783 812 -9.446121266013519e-03
783 813 -2.350502600205524e-02
783 814 -6.396858715894220e-03
783 815 3.905164342835206e-02
783 816 -1.647201287983701e-02
783 817 -8.275622364938102e-02
783 818 3.581803123145703e-01
783 819 1.127337591104751e+00
856 865 1.127337591104735e+00
856 866 3.581803123145777e-01
856 867 -8.275622364938169e-02
856 868 -1.647201287983635e-02
856 869 3.905164342835204e-02
856 870 -6.396858715893991e-03
856 871 -2.350502600205526e-02
856 872 -9.446121266013350e-03
856 873 1.341205845607521e-03
856 892 -1.362265824185753e-03
856 893 8.487647252886596e-03
856 894 1.672506100817120e-02
856 895 3.269116801862702e-03
856 896 -1.302060500417363e-02
856 897 3.181723537341419e-03
856 898 7.624768649835802e-03
856 899 -9.871243074083968e-03
856 900 4.264667105949845e-03
857 865 -1.922830829601323e-01
857 866 8.260133191084634e-01
857 867 8.356838818943036e-01
857 868 7.558727102103120e-02
857 869 -1.481841308439263e-01
857 870 2.241613345136343e-02
857 871 7.916366620200224e-02
857 872 3.117098545351193e-02
857 873 -4.386880907561344e-03
857 892 4.465297339933899e-03
857 893 -2.759918986753014e-02
857 894 -5.370085579481128e-02
857 895 -1.035683940699934e-02
857 896 4.076984829088395e-02
857 897 -9.871741963054820e-03
857 898 -2.350261848546802e-02
857 899 3.030083677823413e-02
857 900 -1.306452632632723e-02
858 865 1.064265344782056e-01
858 866 -2.886290461498122e-01
858 867 3.449469309961221e-01
858 868 1.000392437420346e+00
858 869 5.638333964581611e-01
858 870 -5.799754933334010e-02
858 871 -1.780696083183279e-01
858 872 -6.582166366027499e-02
858 873 9.027771977723762e-03
858 892 -9.245866670384678e-03
858 893 5.585817628857195e-02
858 894 1.049843649593243e-01
858 895 1.955185861067555e-02
858 896 -7.474755887491953e-02
858 897 1.770422947357947e-02
858 898 4.150843175724508e-02
858 899 -5.300453519820934e-02
858 900 2.274881512221991e-02
859 865 -7.016759340115938e-02
859 866 1.735553128493523e-01
859 867 -1.561239953893069e-01
859 868 -8.774286432824727e-02
859 869 6.925293570792235e-01
859 870 9.874100819505106e-01
859 871 5.916114520752486e-01
859 872 1.646597577537454e-01
859 873 -2.059904582301587e-02
859 892 2.154433625498942e-02
859 893 -1.207398053365276e-01
859 894 -2.050311138188881e-01
859 895 -3.490220705075001e-02
859 896 1.247453761320625e-01
859 897 -2.819771551760646e-02
859 898 -6.411209206256369e-02
859 899 8.036958734762600e-02
859 900 -3.419577051632374e-02
860 865 4.893336539282690e-02
860 866 -1.169145439761488e-01
860 867 9.673091628921357e-02
860 868 4.541867323644706e-02
860 869 -2.249773266656634e-01
860 870 7.700626369257130e-02
860 871 6.678220596893363e-01
860 872 9.634302133816300e-01
860 873 9.992154478068930e-01
860 892 9.992154478068929e-01
860 893 9.634302133816300e-01
860 894 6.678220596893359e-01
860 895 7.700626369257121e-02
860 896 -2.249773266656631e-01
860 897 4.541867323644695e-02
860 898 9.673091628921314e-02
860 899 -1.169145439761470e-01
860 900 4.893336539283898e-02
861 865 -3.419577051631530e-02
861 866 8.036958734762731e-02
861 867 -6.411209206256401e-02
861 868 -2.819771551760654e-02
861 869 1.247453761320627e-01
861 870 -3.490220705075006e-02
861 871 -2.050311138188882e-01
861 872 -1.207398053365276e-01
861 873 2.154433625498943e-02
861 892 -2.059904582301588e-02
861 893 1.646597577537455e-01
861 894 5.916114520752487e-01
861 895 9.874100819505099e-01
861 896 6.925293570792230e-01
861 897 -8.774286432824713e-02
861 898 -1.561239953893062e-01
861 899 1.735553128493496e-01
861 900 -7.016759340117672e-02
862 865 2.274881512221433e-02
862 866 -5.300453519821029e-02
862 867 4.150843175724536e-02
862 868 1.770422947357954e-02
862 869 -7.474755887491977e-02
862 870 1.955185861067561e-02
862 871 1.049843649593246e-01
862 872 5.585817628857206e-02
862 873 -9.245866670384698e-03
862 892 9.027771977723779e-03
862 893 -6.582166366027511e-02
862 894 -1.780696083183282e-01
862 895 -5.799754933334016e-02
862 896 5.638333964581616e-01
862 897 1.000392437420346e+00
862 898 3.449469309961212e-01
862 899 -2.886290461498082e-01
862 900 1.064265344782319e-01
863 865 -1.306452632632408e-02
863 866 3.030083677823481e-02
863 867 -2.350261848546828e-02
863 868 -9.871741963054907e-03
863 869 4.076984829088427e-02
863 870 -1.035683940699942e-02
863 871 -5.370085579481167e-02
863 872 -2.759918986753033e-02
863 873 4.465297339933930e-03
863 892 -4.386880907561373e-03
863 893 3.117098545351214e-02
863 894 7.916366620200274e-02
863 895 2.241613345136356e-02
863 896 -1.481841308439272e-01
863 897 7.558727102103156e-02
863 898 8.356838818943056e-01
863 899 8.260133191084560e-01
863 900 -1.922830829601799e-01
864 865 4.264667105948851e-03
864 866 -9.871243074084265e-03
864 867 7.624768649835944e-03
864 868 3.181723537341472e-03
864 869 -1.302060500417384e-02
864 870 3.269116801862752e-03
864 871 1.672506100817145e-02
864 872 8.487647252886721e-03
864 873 -1.362265824185774e-03
864 892 1.341205845607541e-03
864 893 -9.446121266013491e-03
864 894 -2.350502600205560e-02
864 895 -6.396858715894081e-03
864 896 3.905164342835260e-02
864 897 -1.647201287983659e-02
864 898 -8.275622364938288e-02
864 899 3.581803123145829e-01
864 900 1.127337591104767e+00
919 928 1.127337591104767e+00
919 929 3.581803123145827e-01
919 930 -8.275622364938288e-02
919 931 -1.647201287983658e-02
919 932 3.905164342835259e-02
919 933 -6.396858715894082e-03
919 934 -2.350502600205559e-02
919 935 -9.446121266013484e-03
919 936 1.341205845607540e-03
919 955 -1.362265824185773e-03
919 956 8.487647252886718e-03
919 957 1.672506100817144e-02
919 958 3.269116801862750e-03
919 959 -1.302060500417382e-02
919 960 3.181723537341464e-03
919 961 7.624768649835909e-03
919 962 -9.871243074084103e-03
919 963 4.264667105949906e-03
920 928 -1.922830829601800e-01
920 929 8.260133191084557e-01
920 930 8.356838818943058e-01
920 931 7.558727102103155e-02
920 932 -1.481841308439271e-01
920 933 2.241613345136356e-02
920 934 7.916366620200271e-02
920 935 3.117098545351212e-02
920 936 -4.386880907561372e-03
920 955 4.465297339933927e-03
920 956 -2.759918986753031e-02
920 957 -5.370085579481166e-02
920 958 -1.035683940699942e-02
920 959 4.076984829088422e-02
920 960 -9.871741963054886e-03
920 961 -2.350261848546818e-02
920 962 3.030083677823432e-02
920 963 -1.306452632632732e-02
921 928 1.064265344782319e-01
921 929 -2.886290461498082e-01
921 930 3.449469309961213e-01
921 931 1.000392437420346e+00
921 932 5.638333964581613e-01
921 933 -5.799754933334017e-02
921 934 -1.780696083183281e-01
921 935 -6.582166366027509e-02
921 936 9.027771977723777e-03
921 955 -9.245866670384694e-03
921 956 5.585817628857204e-02
921 957 1.049843649593245e-01
921 958 1.955185861067560e-02
921 959 -7.474755887491967e-02
921 960 1.770422947357950e-02
921 961 4.150843175724517e-02
921 962 -5.300453519820944e-02
921 963 2.274881512221995e-02
922 928 -7.016759340117676e-02
922 929 1.735553128493496e-01
922 930 -1.561239953893063e-01
922 931 -8.774286432824714e-02
922 932 6.925293570792230e-01
922 933 9.874100819505106e-01
922 934 5.916114520752486e-01
922 935 1.646597577537455e-01
922 936 -2.059904582301588e-02
922 955 2.154433625498943e-02
922 956 -1.207398053365276e-01
922 957 -2.050311138188882e-01
922 958 -3.490220705075005e-02
922 959 1.247453761320625e-01
922 960 -2.819771551760648e-02
922 961 -6.411209206256374e-02
922 962 8.036958734762605e-02
922 963 -3.419577051632377e-02
923 928 4.893336539283901e-02
923 929 -1.169145439761470e-01
923 930 9.673091628921318e-02
923 931 4.541867323644696e-02
923 932 -2.249773266656631e-01
923 933 7.700626369257126e-02
923 934 6.678220596893359e-01
923 935 9.634302133816298e-01
923 936 9.992154478068930e-01
923 955 9.992154478068929e-01
923 956 9.634302133816302e-01
923 957 6.678220596893362e-01
923 958 7.700626369257128e-02
923 959 -2.249773266656631e-01
923 960 4.541867323644697e-02
923 961 9.673091628921317e-02
923 962 -1.169145439761470e-01
923 963 4.893336539283900e-02
924 928 -3.419577051632377e-02
924 929 8.036958734762603e-02
924 930 -6.411209206256374e-02
924 931 -2.819771551760647e-02
924 932 1.247453761320625e-01
924 933 -3.490220705075004e-02
924 934 -2.050311138188881e-01
924 935 -1.207398053365276e-01
924 936 2.154433625498943e-02
924 955 -2.059904582301587e-02
924 956 1.646597577537455e-01
924 957 5.916114520752487e-01
924 958 9.874100819505106e-01
924 959 6.925293570792229e-01
924 960 -8.774286432824713e-02
924 961 -1.561239953893062e-01
924 962 1.735553128493496e-01
924 963 -7.016759340117673e-02
925 928 2.274881512221996e-02
925 929 -5.300453519820943e-02
925 930 4.150843175724517e-02
925 931 1.770422947357950e-02
925 932 -7.474755887491966e-02
925 933 1.955185861067559e-02
925 934 1.049843649593245e-01
925 935 5.585817628857203e-02
925 936 -9.245866670384694e-03
925 955 9.027771977723774e-03
925 956 -6.582166366027510e-02
925 957 -1.780696083183282e-01
925 958 -5.799754933334018e-02
925 959 5.638333964581613e-01
925 960 1.000392437420346e+00
925 961 3.449469309961212e-01
925 962 -2.886290461498081e-01
925 963 1.064265344782319e-01
926 928 -1.306452632632732e-02
926 929 3.030083677823433e-02
926 930 -2.350261848546819e-02
926 931 -9.871741963054886e-03
926 932 4.076984829088422e-02
926 933 -1.035683940699942e-02
926 934 -5.370085579481165e-02
926 935 -2.759918986753031e-02
926 936 4.465297339933929e-03
926 955 -4.386880907561372e-03
926 956 3.117098545351214e-02
926 957 7.916366620200274e-02
926 958 2.241613345136357e-02
926 959 -1.481841308439272e-01
926 960 7.558727102103158e-02
926 961 8.356838818943058e-01
926 962 8.260133191084559e-01
926 963 -1.922830829601800e-01
927 928 4.264667105949907e-03
927 929 -9.871243074084105e-03
927 930 7.624768649835910e-03
927 931 3.181723537341464e-03
927 932 -1.302060500417382e-02
927 933 3.269116801862750e-03
927 934 1.672506100817144e-02
927 935 8.487647252886716e-03
927 936 -1.362265824185773e-03
927 955 1.341205845607540e-03
927 956 -9.446121266013487e-03
927 957 -2.350502600205560e-02
927 958 -6.396858715894085e-03
927 959 3.905164342835259e-02
927 960 -1.647201287983659e-02
927 961 -8.275622364938288e-02
927 962 3.581803123145828e-01
927 963 1.127337591104767e+00
991 1000 1.127337591104767e+00
991 1001 3.581803123145827e-01
991 1002 -8.275622364938288e-02
991 1003 -1.647201287983658e-02
991 1004 3.905164342835259e-02
991 1005 -6.396858715894082e-03
991 1006 -2.350502600205559e-02
991 1007 -9.446121266013484e-03
991 1008 1.341205845607540e-03
991 1027 -1.362265824185773e-03
991 1028 8.487647252886718e-03
991 1029 1.672506100817144e-02
991 1030 3.269116801862750e-03
991 1031 -1.302060500417382e-02
991 1032 3.181723537341464e-03
991 1033 7.624768649835909e-03
991 1034 -9.871243074084103e-03
991 1035 4.264667105949906e-03
992 1000 -1.922830829601800e-01
992 1001 8.260133191084557e-01
992 1002 8.356838818943058e-01
992 1003 7.558727102103155e-02
992 1004 -1.481841308439271e-01
992 1005 2.241613345136356e-02
992 1006 7.916366620200271e-02
992 1007 3.117098545351212e-02
992 1008 -4.386880907561372e-03
992 1027 4.465297339933927e-03
992 1028 -2.759918986753031e-02
992 1029 -5.370085579481166e-02
992 1030 -1.035683940699942e-02
992 1031 4.076984829088422e-02
992 1032 -9.871741963054886e-03
992 1033 -2.350261848546818e-02
992 1034 3.030083677823432e-02
992 1035 -1.306452632632732e-02
993 1000 1.064265344782319e-01
993 1001 -2.886290461498082e-01
993 1002 3.449469309961213e-01
993 1003 1.000392437420346e+00
993 1004 5.638333964581613e-01
993 1005 -5.799754933334017e-02
993 1006 -1.780696083183281e-01
993 1007 -6.582166366027509e-02
993 1008 9.027771977723777e-03
993 1027 -9.245866670384694e-03
993 1028 5.585817628857204e-02
993 1029 1.049843649593245e-01
993 1030 1.955185861067560e-02
993 1031 -7.474755887491967e-02
993 1032 1.770422947357950e-02
993 1033 4.150843175724517e-02
993 1034 -5.300453519820944e-02
993 1035 2.274881512221995e-02
994 1000 -7.016759340117676e-02
994 1001 1.735553128493496e-01
994 1002 -1.561239953893063e-01
994 1003 -8.774286432824714e-02
994 1004 6.925293570792230e-01
994 1005 9.874100819505106e-01
994 1006 5.916114520752486e-01
994 1007 1.646597577537455e-01
994 1008 -2.059904582301588e-02
994 1027 2.154433625498943e-02
994 1028 -1.207398053365276e-01
994 1029 -2.050311138188882e-01
994 1030 -3.490220705075005e-02
994 1031 1.247453761320625e-01
994 1032 -2.819771551760648e-02
994 1033 -6.411209206256374e-02
994 1034 8.036958734762605e-02
994 1035 -3.419577051632377e-02
995 1000 4.893336539283901e-02
995 1001 -1.169145439761470e-01
995 1002 9.673091628921318e-02
995 1003 4.541867323644696e-02
995 1004 -2.249773266656631e-01
995 1005 7.700626369257126e-02
995 1006 6.678220596893359e-01
995 1007 9.634302133816298e-01
995 1008 9.992154478068930e-01
995 1027 9.992154478068929e-01
995 1028 9.634302133816302e-01
995 1029 6.678220596893362e-01
995 1030 7.700626369257128e-02
995 1031 -2.249773266656631e-01
995 1032 4.541867323644697e-02
995 1033 9.673091628921317e-02
995 1034 -1.169145439761470e-01
995 1035 4.893336539283900e-02
996 1000 -3.419577051632377e-02
996 1001 8.036958734762603e-02
996 1002 -6.411209206256374e-02
996 1003 -2.819771551760647e-02
996 1004 1.247453761320625e-01
996 1005 -3.490220705075004e-02
996 1006 -2.050311138188881e-01
996 1007 -1.207398053365276e-01
996 1008 2.154433625498943e-02
996 1027 -2.059904582301587e-02
996 1028 1.646597577537455e-01
996 1029 5.916114520752487e-01
996 1030 9.874100819505106e-01
996 1031 6.925293570792229e-01
996 1032 -8.774286432824713e-02
996 1033 -1.561239953893062e-01
996 1034 1.735553128493496e-01
996 1035 -7.016759340117673e-02
997 1000 2.274881512221996e-02
997 1001 -5.300453519820943e-02
997 1002 4.150843175724517e-02
997 1003 1.770422947357950e-02
997 1004 -7.474755887491966e-02
997 1005 1.955185861067559e-02
997 1006 1.049843649593245e-01
997 1007 5.585817628857203e-02
997 1008 -9.245866670384694e-03
997 1027 9.027771977723774e-03
997 1028 -6.582166366027510e-02
997 1029 -1.780696083183282e-01
997 1030 -5.799754933334018e-02
997 1031 5.638333964581613e-01
997 1032 1.000392437420346e+00
997 1033 3.449469309961212e-01
997 1034 -2.886290461498081e-01
997 1035 1.064265344782319e-01
998 1000 -1.306452632632732e-02
998 1001 3.030083677823433e-02
998 1002 -2.350261848546819e-02
998 1003 -9.871741963054886e-03
998 1004 4.076984829088422e-02
998 1005 -1.035683940699942e-02
998 1006 -5.370085579481165e-02
998 1007 -2.759918986753031e-02
998 1008 4.465297339933929e-03
998 1027 -4.386880907561372e-03
998 1028 3.117098545351214e-02
998 1029 7.916366620200274e-02
998 1030 2.241613345136357e-02
998 1031 -1.481841308439272e-01
998 1032 7.558727102103158e-02
998 1033 8.356838818943058e-01
998 1034 8.260133191084559e-01
998 1035 -1.922830829601800e-01
999 1000 4.264667105949907e-03
999 1001 -9.871243074084105e-03
999 1002 7.624768649835910e-03
999 1003 3.181723537341464e-03
999 1004 -1.302060500417382e-02
999 1005 3.269116801862750e-03
999 1006 1.672506100817144e-02
999 1007 8.487647252886716e-03
999 1008 -1.362265824185773e-03
999 1027 1.341205845607540e-03
999 1028 -9.446121266013487e-03
999 1029 -2.350502600205560e-02
999 1030 -6.396858715894085e-03
999 1031 3.905164342835259e-02
999 1032 -1.647201287983659e-02
999 1033 -8.275622364938288e-02
999 1034 3.581803123145828e-01
999 1035 1.127337591104767e+00
1054 1063 1.127337591104767e+00
1054 1064 3.581803123145827e-01
1054 1065 -8.275622364938288e-02
1054 1066 -1.647201287983658e-02
1054 1067 3.905164342835259e-02
1054 1068 -6.396858715894082e-03
1054 1069 -2.350502600205559e-02
1054 1070 -9.446121266013484e-03
1054 1071 1.341205845607540e-03
1054 1090 -1.362265824185773e-03
1054 1091 8.487647252886718e-03
1054 1092 1.672506100817144e-02
1054 1093 3.269116801862750e-03
1054 1094 -1.302060500417382e-02
1054 1095 3.181723537341464e-03
1054 1096 7.624768649835909e-03
1054 1097 -9.871243074084103e-03
1054 1098 4.264667105949906e-03
1055 1063 -1.922830829601800e-01
1055 1064 8.260133191084557e-01
1055 1065 8.356838818943058e-01
1055 1066 7.558727102103155e-02
1055 1067 -1.481841308439271e-01
1055 1068 2.241613345136356e-02
1055 1069 7.916366620200271e-02
1055 1070 3.117098545351212e-02
1055 1071 -4.386880907561372e-03
1055 1090 4.465297339933927e-03
1055 1091 -2.759918986753031e-02
1055 1092 -5.370085579481166e-02
1055 1093 -1.035683940699942e-02
1055 1094 4.076984829088422e-02
1055 1095 -9.871741963054886e-03
1055 1096 -2.350261848546818e-02
1055 1097 3.030083677823432e-02
1055 1098 -1.306452632632732e-02
1056 1063 1.064265344782319e-01
1056 1064 -2.886290461498082e-01
1056 1065 3.449469309961213e-01
1056 1066 1.000392437420346e+00
1056 1067 5.638333964581613e-01
1056 1068 -5.799754933334017e-02
1056 1069 -1.780696083183281e-01
1056 1070 -6.582166366027509e-02
1056 1071 9.027771977723777e-03
1056 1090 -9.245866670384694e-03
1056 1091 5.585817628857204e-02
1056 1092 1.049843649593245e-01
1056 1093 1.955185861067560e-02
1056 1094 -7.474755887491967e-02
1056 1095 1.770422947357950e-02
1056 1096 4.150843175724517e-02
1056 1097 -5.300453519820944e-02
1056 1098 2.274881512221995e-02
1057 1063 -7.016759340117676e-02
1057 1064 1.735553128493496e-01
1057 1065 -1.561239953893063e-01
1057 1066 -8.774286432824714e-02
1057 1067 6.925293570792230e-01
1057 1068 9.874100819505106e-01
1057 1069 5.916114520752486e-01
1057 1070 1.646597577537455e-01
1057 1071 -2.059904582301588e-02
1057 1090 2.154433625498943e-02
1057 1091 -1.207398053365276e-01
1057 1092 -2.050311138188882e-01
1057 1093 -3.490220705075005e-02
1057 1094 1.247453761320625e-01
1057 1095 -2.819771551760648e-02
1057 1096 -6.411209206256374e-02
1057 1097 8.036958734762605e-02
1057 1098 -3.419577051632377e-02
1058 1063 4.893336539283901e-02
1058 1064 -1.169145439761470e-01
1058 1065 9.673091628921318e-02
1058 1066 4.541867323644696e-02
1058 1067 -2.249773266656631e-01
1058 1068 7.700626369257126e-02
1058 1069 6.678220596893359e-01
1058 1070 9.634302133816298e-01
1058 1071 9.992154478068930e-01
1058 1090 9.992154478068929e-01
1058 1091 9.634302133816302e-01
1058 1092 6.678220596893362e-01
1058 1093 7.700626369257128e-02
1058 1094 -2.249773266656631e-01
1058 1095 4.541867323644697e-02
1058 1096 9.673091628921317e-02
1058 1097 -1.169145439761470e-01
1058 1098 4.893336539283900e-02
1059 1063 -3.419577051632377e-02
1059 1064 8.036958734762603e-02
1059 1065 -6.411209206256374e-02
1059 1066 -2.819771551760647e-02
1059 1067 1.247453761320625e-01
1059 1068 -3.490220705075004e-02
1059 1069 -2.050311138188881e-01
1059 1070 -1.207398053365276e-01
1059 1071 2.154433625498943e-02
1059 1090 -2.059904582301587e-02
1059 1091 1.646597577537455e-01
1059 1092 5.916114520752487e-01
1059 1093 9.874100819505106e-01
1059 1094 6.925293570792229e-01
1059 1095 -8.774286432824713e-02
1059 1096 -1.561239953893062e-01
1059 1097 1.735553128493496e-01
1059 1098 -7.016759340117673e-02
1060 1063 2.274881512221996e-02
1060 1064 -5.300453519820943e-02
1060 1065 4.150843175724517e-02
1060 1066 1.770422947357950e-02
1060 1067 -7.474755887491966e-02
1060 1068 1.955185861067559e-02
1060 1069 1.049843649593245e-01
1060 1070 5.585817628857203e-02
1060 1071 -9.245866670384694e-03
1060 1090 9.027771977723774e-03
1060 1091 -6.582166366027510e-02
1060 1092 -1.780696083183282e-01
1060 1093 -5.799754933334018e-02
1060 1094 5.638333964581613e-01
1060 1095 1.000392437420346e+00
1060 1096 3.449469309961212e-01
1060 1097 -2.886290461498081e-01
1060 1098 1.064265344782319e-01
1061 1063 -1.306452632632732e-02
1061 1064 3.030083677823433e-02
1061 1065 -2.350261848546819e-02
1061 1066 -9.871741963054886e-03
1061 1067 4.076984829088422e-02
1061 1068 -1.035683940699942e-02
1061 1069 -5.370085579481165e-02
1061 1070 -2.759918986753031e-02
1061 1071 4.465297339933929e-03
1061 1090 -4.386880907561372e-03
1061 1091 3.117098545351214e-02
1061 1092 7.916366620200274e-02
1061 1093 2.241613345136357e-02
1061 1094 -1.481841308439272e-01
1061 1095 7.558727102103158e-02
1061 1096 8.356838818943058e-01
1061 1097 8.260133191084559e-01
1061 1098 -1.922830829601800e-01
1062 1063 4.264667105949907e-03
1062 1064 -9.871243074084105e-03
1062 1065 7.624768649835910e-03
1062 1066 3.181723537341464e-03
1062 1067 -1.302060500417382e-02
1062 1068 3.269116801862750e-03
1062 1069 1.672506100817144e-02
1062 1070 8.487647252886716e-03
1062 1071 -1.362265824185773e-03
1062 1090 1.341205845607540e-03
1062 1091 -9.446121266013487e-03
1062 1092 -2.350502600205560e-02
1062 1093 -6.396858715894085e-03
1062 1094 3.905164342835259e-02
1062 1095 -1.647201287983659e-02
1062 1096 -8.275622364938288e-02
1062 1097 3.581803123145828e-01
1062 1098 1.127337591104767e+00
