%%MatrixMarket matrix coordinate real general
%
1116 1116 1296
10 19 1.128366176813760e+00
10 20 3.625696666431092e-01
10 21 -8.166430317487527e-02
10 22 -1.837543629657496e-02
10 23 3.945012074512184e-02
10 24 -5.053685754328704e-03
10 25 -2.374277521713683e-02
10 26 -1.068977305722695e-02
10 27 1.708965696030355e-05
10 82 -1.709302139421308e-05
10 83 9.466746917004457e-03
10 84 1.667404124422430e-02
10 85 2.552800450747008e-03
10 86 -1.301790673093658e-02
10 87 3.516086961442629e-03
10 88 7.456796970088204e-03
10 89 -9.892858960996953e-03
10 90 4.301521654480592e-03
11 19 -1.938614287778163e-01
11 20 8.216733652996328e-01
11 21 8.421220797288150e-01
11 22 8.472100426512387e-02
11 23 -1.500686725732940e-01
11 24 1.773915858549195e-02
11 25 8.006921488188753e-02
11 26 3.531457764737300e-02
11 27 -5.595618335309022e-05
11 82 5.596871053637475e-05
11 83 -3.075580596521750e-02
11 84 -5.350367303591444e-02
11 85 -8.084316013180928e-03
11 86 4.075221600345583e-02
11 87 -1.090786665131194e-02
11 88 -2.298363784337889e-02
11 89 3.036665407732235e-02
11 90 -1.317740310464511e-02
12 19 1.073315976272103e-01
12 20 -2.888275962935725e-01
12 21 3.350058980661417e-01
12 22 9.989050150191331e-01
12 23 5.798793834472792e-01
12 24 -4.619728649369586e-02
12 25 -1.808717595023315e-01
12 26 -7.482139085349018e-02
12 27 1.154990208370880e-04
12 82 -1.155338596756373e-04
12 83 6.209354315549889e-02
12 84 1.044248256883647e-01
12 85 1.524650300188074e-02
12 86 -7.467408580228500e-02
12 87 1.955698244580611e-02
12 88 4.058683714390219e-02
12 89 -5.311752720233272e-02
12 90 2.294526587804845e-02
13 19 -7.076973567865032e-02
13 20 1.738311063922703e-01
13 21 -1.523642479414699e-01
13 22 -9.636414324008440e-02
13 23 6.769836828056059e-01
13 24 9.915336948183734e-01
13 25 6.149181743789619e-01
13 26 1.895801827549052e-01
13 27 -2.662369847725961e-04
13 82 2.663879327045024e-04
13 83 -1.331889094121588e-01
13 84 -2.030137423104384e-01
13 85 -2.715118332449051e-02
13 86 1.244724005874631e-01
13 87 -3.113082607241054e-02
13 88 -6.267350218520709e-02
13 89 8.053474359210501e-02
13 90 -3.449079747460796e-02
14 19 4.935480306221989e-02
14 20 -1.171375535475376e-01
14 21 9.451407923598390e-02
14 22 5.007918356887619e-02
14 23 -2.237771384824102e-01
14 24 5.941431472920294e-02
14 25 6.450456938723828e-01
14 26 9.530008288133118e-01
14 27 9.999998747281572e-01
14 82 9.999998747281570e-01
14 83 9.530008288133118e-01
14 84 6.450456938723828e-01
14 85 5.941431472920293e-02
14 86 -2.237771384824102e-01
14 87 5.007918356887618e-02
14 88 9.451407923598391e-02
14 89 -1.171375535475376e-01
14 90 4.935480306221989e-02
15 19 -3.449079747460796e-02
15 20 8.053474359210501e-02
15 21 -6.267350218520708e-02
15 22 -3.113082607241055e-02
15 23 1.244724005874631e-01
15 24 -2.715118332449051e-02
15 25 -2.030137423104384e-01
15 26 -1.331889094121588e-01
15 27 2.663879327045024e-04
15 82 -2.662369847725961e-04
15 83 1.895801827549052e-01
15 84 6.149181743789619e-01
15 85 9.915336948183732e-01
15 86 6.769836828056059e-01
15 87 -9.636414324008437e-02
15 88 -1.523642479414699e-01
15 89 1.738311063922703e-01
15 90 -7.076973567865032e-02
16 19 2.294526587804845e-02
16 20 -5.311752720233272e-02
16 21 4.058683714390218e-02
16 22 1.955698244580612e-02
16 23 -7.467408580228500e-02
16 24 1.524650300188074e-02
16 25 1.044248256883647e-01
16 26 6.209354315549889e-02
16 27 -1.155338596756373e-04
16 82 1.154990208370880e-04
16 83 -7.482139085349018e-02
16 84 -1.808717595023315e-01
16 85 -4.619728649369585e-02
16 86 5.798793834472792e-01
16 87 9.989050150191328e-01
16 88 3.350058980661418e-01
16 89 -2.888275962935726e-01
16 90 1.073315976272103e-01
17 19 -1.317740310464511e-02
17 20 3.036665407732235e-02
17 21 -2.298363784337889e-02
17 22 -1.090786665131195e-02
17 23 4.075221600345583e-02
17 24 -8.084316013180930e-03
17 25 -5.350367303591444e-02
17 26 -3.075580596521750e-02
17 27 5.596871053637475e-05
17 82 -5.595618335309020e-05
17 83 3.531457764737300e-02
17 84 8.006921488188753e-02
17 85 1.773915858549194e-02
17 86 -1.500686725732940e-01
17 87 8.472100426512386e-02
17 88 8.421220797288153e-01
17 89 8.216733652996330e-01
17 90 -1.938614287778163e-01
18 19 4.301521654480593e-03
18 20 -9.892858960996953e-03
18 21 7.456796970088204e-03
18 22 3.516086961442631e-03
18 23 -1.301790673093658e-02
18 24 2.552800450747009e-03
18 25 1.667404124422430e-02
18 26 9.466746917004458e-03
18 27 -1.709302139421309e-05
18 82 1.708965696030355e-05
18 83 -1.068977305722695e-02
18 84 -2.374277521713683e-02
18 85 -5.053685754328705e-03
18 86 3.945012074512186e-02
18 87 -1.837543629657496e-02
18 88 -8.166430317487529e-02
18 89 3.625696666431094e-01
18 90 1.128366176813761e+00
145 154 1.128366176813760e+00
145 155 3.625696666431092e-01
145 156 -8.166430317487527e-02
145 157 -1.837543629657496e-02
145 158 3.945012074512184e-02
145 159 -5.053685754328704e-03
145 160 -2.374277521713683e-02
145 161 -1.068977305722695e-02
145 162 1.708965696030355e-05
145 217 -1.709302139421308e-05
145 218 9.466746917004457e-03
145 219 1.667404124422430e-02
145 220 2.552800450747008e-03
145 221 -1.301790673093658e-02
145 222 3.516086961442629e-03
145 223 7.456796970088204e-03
145 224 -9.892858960996953e-03
145 225 4.301521654480872e-03
146 154 -1.938614287778163e-01
146 155 8.216733652996328e-01
146 156 8.421220797288150e-01
146 157 8.472100426512387e-02
146 158 -1.500686725732940e-01
146 159 1.773915858549195e-02
146 160 8.006921488188753e-02
146 161 3.531457764737300e-02
146 162 -5.595618335309022e-05
146 217 5.596871053637475e-05
146 218 -3.075580596521750e-02
146 219 -5.350367303591444e-02
146 220 -8.084316013180928e-03
146 221 4.075221600345583e-02
146 222 -1.090786665131194e-02
146 223 -2.298363784337889e-02
146 224 3.036665407732235e-02
146 225 -1.317740310464597e-02
147 154 1.073315976272103e-01
147 155 -2.888275962935725e-01
147 156 3.350058980661417e-01
147 157 9.989050150191331e-01
147 158 5.798793834472792e-01
147 159 -4.619728649369586e-02
147 160 -1.808717595023315e-01
147 161 -7.482139085349018e-02
147 162 1.154990208370880e-04
147 217 -1.155338596756373e-04
147 218 6.209354315549889e-02
147 219 1.044248256883647e-01
147 220 1.524650300188074e-02
147 221 -7.467408580228500e-02
147 222 1.955698244580611e-02
147 223 4.058683714390219e-02
147 224 -5.311752720233272e-02
147 225 2.294526587804994e-02
148 154 -7.076973567865032e-02
148 155 1.738311063922703e-01
148 156 -1.523642479414699e-01
148 157 -9.636414324008440e-02
148 158 6.769836828056059e-01
148 159 9.915336948183734e-01
148 160 6.149181743789619e-01
148 161 1.895801827549052e-01
148 162 -2.662369847725961e-04
148 217 2.663879327045024e-04
148 218 -1.331889094121588e-01
148 219 -2.030137423104384e-01
148 220 -2.715118332449051e-02
148 221 1.244724005874631e-01
148 222 -3.113082607241054e-02
148 223 -6.267350218520709e-02
148 224 8.053474359210501e-02
148 225 -3.449079747461021e-02
149 154 4.935480306221989e-02
149 155 -1.171375535475376e-01
149 156 9.451407923598390e-02
149 157 5.007918356887619e-02
149 158 -2.237771384824102e-01
149 159 5.941431472920294e-02
149 160 6.450456938723828e-01
149 161 9.530008288133118e-01
149 162 9.999998747281572e-01
149 217 9.999998747281570e-01
149 218 9.530008288133118e-01
149 219 6.450456938723828e-01
149 220 5.941431472920293e-02
149 221 -2.237771384824102e-01
149 222 5.007918356887618e-02
149 223 9.451407923598391e-02
149 224 -1.171375535475376e-01
149 225 4.935480306222310e-02
150 154 -3.449079747460796e-02
150 155 8.053474359210501e-02
150 156 -6.267350218520708e-02
150 157 -3.113082607241055e-02
150 158 1.244724005874631e-01
150 159 -2.715118332449051e-02
150 160 -2.030137423104384e-01
150 161 -1.331889094121588e-01
150 162 2.663879327045024e-04
150 217 -2.662369847725961e-04
150 218 1.895801827549052e-01
150 219 6.149181743789619e-01
150 220 9.915336948183732e-01
150 221 6.769836828056059e-01
150 222 -9.636414324008437e-02
150 223 -1.523642479414699e-01
150 224 1.738311063922703e-01
150 225 -7.076973567865490e-02
151 154 2.294526587804845e-02
151 155 -5.311752720233272e-02
151 156 4.058683714390218e-02
151 157 1.955698244580612e-02
151 158 -7.467408580228500e-02
151 159 1.524650300188074e-02
151 160 1.044248256883647e-01
151 161 6.209354315549889e-02
151 162 -1.155338596756373e-04
151 217 1.154990208370880e-04
151 218 -7.482139085349018e-02
151 219 -1.808717595023315e-01
151 220 -4.619728649369585e-02
151 221 5.798793834472792e-01
151 222 9.989050150191328e-01
151 223 3.350058980661418e-01
151 224 -2.888275962935726e-01
151 225 1.073315976272172e-01
152 154 -1.317740310464511e-02
152 155 3.036665407732235e-02
152 156 -2.298363784337889e-02
152 157 -1.090786665131195e-02
152 158 4.075221600345583e-02
152 159 -8.084316013180930e-03
152 160 -5.350367303591444e-02
152 161 -3.075580596521750e-02
152 162 5.596871053637475e-05
152 217 -5.595618335309020e-05
152 218 3.531457764737300e-02
152 219 8.006921488188753e-02
152 220 1.773915858549194e-02
152 221 -1.500686725732940e-01
152 222 8.472100426512386e-02
152 223 8.421220797288153e-01
152 224 8.216733652996330e-01
152 225 -1.938614287778283e-01
153 154 4.301521654480593e-03
153 155 -9.892858960996953e-03
153 156 7.456796970088204e-03
153 157 3.516086961442631e-03
153 158 -1.301790673093658e-02
153 159 2.552800450747009e-03
153 160 1.667404124422430e-02
153 161 9.466746917004458e-03
153 162 -1.709302139421309e-05
153 217 1.708965696030355e-05
153 218 -1.068977305722695e-02
153 219 -2.374277521713683e-02
153 220 -5.053685754328705e-03
153 221 3.945012074512186e-02
153 222 -1.837543629657496e-02
153 223 -8.166430317487529e-02
153 224 3.625696666431094e-01
153 225 1.128366176813768e+00
289 298 1.129411500546783e+00
289 299 3.670587123461201e-01
289 300 -8.049160724422066e-02
289 301 -2.032779703371170e-02
289 302 3.979771743152474e-02
289 303 -3.653023273099711e-03
289 304 -2.390769583422665e-02
289 305 -1.192764283693711e-02
289 306 -1.348774781601020e-03
289 361 -1.404900490503608e-03
289 362 8.456008732827763e-03
289 363 1.672578661970228e-02
289 364 3.291630094558668e-03
289 365 -1.302036143571053e-02
289 366 3.171144008953351e-03
289 367 7.629997726553156e-03
289 368 -9.870537642513773e-03
289 369 4.263507388379954e-03
290 298 -1.954658507609630e-01
290 299 8.172051897065920e-01
290 300 8.485883218629854e-01
290 301 9.418268414471938e-02
290 302 -1.517806004204932e-01
290 303 1.284495107653856e-02
290 304 8.073455683811753e-02
290 305 3.944978508915478e-02
290 306 4.421028511261774e-03
290 361 4.605202828173333e-03
290 362 -2.749708002972562e-02
290 363 -5.370424636744739e-02
290 364 -1.042829283213484e-02
290 365 4.076937575409436e-02
290 366 -9.838954046684398e-03
290 367 -2.351877609164785e-02
290 368 3.029868819615777e-02
290 369 -1.306097437910803e-02
291 298 1.082520994427534e-01
291 299 -2.889831904537398e-01
291 300 3.248829650141342e-01
291 301 9.970774308689472e-01
291 302 5.961024869195357e-01
291 303 -3.367981223730949e-02
291 304 -1.831797001588225e-01
291 305 -8.387339051456240e-02
291 306 -9.153920411521604e-03
291 361 -9.536487527815695e-03
291 362 5.565587845590123e-02
291 363 1.049965395863452e-01
291 364 1.968737235177257e-02
291 365 -7.474799342411892e-02
291 366 1.764558218850786e-02
291 367 4.153712972513374e-02
291 368 -5.300084402367364e-02
291 369 2.274263328845920e-02
292 298 -7.138223443736652e-02
292 299 1.740834065912314e-01
292 300 -1.484845065565621e-01
292 301 -1.049235629513362e-01
292 302 6.609088867175748e-01
292 303 9.949463440350270e-01
292 304 6.382749766949395e-01
292 305 2.153988514319239e-01
292 306 2.132780628751803e-02
292 361 2.222904272397271e-02
292 362 -1.203321158231243e-01
292 363 -2.050845425549299e-01
292 364 -3.514679863874003e-02
292 365 1.247508637700272e-01
292 366 -2.810481414958137e-02
292 367 -6.415690610906817e-02
292 368 8.036418450606791e-02
292 369 -3.418648665710606e-02
293 298 4.978351309021629e-02
293 299 -1.173453856460458e-01
293 300 9.221850329094014e-02
293 301 5.474453575062184e-02
293 302 -2.222222222222228e-01
293 303 4.193559628619546e-02
293 304 6.214620396774785e-01
293 305 9.411301078682683e-01
293 306 9.992308119045483e-01
293 361 9.991659071164499e-01
293 362 9.637381299190202e-01
293 363 6.685317818820823e-01
293 364 7.756624663124043e-02
293 365 -2.250097461981360e-01
293 366 4.527085932434194e-02
293 367 9.680002677732751e-02
293 368 -1.169072266770420e-01
293 369 4.892010347784938e-02
294 298 -3.479092359412737e-02
294 299 8.068968438828859e-02
294 300 -6.118162989078893e-02
294 301 -3.407479357032996e-02
294 302 1.239997546686382e-01
294 303 -1.932067089943151e-02
294 304 -2.003414469256311e-01
294 305 -1.448427411451550e-01
294 306 -2.040102646753046e-02
294 361 -2.122406618320637e-02
294 362 1.638834942818603e-01
294 363 5.908729099917699e-01
294 364 9.872680225564834e-01
294 365 6.930142900106392e-01
294 366 -8.746827606549240e-02
294 367 -1.562414202367714e-01
294 368 1.735461889579598e-01
294 369 -7.014864448376788e-02
295 298 2.314511493126564e-02
295 299 -5.322385868251334e-02
295 300 3.963041032797544e-02
295 301 2.141880768979499e-02
295 302 -7.448107462312185e-02
295 303 1.087558270779069e-02
295 304 1.035174746041493e-01
295 305 6.804174656093491e-02
295 306 8.940094922500905e-03
295 361 9.304627513003601e-03
295 362 -6.553722357732708e-02
295 363 -1.779730806361798e-01
295 364 -5.836068874828155e-02
295 365 5.633270268658446e-01
295 366 1.000434281158169e+00
295 367 3.452595702976120e-01
295 368 -2.886220660439252e-01
295 369 1.063980508661014e-01
296 298 -1.329223336631326e-02
296 299 3.042868713306712e-02
296 300 -2.244483970189558e-02
296 301 -1.194967046758754e-02
296 302 4.066948930938213e-02
296 303 -5.772473560016138e-03
296 304 -5.312732759263693e-02
296 305 -3.378505081770145e-02
296 306 -4.344146984209207e-03
296 361 -4.521837380474279e-03
296 362 3.103952022230694e-02
296 363 7.913119828262956e-02
296 364 2.256106420246836e-02
296 365 -1.481216636084520e-01
296 366 7.530256232865287e-02
296 367 8.354799925575334e-01
296 368 8.261490472781704e-01
296 369 -1.922333967540069e-01
297 298 4.339014147751973e-03
297 299 -9.913245383000185e-03
297 300 7.282382897431923e-03
297 301 3.852365568882116e-03
297 302 -1.299443778081733e-02
297 303 1.823505864305507e-03
297 304 1.656712269663252e-02
297 305 1.040833436407402e-02
297 306 1.328127019033700e-03
297 361 1.382511400400586e-03
297 362 -9.406612181739328e-03
297 363 -2.349634680397212e-02
297 364 -6.438555617366873e-03
297 365 3.903820826581222e-02
297 366 -1.641238474686707e-02
297 367 -8.278961464667216e-02
297 368 3.580425654487990e-01
297 369 1.127305207253199e+00
424 433 1.128366176813768e+00
424 434 3.625696666431085e-01
424 435 -8.166430317487400e-02
424 436 -1.837543629657486e-02
424 437 3.945012074512169e-02
424 438 -5.053685754328676e-03
424 439 -2.374277521713667e-02
424 440 -1.068977305722689e-02
424 441 1.708965696038114e-05
424 496 -1.709302139429071e-05
424 497 9.466746917004422e-03
424 498 1.667404124422422e-02
424 499 2.552800450747012e-03
424 500 -1.301790673093651e-02
424 501 3.516086961442640e-03
424 502 7.456796970088108e-03
424 503 -9.892858960996934e-03
424 504 4.301521654480861e-03
425 433 -1.938614287778284e-01
425 434 8.216733652996353e-01
425 435 8.421220797288168e-01
425 436 8.472100426512397e-02
425 437 -1.500686725732943e-01
425 438 1.773915858549194e-02
425 439 8.006921488188742e-02
425 440 3.531457764737297e-02
425 441 -5.595618335334455e-05
425 496 5.596871053662921e-05
425 497 -3.075580596521753e-02
425 498 -5.350367303591444e-02
425 499 -8.084316013180978e-03
425 500 4.075221600345581e-02
425 501 -1.090786665131203e-02
425 502 -2.298363784337870e-02
425 503 3.036665407732244e-02
425 504 -1.317740310464600e-02
426 433 1.073315976272178e-01
426 434 -2.888275962935749e-01
426 435 3.350058980661375e-01
426 436 9.989050150191330e-01
426 437 5.798793834472801e-01
426 438 -4.619728649369584e-02
426 439 -1.808717595023313e-01
426 440 -7.482139085349018e-02
426 441 1.154990208376130e-04
426 496 -1.155338596761627e-04
426 497 6.209354315549898e-02
426 498 1.044248256883647e-01
426 499 1.524650300188085e-02
426 500 -7.467408580228503e-02
426 501 1.955698244580628e-02
426 502 4.058683714390189e-02
426 503 -5.311752720233293e-02
426 504 2.294526587805001e-02
427 433 -7.076973567865522e-02
427 434 1.738311063922715e-01
427 435 -1.523642479414679e-01
427 436 -9.636414324008426e-02
427 437 6.769836828056056e-01
427 438 9.915336948183731e-01
427 439 6.149181743789611e-01
427 440 1.895801827549052e-01
427 441 -2.662369847738062e-04
427 496 2.663879327057139e-04
427 497 -1.331889094121590e-01
427 498 -2.030137423104385e-01
427 499 -2.715118332449069e-02
427 500 1.244724005874631e-01
427 501 -3.113082607241080e-02
427 502 -6.267350218520659e-02
427 503 8.053474359210530e-02
427 504 -3.449079747461030e-02
428 433 4.935480306222335e-02
428 434 -1.171375535475385e-01
428 435 9.451407923598279e-02
428 436 5.007918356887617e-02
428 437 -2.237771384824105e-01
428 438 5.941431472920299e-02
428 439 6.450456938723831e-01
428 440 9.530008288133117e-01
428 441 9.999998747281574e-01
428 496 9.999998747281574e-01
428 497 9.530008288133117e-01
428 498 6.450456938723841e-01
428 499 5.941431472920335e-02
428 500 -2.237771384824102e-01
428 501 5.007918356887660e-02
428 502 9.451407923598319e-02
428 503 -1.171375535475381e-01
428 504 4.935480306222324e-02
429 433 -3.449079747461038e-02
429 434 8.053474359210559e-02
429 435 -6.267350218520634e-02
429 436 -3.113082607241053e-02
429 437 1.244724005874632e-01
429 438 -2.715118332449051e-02
429 439 -2.030137423104383e-01
429 440 -1.331889094121587e-01
429 441 2.663879327057138e-04
429 496 -2.662369847738061e-04
429 497 1.895801827549055e-01
429 498 6.149181743789606e-01
429 499 9.915336948183735e-01
429 500 6.769836828056059e-01
429 501 -9.636414324008512e-02
429 502 -1.523642479414687e-01
429 503 1.738311063922709e-01
429 504 -7.076973567865508e-02
430 433 2.294526587805006e-02
430 434 -5.311752720233311e-02
430 435 4.058683714390172e-02
430 436 1.955698244580611e-02
430 437 -7.467408580228511e-02
430 438 1.524650300188075e-02
430 439 1.044248256883646e-01
430 440 6.209354315549887e-02
430 441 -1.155338596761626e-04
430 496 1.154990208376130e-04
430 497 -7.482139085349032e-02
430 498 -1.808717595023314e-01
430 499 -4.619728649369615e-02
430 500 5.798793834472793e-01
430 501 9.989050150191330e-01
430 502 3.350058980661388e-01
430 503 -2.888275962935737e-01
430 504 1.073315976272175e-01
431 433 -1.317740310464603e-02
431 434 3.036665407732256e-02
431 435 -2.298363784337861e-02
431 436 -1.090786665131194e-02
431 437 4.075221600345587e-02
431 438 -8.084316013180930e-03
431 439 -5.350367303591438e-02
431 440 -3.075580596521748e-02
431 441 5.596871053662920e-05
431 496 -5.595618335334456e-05
431 497 3.531457764737304e-02
431 498 8.006921488188748e-02
431 499 1.773915858549206e-02
431 500 -1.500686725732940e-01
431 501 8.472100426512474e-02
431 502 8.421220797288166e-01
431 503 8.216733652996341e-01
431 504 -1.938614287778284e-01
432 433 4.301521654480883e-03
432 434 -9.892858960996996e-03
432 435 7.456796970088096e-03
432 436 3.516086961442619e-03
432 437 -1.301790673093656e-02
432 438 2.552800450747002e-03
432 439 1.667404124422425e-02
432 440 9.466746917004431e-03
432 441 -1.709302139429075e-05
432 496 1.708965696038119e-05
432 497 -1.068977305722694e-02
432 498 -2.374277521713675e-02
432 499 -5.053685754328722e-03
432 500 3.945012074512175e-02
432 501 -1.837543629657508e-02
432 502 -8.166430317487455e-02
432 503 3.625696666431089e-01
432 504 1.128366176813768e+00
568 577 1.128366176813769e+00
568 578 3.625696666431095e-01
568 579 -8.166430317487407e-02
568 580 -1.837543629657490e-02
568 581 3.945012074512180e-02
568 582 -5.053685754328689e-03
568 583 -2.374277521713672e-02
568 584 -1.068977305722693e-02
568 585 1.708965696038117e-05
568 640 -1.709302139429074e-05
568 641 9.466746917004458e-03
568 642 1.667404124422425e-02
568 643 2.552800450747001e-03
568 644 -1.301790673093654e-02
568 645 3.516086961442647e-03
568 646 7.456796970088121e-03
568 647 -9.892858960996958e-03
568 648 4.301521654480869e-03
569 577 -1.938614287778301e-01
569 578 8.216733652996335e-01
569 579 8.421220797288171e-01
569 580 8.472100426512411e-02
569 581 -1.500686725732945e-01
569 582 1.773915858549197e-02
569 583 8.006921488188755e-02
569 584 3.531457764737309e-02
569 585 -5.595618335334462e-05
569 640 5.596871053662928e-05
569 641 -3.075580596521764e-02
569 642 -5.350367303591452e-02
569 643 -8.084316013180940e-03
569 644 4.075221600345586e-02
569 645 -1.090786665131204e-02
569 646 -2.298363784337873e-02
569 647 3.036665407732250e-02
569 648 -1.317740310464602e-02
570 577 1.073315976272185e-01
570 578 -2.888275962935741e-01
570 579 3.350058980661369e-01
570 580 9.989050150191325e-01
570 581 5.798793834472800e-01
570 582 -4.619728649369584e-02
570 583 -1.808717595023313e-01
570 584 -7.482139085349031e-02
570 585 1.154990208376130e-04
570 640 -1.155338596761626e-04
570 641 6.209354315549909e-02
570 642 1.044248256883647e-01
570 643 1.524650300188075e-02
570 644 -7.467408580228503e-02
570 645 1.955698244580628e-02
570 646 4.058683714390188e-02
570 647 -5.311752720233295e-02
570 648 2.294526587805000e-02
571 577 -7.076973567865566e-02
571 578 1.738311063922710e-01
571 579 -1.523642479414676e-01
571 580 -9.636414324008419e-02
571 581 6.769836828056059e-01
571 582 9.915336948183734e-01
571 583 6.149181743789611e-01
571 584 1.895801827549056e-01
571 585 -2.662369847738062e-04
571 640 2.663879327057139e-04
571 641 -1.331889094121592e-01
571 642 -2.030137423104386e-01
571 643 -2.715118332449052e-02
571 644 1.244724005874631e-01
571 645 -3.113082607241079e-02
571 646 -6.267350218520659e-02
571 647 8.053474359210533e-02
571 648 -3.449079747461029e-02
572 577 4.935480306222367e-02
572 578 -1.171375535475382e-01
572 579 9.451407923598260e-02
572 580 5.007918356887616e-02
572 581 -2.237771384824107e-01
572 582 5.941431472920302e-02
572 583 6.450456938723832e-01
572 584 9.530008288133117e-01
572 585 9.999998747281574e-01
572 640 9.999998747281574e-01
572 641 9.530008288133121e-01
572 642 6.450456938723839e-01
572 643 5.941431472920299e-02
572 644 -2.237771384824102e-01
572 645 5.007918356887660e-02
572 646 9.451407923598319e-02
572 647 -1.171375535475381e-01
572 648 4.935480306222324e-02
573 577 -3.449079747461059e-02
573 578 8.053474359210537e-02
573 579 -6.267350218520619e-02
573 580 -3.113082607241052e-02
573 581 1.244724005874633e-01
573 582 -2.715118332449052e-02
573 583 -2.030137423104383e-01
573 584 -1.331889094121589e-01
573 585 2.663879327057137e-04
573 640 -2.662369847738061e-04
573 641 1.895801827549060e-01
573 642 6.149181743789610e-01
573 643 9.915336948183735e-01
573 644 6.769836828056058e-01
573 645 -9.636414324008510e-02
573 646 -1.523642479414686e-01
573 647 1.738311063922710e-01
573 648 -7.076973567865506e-02
574 577 2.294526587805020e-02
574 578 -5.311752720233297e-02
574 579 4.058683714390163e-02
574 580 1.955698244580611e-02
574 581 -7.467408580228516e-02
574 582 1.524650300188076e-02
574 583 1.044248256883646e-01
574 584 6.209354315549897e-02
574 585 -1.155338596761626e-04
574 640 1.154990208376130e-04
574 641 -7.482139085349050e-02
574 642 -1.808717595023315e-01
574 643 -4.619728649369589e-02
574 644 5.798793834472793e-01
574 645 9.989050150191330e-01
574 646 3.350058980661388e-01
574 647 -2.888275962935738e-01
574 648 1.073315976272175e-01
575 577 -1.317740310464612e-02
575 578 3.036665407732249e-02
575 579 -2.298363784337857e-02
575 580 -1.090786665131194e-02
575 581 4.075221600345590e-02
575 582 -8.084316013180933e-03
575 583 -5.350367303591440e-02
575 584 -3.075580596521754e-02
575 585 5.596871053662920e-05
575 640 -5.595618335334456e-05
575 641 3.531457764737313e-02
575 642 8.006921488188752e-02
575 643 1.773915858549195e-02
575 644 -1.500686725732940e-01
575 645 8.472100426512474e-02
575 646 8.421220797288166e-01
575 647 8.216733652996332e-01
575 648 -1.938614287778284e-01
576 577 4.301521654480910e-03
576 578 -9.892858960996972e-03
576 579 7.456796970088082e-03
576 580 3.516086961442619e-03
576 581 -1.301790673093657e-02
576 582 2.552800450747004e-03
576 583 1.667404124422425e-02
576 584 9.466746917004446e-03
576 585 -1.709302139429075e-05
576 640 1.708965696038119e-05
576 641 -1.068977305722696e-02
576 642 -2.374277521713676e-02
576 643 -5.053685754328694e-03
576 644 3.945012074512175e-02
576 645 -1.837543629657508e-02
576 646 -8.166430317487455e-02
576 647 3.625696666431099e-01
576 648 1.128366176813768e+00
703 712 1.128366176813768e+00
703 713 3.625696666431104e-01
703 714 -8.166430317487385e-02
703 715 -1.837543629657486e-02
703 716 3.945012074512166e-02
703 717 -5.053685754328682e-03
703 718 -2.374277521713673e-02
703 719 -1.068977305722691e-02
703 720 1.708965696038116e-05
703 775 -1.709302139429073e-05
703 776 9.466746917004418e-03
703 777 1.667404124422424e-02
703 778 2.552800450746999e-03
703 779 -1.301790673093653e-02
703 780 3.516086961442617e-03
703 781 7.456796970088174e-03
703 782 -9.892858960996915e-03
703 783 4.301521654480856e-03
704 712 -1.938614287778284e-01
704 713 8.216733652996333e-01
704 714 8.421220797288179e-01
704 715 8.472100426512393e-02
704 716 -1.500686725732941e-01
704 717 1.773915858549195e-02
704 718 8.006921488188760e-02
704 719 3.531457764737303e-02
704 720 -5.595618335334461e-05
704 775 5.596871053662927e-05
704 776 -3.075580596521752e-02
704 777 -5.350367303591450e-02
704 778 -8.084316013180937e-03
704 779 4.075221600345585e-02
704 780 -1.090786665131195e-02
704 781 -2.298363784337890e-02
704 782 3.036665407732237e-02
704 783 -1.317740310464598e-02
705 712 1.073315976272178e-01
705 713 -2.888275962935750e-01
705 714 3.350058980661361e-01
705 715 9.989050150191328e-01
705 716 5.798793834472796e-01
705 717 -4.619728649369591e-02
705 718 -1.808717595023318e-01
705 719 -7.482139085349031e-02
705 720 1.154990208376132e-04
705 775 -1.155338596761628e-04
705 776 6.209354315549899e-02
705 777 1.044248256883649e-01
705 778 1.524650300188077e-02
705 779 -7.467408580228516e-02
705 780 1.955698244580616e-02
705 781 4.058683714390226e-02
705 782 -5.311752720233282e-02
705 783 2.294526587804998e-02
706 712 -7.076973567865519e-02
706 713 1.738311063922715e-01
706 714 -1.523642479414673e-01
706 715 -9.636414324008422e-02
706 716 6.769836828056056e-01
706 717 9.915336948183731e-01
706 718 6.149181743789619e-01
706 719 1.895801827549052e-01
706 720 -2.662369847738061e-04
706 775 2.663879327057138e-04
706 776 -1.331889094121588e-01
706 777 -2.030137423104386e-01
706 778 -2.715118332449053e-02
706 779 1.244724005874631e-01
706 780 -3.113082607241056e-02
706 781 -6.267350218520711e-02
706 782 8.053474359210504e-02
706 783 -3.449079747461022e-02
707 712 4.935480306222328e-02
707 713 -1.171375535475385e-01
707 714 9.451407923598232e-02
707 715 5.007918356887609e-02
707 716 -2.237771384824100e-01
707 717 5.941431472920292e-02
707 718 6.450456938723828e-01
707 719 9.530008288133119e-01
707 720 9.999998747281572e-01
707 775 9.999998747281572e-01
707 776 9.530008288133119e-01
707 777 6.450456938723844e-01
707 778 5.941431472920296e-02
707 779 -2.237771384824103e-01
707 780 5.007918356887621e-02
707 781 9.451407923598393e-02
707 782 -1.171375535475377e-01
707 783 4.935480306222310e-02
708 712 -3.449079747461033e-02
708 713 8.053474359210555e-02
708 714 -6.267350218520604e-02
708 715 -3.113082607241048e-02
708 716 1.244724005874630e-01
708 717 -2.715118332449049e-02
708 718 -2.030137423104384e-01
708 719 -1.331889094121588e-01
708 720 2.663879327057138e-04
708 775 -2.662369847738061e-04
708 776 1.895801827549052e-01
708 777 6.149181743789601e-01
708 778 9.915336948183735e-01
708 779 6.769836828056061e-01
708 780 -9.636414324008441e-02
708 781 -1.523642479414699e-01
708 782 1.738311063922703e-01
708 783 -7.076973567865490e-02
709 712 2.294526587805002e-02
709 713 -5.311752720233307e-02
709 714 4.058683714390150e-02
709 715 1.955698244580607e-02
709 716 -7.467408580228493e-02
709 717 1.524650300188073e-02
709 718 1.044248256883646e-01
709 719 6.209354315549886e-02
709 720 -1.155338596761626e-04
709 775 1.154990208376130e-04
709 776 -7.482139085349016e-02
709 777 -1.808717595023313e-01
709 778 -4.619728649369586e-02
709 779 5.798793834472792e-01
709 780 9.989050150191330e-01
709 781 3.350058980661417e-01
709 782 -2.888275962935725e-01
709 783 1.073315976272172e-01
710 712 -1.317740310464602e-02
710 713 3.036665407732255e-02
710 714 -2.298363784337850e-02
710 715 -1.090786665131192e-02
710 716 4.075221600345579e-02
710 717 -8.084316013180923e-03
710 718 -5.350367303591442e-02
710 719 -3.075580596521749e-02
710 720 5.596871053662920e-05
710 775 -5.595618335334456e-05
710 776 3.531457764737298e-02
710 777 8.006921488188745e-02
710 778 1.773915858549195e-02
710 779 -1.500686725732940e-01
710 780 8.472100426512388e-02
710 781 8.421220797288150e-01
710 782 8.216733652996328e-01
710 783 -1.938614287778283e-01
711 712 4.301521654480888e-03
711 713 -9.892858960997019e-03
711 714 7.456796970088079e-03
711 715 3.516086961442622e-03
711 716 -1.301790673093657e-02
711 717 2.552800450747007e-03
711 718 1.667404124422430e-02
711 719 9.466746917004457e-03
711 720 -1.709302139429080e-05
711 775 1.708965696038123e-05
711 776 -1.068977305722695e-02
711 777 -2.374277521713681e-02
711 778 -5.053685754328706e-03
711 779 3.945012074512185e-02
711 780 -1.837543629657497e-02
711 781 -8.166430317487527e-02
711 782 3.625696666431093e-01
711 783 1.128366176813768e+00
847 856 1.128366176813768e+00
847 857 3.625696666431092e-01
847 858 -8.166430317487527e-02
847 859 -1.837543629657496e-02
847 860 3.945012074512184e-02
847 861 -5.053685754328704e-03
847 862 -2.374277521713683e-02
847 863 -1.068977305722695e-02
847 864 1.708965696030355e-05
847 919 -1.709302139421308e-05
847 920 9.466746917004457e-03
847 921 1.667404124422430e-02
847 922 2.552800450747008e-03
847 923 -1.301790673093658e-02
847 924 3.516086961442629e-03
847 925 7.456796970088204e-03
847 926 -9.892858960996953e-03
847 927 4.301521654480592e-03
848 856 -1.938614287778283e-01
848 857 8.216733652996328e-01
848 858 8.421220797288150e-01
848 859 8.472100426512387e-02
848 860 -1.500686725732940e-01
848 861 1.773915858549195e-02
848 862 8.006921488188753e-02
848 863 3.531457764737300e-02
848 864 -5.595618335309022e-05
848 919 5.596871053637475e-05
848 920 -3.075580596521750e-02
848 921 -5.350367303591444e-02
848 922 -8.084316013180928e-03
848 923 4.075221600345583e-02
848 924 -1.090786665131194e-02
848 925 -2.298363784337889e-02
848 926 3.036665407732235e-02
848 927 -1.317740310464511e-02
849 856 1.073315976272172e-01
849 857 -2.888275962935725e-01
849 858 3.350058980661417e-01
849 859 9.989050150191331e-01
849 860 5.798793834472792e-01
849 861 -4.619728649369586e-02
849 862 -1.808717595023315e-01
849 863 -7.482139085349018e-02
849 864 1.154990208370880e-04
849 919 -1.155338596756373e-04
849 920 6.209354315549889e-02
849 921 1.044248256883647e-01
849 922 1.524650300188074e-02
849 923 -7.467408580228500e-02
849 924 1.955698244580611e-02
849 925 4.058683714390219e-02
849 926 -5.311752720233272e-02
849 927 2.294526587804845e-02
850 856 -7.076973567865490e-02
850 857 1.738311063922703e-01
850 858 -1.523642479414699e-01
850 859 -9.636414324008440e-02
850 860 6.769836828056059e-01
850 861 9.915336948183734e-01
850 862 6.149181743789619e-01
850 863 1.895801827549052e-01
850 864 -2.662369847725961e-04
850 919 2.663879327045024e-04
850 920 -1.331889094121588e-01
850 921 -2.030137423104384e-01
850 922 -2.715118332449051e-02
850 923 1.244724005874631e-01
850 924 -3.113082607241054e-02
850 925 -6.267350218520709e-02
850 926 8.053474359210501e-02
850 927 -3.449079747460796e-02
851 856 4.935480306222310e-02
851 857 -1.171375535475376e-01
851 858 9.451407923598390e-02
851 859 5.007918356887619e-02
851 860 -2.237771384824102e-01
851 861 5.941431472920294e-02
851 862 6.450456938723828e-01
851 863 9.530008288133118e-01
851 864 9.999998747281572e-01
851 919 9.999998747281570e-01
851 920 9.530008288133118e-01
851 921 6.450456938723828e-01
851 922 5.941431472920293e-02
851 923 -2.237771384824102e-01
851 924 5.007918356887618e-02
851 925 9.451407923598391e-02
851 926 -1.171375535475376e-01
851 927 4.935480306221989e-02
852 856 -3.449079747461021e-02
852 857 8.053474359210501e-02
852 858 -6.267350218520708e-02
852 859 -3.113082607241055e-02
852 860 1.244724005874631e-01
852 861 -2.715118332449051e-02
852 862 -2.030137423104384e-01
852 863 -1.331889094121588e-01
852 864 2.663879327045024e-04
852 919 -2.662369847725961e-04
852 920 1.895801827549052e-01
852 921 6.149181743789619e-01
852 922 9.915336948183732e-01
852 923 6.769836828056059e-01
852 924 -9.636414324008437e-02
852 925 -1.523642479414699e-01
852 926 1.738311063922703e-01
852 927 -7.076973567865032e-02
853 856 2.294526587804994e-02
853 857 -5.311752720233272e-02
853 858 4.058683714390218e-02
853 859 1.955698244580612e-02
853 860 -7.467408580228500e-02
853 861 1.524650300188074e-02
853 862 1.044248256883647e-01
853 863 6.209354315549889e-02
853 864 -1.155338596756373e-04
853 919 1.154990208370880e-04
853 920 -7.482139085349018e-02
853 921 -1.808717595023315e-01
853 922 -4.619728649369585e-02
853 923 5.798793834472792e-01
853 924 9.989050150191328e-01
853 925 3.350058980661418e-01
853 926 -2.888275962935726e-01
853 927 1.073315976272103e-01
854 856 -1.317740310464597e-02
854 857 3.036665407732235e-02
854 858 -2.298363784337889e-02
854 859 -1.090786665131195e-02
854 860 4.075221600345583e-02
854 861 -8.084316013180930e-03
854 862 -5.350367303591444e-02
854 863 -3.075580596521750e-02
854 864 5.596871053637475e-05
854 919 -5.595618335309020e-05
854 920 3.531457764737300e-02
854 921 8.006921488188753e-02
854 922 1.773915858549194e-02
854 923 -1.500686725732940e-01
854 924 8.472100426512386e-02
854 925 8.421220797288153e-01
854 926 8.216733652996330e-01
854 927 -1.938614287778163e-01
855 856 4.301521654480873e-03
855 857 -9.892858960996953e-03
855 858 7.456796970088204e-03
855 859 3.516086961442631e-03
855 860 -1.301790673093658e-02
855 861 2.552800450747009e-03
855 862 1.667404124422430e-02
855 863 9.466746917004458e-03
855 864 -1.709302139421309e-05
855 919 1.708965696030355e-05
855 920 -1.068977305722695e-02
855 921 -2.374277521713683e-02
855 922 -5.053685754328705e-03
855 923 3.945012074512186e-02
855 924 -1.837543629657496e-02
855 925 -8.166430317487529e-02
855 926 3.625696666431094e-01
855 927 1.128366176813761e+00
982 991 1.128366176813760e+00
982 992 3.625696666431092e-01
982 993 -8.166430317487527e-02
982 994 -1.837543629657496e-02
982 995 3.945012074512184e-02
982 996 -5.053685754328704e-03
982 997 -2.374277521713683e-02
982 998 -1.068977305722695e-02
982 999 1.708965696030355e-05
982 1054 -1.709302139421308e-05
982 1055 9.466746917004457e-03
982 1056 1.667404124422430e-02
982 1057 2.552800450747008e-03
982 1058 -1.301790673093658e-02
982 1059 3.516086961442629e-03
982 1060 7.456796970088204e-03
982 1061 -9.892858960996953e-03
982 1062 4.301521654480592e-03
983 991 -1.938614287778163e-01
983 992 8.216733652996328e-01
983 993 8.421220797288150e-01
983 994 8.472100426512387e-02
983 995 -1.500686725732940e-01
983 996 1.773915858549195e-02
983 997 8.006921488188753e-02
983 998 3.531457764737300e-02
983 999 -5.595618335309022e-05
983 1054 5.596871053637475e-05
983 1055 -3.075580596521750e-02
983 1056 -5.350367303591444e-02
983 1057 -8.084316013180928e-03
983 1058 4.075221600345583e-02
983 1059 -1.090786665131194e-02
983 1060 -2.298363784337889e-02
983 1061 3.036665407732235e-02
983 1062 -1.317740310464511e-02
984 991 1.073315976272103e-01
984 992 -2.888275962935725e-01
984 993 3.350058980661417e-01
984 994 9.989050150191331e-01
984 995 5.798793834472792e-01
984 996 -4.619728649369586e-02
984 997 -1.808717595023315e-01
984 998 -7.482139085349018e-02
984 999 1.154990208370880e-04
984 1054 -1.155338596756373e-04
984 1055 6.209354315549889e-02
984 1056 1.044248256883647e-01
984 1057 1.524650300188074e-02
984 1058 -7.467408580228500e-02
984 1059 1.955698244580611e-02
984 1060 4.058683714390219e-02
984 1061 -5.311752720233272e-02
984 1062 2.294526587804845e-02
985 991 -7.076973567865032e-02
985 992 1.738311063922703e-01
985 993 -1.523642479414699e-01
985 994 -9.636414324008440e-02
985 995 6.769836828056059e-01
985 996 9.915336948183734e-01
985 997 6.149181743789619e-01
985 998 1.895801827549052e-01
985 999 -2.662369847725961e-04
985 1054 2.663879327045024e-04
985 1055 -1.331889094121588e-01
985 1056 -2.030137423104384e-01
985 1057 -2.715118332449051e-02
985 1058 1.244724005874631e-01
985 1059 -3.113082607241054e-02
985 1060 -6.267350218520709e-02
985 1061 8.053474359210501e-02
985 1062 -3.449079747460796e-02
986 991 4.935480306221989e-02
986 992 -1.171375535475376e-01
986 993 9.451407923598390e-02
986 994 5.007918356887619e-02
986 995 -2.237771384824102e-01
986 996 5.941431472920294e-02
986 997 6.450456938723828e-01
986 998 9.530008288133118e-01
986 999 9.999998747281572e-01
986 1054 9.999998747281570e-01
986 1055 9.530008288133118e-01
986 1056 6.450456938723828e-01
986 1057 5.941431472920293e-02
986 1058 -2.237771384824102e-01
986 1059 5.007918356887618e-02
986 1060 9.451407923598391e-02
986 1061 -1.171375535475376e-01
986 1062 4.935480306221989e-02
987 991 -3.449079747460796e-02
987 992 8.053474359210501e-02
987 993 -6.267350218520708e-02
987 994 -3.113082607241055e-02
987 995 1.244724005874631e-01
987 996 -2.715118332449051e-02
987 997 -2.030137423104384e-01
987 998 -1.331889094121588e-01
987 999 2.663879327045024e-04
987 1054 -2.662369847725961e-04
987 1055 1.895801827549052e-01
987 1056 6.149181743789619e-01
987 1057 9.915336948183732e-01
987 1058 6.769836828056059e-01
987 1059 -9.636414324008437e-02
987 1060 -1.523642479414699e-01
987 1061 1.738311063922703e-01
987 1062 -7.076973567865032e-02
988 991 2.294526587804845e-02
988 992 -5.311752720233272e-02
988 993 4.058683714390218e-02
988 994 1.955698244580612e-02
988 995 -7.467408580228500e-02
988 996 1.524650300188074e-02
988 997 1.044248256883647e-01
988 998 6.209354315549889e-02
988 999 -1.155338596756373e-04
988 1054 1.154990208370880e-04
988 1055 -7.482139085349018e-02
988 1056 -1.808717595023315e-01
988 1057 -4.619728649369585e-02
988 1058 5.798793834472792e-01
988 1059 9.989050150191328e-01
988 1060 3.350058980661418e-01
988 1061 -2.888275962935726e-01
988 1062 1.073315976272103e-01
989 991 -1.317740310464511e-02
989 992 3.036665407732235e-02
989 993 -2.298363784337889e-02
989 994 -1.090786665131195e-02
989 995 4.075221600345583e-02
989 996 -8.084316013180930e-03
989 997 -5.350367303591444e-02
989 998 -3.075580596521750e-02
989 999 5.596871053637475e-05
989 1054 -5.595618335309020e-05
989 1055 3.531457764737300e-02
989 1056 8.006921488188753e-02
989 1057 1.773915858549194e-02
989 1058 -1.500686725732940e-01
989 1059 8.472100426512386e-02
989 1060 8.421220797288153e-01
989 1061 8.216733652996330e-01
989 1062 -1.938614287778163e-01
990 991 4.301521654480593e-03
990 992 -9.892858960996953e-03
990 993 7.456796970088204e-03
990 994 3.516086961442631e-03
990 995 -1.301790673093658e-02
990 996 2.552800450747009e-03
990 997 1.667404124422430e-02
990 998 9.466746917004458e-03
990 999 -1.709302139421309e-05
990 1054 1.708965696030355e-05
990 1055 -1.068977305722695e-02
990 1056 -2.374277521713683e-02
990 1057 -5.053685754328705e-03
990 1058 3.945012074512186e-02
990 1059 -1.837543629657496e-02
990 1060 -8.166430317487529e-02
990 1061 3.625696666431094e-01
990 1062 1.128366176813761e+00
