
          Description               Sparse Column       Sparse Row
 Data Set    Dim     # entries     V1 MFLP V2 MFLP   V1 MFLP V2 MFLP   Max Err NRHS
 -------- --------- ------------   ------- -------   ------- -------   -------- ----
 DIE3D         9873      1733371     66.03   70.75     77.04   92.45   0.18E-09    1
 DIE3D         9873      1733371    100.49  111.83    133.34  133.34   0.69E-09    2
 DIE3D         9873      1733371    120.23  139.60    187.39  177.78   0.15E-08    3
 DIE3D         9873      1733371    135.29  159.39    231.12  243.28   0.22E-08    4
 DIE3D         9873      1733371    143.85  173.34    279.58  279.58   0.34E-08    5
 dday01       21180       923006     63.66   67.13     73.84   87.91   0.43E-09    1
 dday01       21180       923006     94.67  105.49    127.31  129.54   0.12E-08    2
 dday01       21180       923006    113.02  131.86    181.57  173.06   0.24E-08    3
 dday01       21180       923006    128.42  149.17    223.76  238.20   0.37E-08    4
 dday01       21180       923006    135.74  163.36    275.52  279.70   0.54E-08    5
 defrolln      6001       163533     59.47   65.41     72.68   81.77   0.49E-10    1
 defrolln      6001       163533     87.22  100.64    118.93  130.83   0.15E-09    2
 defrolln      6001       163533    109.02  122.65    163.53  163.53   0.26E-09    3
 defrolln      6001       163533    118.93  137.71    218.04  218.04   0.47E-09    4
 defrolln      6001       163533    125.79  155.75    251.59  251.59   0.64E-09    5
 FIDAP035     19716       218308     54.58   54.58     62.37   72.77   0.20E-09    1
 FIDAP035     19716       218308     72.77   79.38    102.73  102.73   0.56E-09    2
 FIDAP035     19716       218308     84.51   93.56    145.54  137.88   0.11E-08    3
 FIDAP035     19716       218308     97.03  105.85    166.33  166.33   0.16E-08    4
 FIDAP035     19716       218308     97.03  114.90    198.46  198.46   0.24E-08    5
