
          Description               Sparse Column       Sparse Row
 Data Set    Dim     # entries     V1 MFLP V2 MFLP   V1 MFLP V2 MFLP   Max Err NRHS
 -------- --------- ------------   ------- -------   ------- -------   -------- ----
 DIE3D         9873      1733371     10.05   11.37     10.95   12.02   0.00E+00    1
 DIE3D         9873      1733371     18.71   20.68     21.41   22.26   0.00E+00    2
 DIE3D         9873      1733371     23.70   25.59     31.16   30.17   0.00E+00    3
 DIE3D         9873      1733371     28.37   29.65     40.08   38.82   0.00E+00    4
 DIE3D         9873      1733371     30.77   31.86     48.58   44.36   0.00E+00    5
 dday01       21180       923006      9.65   10.98     10.73   11.75   0.00E+00    1
 dday01       21180       923006     17.90   20.00     20.90   21.88   0.00E+00    2
 dday01       21180       923006     22.92   25.00     30.15   29.49   0.00E+00    3
 dday01       21180       923006     27.17   29.22     38.48   38.92   0.00E+00    4
 dday01       21180       923006     30.30   31.90     46.87   44.00   0.00E+00    5
 defrolln      6001       163533      9.30   10.47     10.74   11.28   0.00E+00    1
 defrolln      6001       163533     16.97   19.45     19.81   20.44   0.00E+00    2
 defrolln      6001       163533     21.47   24.15     28.22   27.45   0.00E+00    3
 defrolln      6001       163533     25.44   27.79     36.66   35.09   0.00E+00    4
 defrolln      6001       163533     28.33   30.30     42.73   40.11   0.00E+00    5
 FIDAP035     19716       218308      8.21    9.16      9.61   10.59   0.00E+00    1
 FIDAP035     19716       218308     13.76   15.55     17.55   17.81   0.00E+00    2
 FIDAP035     19716       218308     17.24   18.52     23.80   23.53   0.00E+00    3
 FIDAP035     19716       218308     19.66   22.01     28.61   28.62   0.00E+00    4
 FIDAP035     19716       218308     21.57   23.09     33.84   32.27   0.00E+00    5
