
          Description               Sparse Column       Sparse Row
 Data Set    Dim     # entries     V1 MFLP V2 MFLP   V1 MFLP V2 MFLP   Max Err NRHS
 -------- --------- ------------   ------- -------   ------- -------   -------- ----
 DIE3D         9873      1733371     35.02   52.93     55.03   58.26   0.18E-09    1
 DIE3D         9873      1733371     53.33   78.79     66.35   67.64   0.69E-09    2
 DIE3D         9873      1733371     63.42   94.12     89.66   90.44   0.15E-08    3
 DIE3D         9873      1733371     70.39  103.48    109.62  109.19   0.22E-08    4
 DIE3D         9873      1733371     73.76  109.71    125.15  122.50   0.34E-08    5
 dday01       21180       923006     33.87   49.23     50.58   55.94   0.43E-09    1
 dday01       21180       923006     50.92   74.59     64.77   65.93   0.12E-08    2
 dday01       21180       923006     60.86   89.32     88.61   90.05   0.24E-08    3
 dday01       21180       923006     68.37   99.78    107.80  108.59   0.37E-08    4
 dday01       21180       923006     71.83  107.33    125.58  123.89   0.54E-08    5
 defrolln      6001       163533     31.15   43.61     46.72   50.32   0.49E-10    1
 defrolln      6001       163533     48.45   65.41     62.30   62.30   0.15E-09    2
 defrolln      6001       163533     56.07   78.50     85.32   85.32   0.26E-09    3
 defrolln      6001       163533     63.82   87.22    104.66  100.64   0.47E-09    4
 defrolln      6001       163533     66.75   93.45    116.81  116.81   0.64E-09    5
 FIDAP035     19716       218308     27.29   32.34     37.97   41.58   0.20E-09    1
 FIDAP035     19716       218308     40.62   48.51     54.58   54.58   0.56E-09    2
 FIDAP035     19716       218308     46.78   58.22     72.77   74.85   0.11E-08    3
 FIDAP035     19716       218308     52.13   63.51     85.19   89.56   0.16E-08    4
 FIDAP035     19716       218308     53.25   66.15    101.54   99.23   0.24E-08    5
