./tsploops.exe <in1

          Description               Sparse Column       Sparse Row
 Data Set    Dim     # entries     V1 MFLP V2 MFLP   V1 MFLP V2 MFLP   Max Err NRHS
 -------- --------- ------------   ------- -------   ------- -------   -------- ----
 DIE3D         9873      1733371    186.89  210.11    230.35  247.62   0.18E-09    1
 DIE3D         9873      1733371    216.33  282.42    420.21  418.94   0.69E-09    2
 DIE3D         9873      1733371    230.86  324.50    576.19  577.79   0.15E-08    3
 DIE3D         9873      1733371    228.83  346.24    691.62  693.35   0.22E-08    4
 DIE3D         9873      1733371    235.51  364.15    787.90  786.11   0.34E-08    5
 dday01       21180       923006    183.68  194.32    230.75  230.75   0.43E-09    1
 dday01       21180       923006    210.37  273.48    407.96  388.63   0.12E-08    2
 dday01       21180       923006    225.58  316.46    553.80  524.93   0.24E-08    3
 dday01       21180       923006    223.42  351.62    668.24  642.09   0.37E-08    4
 dday01       21180       923006    230.46  361.25    738.40  738.40   0.54E-08    5
 defrolln      6001       163533    218.04  163.53    218.04  218.04   0.49E-10    1
 defrolln      6001       163533    218.04  261.65    436.09  436.09   0.15E-09    2
 defrolln      6001       163533    245.30  280.34    490.60  654.13   0.26E-09    3
 defrolln      6001       163533    237.87  323.03    654.13  523.31   0.47E-09    4
 defrolln      6001       163533    233.62  327.07    654.13  654.13   0.64E-09    5
 FIDAP035     19716       218308    145.54  174.65    171.22  174.65   0.20E-09    1
 FIDAP035     19716       218308    194.05  249.49    349.29  291.08   0.56E-09    2
 FIDAP035     19716       218308    201.52  291.08    374.24  436.62   0.11E-08    3
 FIDAP035     19716       218308    204.26  317.54    498.99  436.62   0.16E-08    4
 FIDAP035     19716       218308    207.91  289.15    545.77  545.77   0.24E-08    5
