
          Description               Sparse Column       Sparse Row
 Data Set    Dim     # entries     V1 MFLP V2 MFLP   V1 MFLP V2 MFLP   Max Err NRHS
 -------- --------- ------------   ------- -------   ------- -------   -------- ----
 DIE3D         9873      1733371     15.01   27.41     15.83   32.25   0.00E+00    1
 DIE3D         9873      1733371     17.44   39.62     26.87   54.59   0.00E+00    2
 DIE3D         9873      1733371     18.25   45.62     35.62   70.04   0.00E+00    3
 DIE3D         9873      1733371     18.68   49.17     41.77   79.01   0.00E+00    4
 DIE3D         9873      1733371     18.84   51.28     45.68   80.62   0.00E+00    5
 dday01       21180       923006     14.83   27.76     15.98   32.39   0.00E+00    1
 dday01       21180       923006     17.84   41.48     28.62   57.24   0.00E+00    2
 dday01       21180       923006     19.06   50.35     38.59   80.85   0.00E+00    3
 dday01       21180       923006     19.64   56.15     46.29   97.16   0.00E+00    4
 dday01       21180       923006     20.15   60.33     52.15  108.59   0.00E+00    5
 defrolln      6001       163533     15.21   26.17     15.95   31.15   0.00E+00    1
 defrolln      6001       163533     17.68   39.64     27.26   54.51   0.00E+00    2
 defrolln      6001       163533     18.87   46.72     38.48   70.09   0.00E+00    3
 defrolln      6001       163533     19.53   51.30     44.35   90.23   0.00E+00    4
 defrolln      6001       163533     19.94   54.51     49.56   93.45   0.00E+00    5
 FIDAP035     19716       218308     13.64   24.26     15.06   24.95   0.00E+00    1
 FIDAP035     19716       218308     16.17   33.59     26.07   45.96   0.00E+00    2
 FIDAP035     19716       218308     17.23   40.30     34.02   62.37   0.00E+00    3
 FIDAP035     19716       218308     17.73   43.12     40.15   71.28   0.00E+00    4
 FIDAP035     19716       218308     18.19   45.01     44.55   75.28   0.00E+00    5
